0.0698132, 0.0698132, 0.130072
0.139626, 0.0698132, 0.190389
0.20944, 0.0698132, 0.250368
0.279253, 0.0698132, 0.309678
0.349066, 0.0698132, 0.367993
0.418879, 0.0698132, 0.424994
0.488692, 0.0698132, 0.48037
0.558505, 0.0698132, 0.533822
0.628319, 0.0698132, 0.58506
0.698132, 0.0698132, 0.633809
0.767945, 0.0698132, 0.679807
0.837758, 0.0698132, 0.722805
0.907571, 0.0698132, 0.762575
0.977384, 0.0698132, 0.7989
1.0472, 0.0698132, 0.831587
1.11701, 0.0698132, 0.860457
1.18682, 0.0698132, 0.885355
1.25664, 0.0698132, 0.906143
1.32645, 0.0698132, 0.922705
1.39626, 0.0698132, 0.934949
1.46608, 0.0698132, 0.942801
1.53589, 0.0698132, 0.946211
1.6057, 0.0698132, 0.945153
1.67552, 0.0698132, 0.93962
1.74533, 0.0698132, 0.92963
1.81514, 0.0698132, 0.915223
1.88496, 0.0698132, 0.89646
1.95477, 0.0698132, 0.873425
2.02458, 0.0698132, 0.846222
2.0944, 0.0698132, 0.814976
2.16421, 0.0698132, 0.779834
2.23402, 0.0698132, 0.740959
2.30383, 0.0698132, 0.698536
2.37365, 0.0698132, 0.652765
2.44346, 0.0698132, 0.603864
2.51327, 0.0698132, 0.552065
2.58309, 0.0698132, 0.497616
2.6529, 0.0698132, 0.440777
2.72271, 0.0698132, 0.381821
2.79253, 0.0698132, 0.32103
2.86234, 0.0698132, 0.258696
2.93215, 0.0698132, 0.195118
3.00197, 0.0698132, 0.130603
3.07178, 0.0698132, 0.0654587
0.0698132, 0.139626, 0.190389
0.139626, 0.139626, 0.241941
0.20944, 0.139626, 0.293493
0.279253, 0.139626, 0.344714
0.349066, 0.139626, 0.39528
0.418879, 0.139626, 0.444875
0.488692, 0.139626, 0.493193
0.558505, 0.139626, 0.539937
0.628319, 0.139626, 0.584824
0.698132, 0.139626, 0.627582
0.767945, 0.139626, 0.667953
0.837758, 0.139626, 0.705695
0.907571, 0.139626, 0.740582
0.977384, 0.139626, 0.772402
1.0472, 0.139626, 0.800964
1.11701, 0.139626, 0.826094
1.18682, 0.139626, 0.847635
1.25664, 0.139626, 0.865454
1.32645, 0.139626, 0.879434
1.39626, 0.139626, 0.889482
1.46608, 0.139626, 0.895521
1.53589, 0.139626, 0.897501
1.6057, 0.139626, 0.895389
1.67552, 0.139626, 0.889175
1.74533, 0.139626, 0.87887
1.81514, 0.139626, 0.864506
1.88496, 0.139626, 0.846136
1.95477, 0.139626, 0.823833
2.02458, 0.139626, 0.797691
2.0944, 0.139626, 0.767824
2.16421, 0.139626, 0.734362
2.23402, 0.139626, 0.697457
2.30383, 0.139626, 0.657275
2.37365, 0.139626, 0.614002
2.44346, 0.139626, 0.567837
2.51327, 0.139626, 0.518994
2.58309, 0.139626, 0.467702
2.6529, 0.139626, 0.4142
2.72271, 0.139626, 0.35874
2.79253, 0.139626, 0.301583
2.86234, 0.139626, 0.242998
2.93215, 0.139626, 0.183263
3.00197, 0.139626, 0.12266
3.07178, 0.139626, 0.0614756
0.0698132, 0.20944, 0.250368
0.139626, 0.20944, 0.293493
0.20944, 0.20944, 0.336949
0.279253, 0.20944, 0.380405
0.349066, 0.20944, 0.423538
0.418879, 0.20944, 0.466034
0.488692, 0.20944, 0.507589
0.558505, 0.20944, 0.547911
0.628319, 0.20944, 0.586717
0.698132, 0.20944, 0.623741
0.767945, 0.20944, 0.658729
0.837758, 0.20944, 0.691442
0.907571, 0.20944, 0.721655
0.977384, 0.20944, 0.749162
1.0472, 0.20944, 0.773774
1.11701, 0.20944, 0.795317
1.18682, 0.20944, 0.813639
1.25664, 0.20944, 0.828604
1.32645, 0.20944, 0.840097
1.39626, 0.20944, 0.848021
1.46608, 0.20944, 0.852302
1.53589, 0.20944, 0.852882
1.6057, 0.20944, 0.849727
1.67552, 0.20944, 0.842821
1.74533, 0.20944, 0.832168
1.81514, 0.20944, 0.817795
1.88496, 0.20944, 0.799744
1.95477, 0.20944, 0.778081
2.02458, 0.20944, 0.752887
2.0944, 0.20944, 0.724265
2.16421, 0.20944, 0.692334
2.23402, 0.20944, 0.65723
2.30383, 0.20944, 0.619107
2.37365, 0.20944, 0.578131
2.44346, 0.20944, 0.534488
2.51327, 0.20944, 0.488374
2.58309, 0.20944, 0.439998
2.6529, 0.20944, 0.389581
2.72271, 0.20944, 0.337356
2.79253, 0.20944, 0.283563
2.86234, 0.20944, 0.228451
2.93215, 0.20944, 0.172276
3.00197, 0.20944, 0.115299
3.07178, 0.20944, 0.0577839
0.0698132, 0.279253, 0.309678
0.139626, 0.279253, 0.344714
0.20944, 0.279253, 0.380405
0.279253, 0.279253, 0.416419
0.349066, 0.279253, 0.452433
0.418879, 0.279253, 0.488134
0.488692, 0.279253, 0.52322
0.558505, 0.279253, 0.557399
0.628319, 0.279253, 0.590393
0.698132, 0.279253, 0.621937
0.767945, 0.279253, 0.651781
0.837758, 0.279253, 0.679686
0.907571, 0.279253, 0.705434
0.977384, 0.279253, 0.728818
1.0472, 0.279253, 0.749652
1.11701, 0.279253, 0.767763
1.18682, 0.279253, 0.782999
1.25664, 0.279253, 0.795226
1.32645, 0.279253, 0.804327
1.39626, 0.279253, 0.810205
1.46608, 0.279253, 0.812782
1.53589, 0.279253, 0.811999
1.6057, 0.279253, 0.807816
1.67552, 0.279253, 0.800213
1.74533, 0.279253, 0.789188
1.81514, 0.279253, 0.77476
1.88496, 0.279253, 0.756965
1.95477, 0.279253, 0.735858
2.02458, 0.279253, 0.711511
2.0944, 0.279253, 0.684016
2.16421, 0.279253, 0.653479
2.23402, 0.279253, 0.620023
2.30383, 0.279253, 0.583789
2.37365, 0.279253, 0.544929
2.44346, 0.279253, 0.503611
2.51327, 0.279253, 0.460015
2.58309, 0.279253, 0.414334
2.6529, 0.279253, 0.366771
2.72271, 0.279253, 0.31754
2.79253, 0.279253, 0.266863
2.86234, 0.279253, 0.214968
2.93215, 0.279253, 0.162091
3.00197, 0.279253, 0.108474
3.07178, 0.279253, 0.0543614
0.0698132, 0.349066, 0.367993
0.139626, 0.349066, 0.39528
0.20944, 0.349066, 0.423538
0.279253, 0.349066, 0.452433
0.349066, 0.349066, 0.481641
0.418879, 0.349066, 0.51085
0.488692, 0.349066, 0.539756
0.558505, 0.349066, 0.568071
0.628319, 0.349066, 0.595518
0.698132, 0.349066, 0.621834
0.767945, 0.349066, 0.646769
0.837758, 0.349066, 0.67009
0.907571, 0.349066, 0.691576
0.977384, 0.349066, 0.711026
1.0472, 0.349066, 0.728251
1.11701, 0.349066, 0.743083
1.18682, 0.349066, 0.755369
1.25664, 0.349066, 0.764974
1.32645, 0.349066, 0.771781
1.39626, 0.349066, 0.77569
1.46608, 0.349066, 0.776623
1.53589, 0.349066, 0.774516
1.6057, 0.349066, 0.769325
1.67552, 0.349066, 0.761026
1.74533, 0.349066, 0.749612
1.81514, 0.349066, 0.735093
1.88496, 0.349066, 0.717499
1.95477, 0.349066, 0.696875
2.02458, 0.349066, 0.673285
2.0944, 0.349066, 0.646808
2.16421, 0.349066, 0.617542
2.23402, 0.349066, 0.585596
2.30383, 0.349066, 0.551097
2.37365, 0.349066, 0.514184
2.44346, 0.349066, 0.47501
2.51327, 0.349066, 0.433741
2.58309, 0.349066, 0.390552
2.6529, 0.349066, 0.34563
2.72271, 0.349066, 0.299171
2.79253, 0.349066, 0.251379
2.86234, 0.349066, 0.202465
2.93215, 0.349066, 0.152647
3.00197, 0.349066, 0.102146
3.07178, 0.349066, 0.0511875
0.0698132, 0.418879, 0.424994
0.139626, 0.418879, 0.444875
0.20944, 0.418879, 0.466034
0.279253, 0.418879, 0.488134
0.349066, 0.418879, 0.51085
0.418879, 0.418879, 0.533867
0.488692, 0.418879, 0.556884
0.558505, 0.418879, 0.579612
0.628319, 0.418879, 0.601775
0.698132, 0.418879, 0.623111
0.767945, 0.418879, 0.643373
0.837758, 0.418879, 0.662327
0.907571, 0.418879, 0.679755
0.977384, 0.418879, 0.695457
1.0472, 0.418879, 0.709245
1.11701, 0.418879, 0.72095
1.18682, 0.418879, 0.73042
1.25664, 0.418879, 0.73752
1.32645, 0.418879, 0.742131
1.39626, 0.418879, 0.744153
1.46608, 0.418879, 0.743503
1.53589, 0.418879, 0.740115
1.6057, 0.418879, 0.733943
1.67552, 0.418879, 0.724955
1.74533, 0.418879, 0.71314
1.81514, 0.418879, 0.698501
1.88496, 0.418879, 0.681061
1.95477, 0.418879, 0.660857
2.02458, 0.418879, 0.637944
2.0944, 0.418879, 0.612391
2.16421, 0.418879, 0.584284
2.23402, 0.418879, 0.553722
2.30383, 0.418879, 0.520818
2.37365, 0.418879, 0.4857
2.44346, 0.418879, 0.448506
2.51327, 0.418879, 0.409386
2.58309, 0.418879, 0.368503
2.6529, 0.418879, 0.326026
2.72271, 0.418879, 0.282135
2.79253, 0.418879, 0.237017
2.86234, 0.418879, 0.190868
2.93215, 0.418879, 0.143886
3.00197, 0.418879, 0.0962746
3.07178, 0.418879, 0.0482428
0.0698132, 0.488692, 0.48037
0.139626, 0.488692, 0.493193
0.20944, 0.488692, 0.507589
0.279253, 0.488692, 0.52322
0.349066, 0.488692, 0.539756
0.418879, 0.488692, 0.556884
0.488692, 0.488692, 0.574301
0.558505, 0.488692, 0.591717
0.628319, 0.488692, 0.608859
0.698132, 0.488692, 0.625463
0.767945, 0.488692, 0.641284
0.837758, 0.488692, 0.656089
0.907571, 0.488692, 0.669662
0.977384, 0.488692, 0.681801
1.0472, 0.488692, 0.69232
1.11701, 0.488692, 0.701052
1.18682, 0.488692, 0.707842
1.25664, 0.488692, 0.712554
1.32645, 0.488692, 0.71507
1.39626, 0.488692, 0.715288
1.46608, 0.488692, 0.71312
1.53589, 0.488692, 0.7085
1.6057, 0.488692, 0.701376
1.67552, 0.488692, 0.691712
1.74533, 0.488692, 0.679491
1.81514, 0.488692, 0.664711
1.88496, 0.488692, 0.647387
1.95477, 0.488692, 0.627549
2.02458, 0.488692, 0.605243
2.0944, 0.488692, 0.580528
2.16421, 0.488692, 0.553481
2.23402, 0.488692, 0.524189
2.30383, 0.488692, 0.492755
2.37365, 0.488692, 0.459292
2.44346, 0.488692, 0.423927
2.51327, 0.488692, 0.386796
2.58309, 0.488692, 0.348047
2.6529, 0.488692, 0.307835
2.72271, 0.488692, 0.266325
2.79253, 0.488692, 0.223688
2.86234, 0.488692, 0.180103
2.93215, 0.488692, 0.135753
3.00197, 0.488692, 0.0908243
3.07178, 0.488692, 0.0455092
0.0698132, 0.558505, 0.533822
0.139626, 0.558505, 0.539937
0.20944, 0.558505, 0.547911
0.279253, 0.558505, 0.557399
0.349066, 0.558505, 0.568071
0.418879, 0.558505, 0.579612
0.488692, 0.558505, 0.591717
0.558505, 0.558505, 0.604098
0.628319, 0.558505, 0.616479
0.698132, 0.558505, 0.628599
0.767945, 0.558505, 0.640211
0.837758, 0.558505, 0.651085
0.907571, 0.558505, 0.661002
0.977384, 0.558505, 0.669764
1.0472, 0.558505, 0.677185
1.11701, 0.558505, 0.683094
1.18682, 0.558505, 0.68734
1.25664, 0.558505, 0.689785
1.32645, 0.558505, 0.690309
1.39626, 0.558505, 0.688807
1.46608, 0.558505, 0.685191
1.53589, 0.558505, 0.679389
1.6057, 0.558505, 0.671347
1.67552, 0.558505, 0.661026
1.74533, 0.558505, 0.648401
1.81514, 0.558505, 0.633466
1.88496, 0.558505, 0.616228
1.95477, 0.558505, 0.59671
2.02458, 0.558505, 0.57495
2.0944, 0.558505, 0.550999
2.16421, 0.558505, 0.524922
2.23402, 0.558505, 0.496799
2.30383, 0.558505, 0.466719
2.37365, 0.558505, 0.434786
2.44346, 0.558505, 0.401113
2.51327, 0.558505, 0.365824
2.58309, 0.558505, 0.329053
2.6529, 0.558505, 0.290942
2.72271, 0.558505, 0.251641
2.79253, 0.558505, 0.211307
2.86234, 0.558505, 0.170103
2.93215, 0.558505, 0.128197
3.00197, 0.558505, 0.085761
3.07178, 0.558505, 0.0429695
0.0698132, 0.628319, 0.58506
0.139626, 0.628319, 0.584824
0.20944, 0.628319, 0.586717
0.279253, 0.628319, 0.590393
0.349066, 0.628319, 0.595518
0.418879, 0.628319, 0.601775
0.488692, 0.628319, 0.608859
0.558505, 0.628319, 0.616479
0.628319, 0.628319, 0.624361
0.698132, 0.628319, 0.632242
0.767945, 0.628319, 0.639877
0.837758, 0.628319, 0.647035
0.907571, 0.628319, 0.653499
0.977384, 0.628319, 0.659069
1.0472, 0.628319, 0.663559
1.11701, 0.628319, 0.666801
1.18682, 0.628319, 0.66864
1.25664, 0.628319, 0.668938
1.32645, 0.628319, 0.667573
1.39626, 0.628319, 0.664439
1.46608, 0.628319, 0.659446
1.53589, 0.628319, 0.652519
1.6057, 0.628319, 0.643599
1.67552, 0.628319, 0.632642
1.74533, 0.628319, 0.619621
1.81514, 0.628319, 0.604523
1.88496, 0.628319, 0.587348
1.95477, 0.628319, 0.568113
2.02458, 0.628319, 0.546847
2.0944, 0.628319, 0.523594
2.16421, 0.628319, 0.49841
2.23402, 0.628319, 0.471365
2.30383, 0.628319, 0.442537
2.37365, 0.628319, 0.41202
2.44346, 0.628319, 0.379915
2.51327, 0.628319, 0.346335
2.58309, 0.628319, 0.3114
2.6529, 0.628319, 0.27524
2.72271, 0.628319, 0.237991
2.79253, 0.628319, 0.199797
2.86234, 0.628319, 0.160806
2.93215, 0.628319, 0.121172
3.00197, 0.628319, 0.0810527
3.07178, 0.628319, 0.0406079
0.0698132, 0.698132, 0.633809
0.139626, 0.698132, 0.627582
0.20944, 0.698132, 0.623741
0.279253, 0.698132, 0.621937
0.349066, 0.698132, 0.621834
0.418879, 0.698132, 0.623111
0.488692, 0.698132, 0.625463
0.558505, 0.698132, 0.628599
0.628319, 0.698132, 0.632242
0.698132, 0.698132, 0.636131
0.767945, 0.698132, 0.640021
0.837758, 0.698132, 0.643679
0.907571, 0.698132, 0.64689
0.977384, 0.698132, 0.649453
1.0472, 0.698132, 0.651183
1.11701, 0.698132, 0.65191
1.18682, 0.698132, 0.65148
1.25664, 0.698132, 0.649753
1.32645, 0.698132, 0.646606
1.39626, 0.698132, 0.641931
1.46608, 0.698132, 0.635635
1.53589, 0.698132, 0.627641
1.6057, 0.698132, 0.617887
1.67552, 0.698132, 0.606324
1.74533, 0.698132, 0.59292
1.81514, 0.698132, 0.577656
1.88496, 0.698132, 0.560528
1.95477, 0.698132, 0.541546
2.02458, 0.698132, 0.520731
2.0944, 0.698132, 0.49812
2.16421, 0.698132, 0.473761
2.23402, 0.698132, 0.447712
2.30383, 0.698132, 0.420045
2.37365, 0.698132, 0.390842
2.44346, 0.698132, 0.360193
2.51327, 0.698132, 0.3282
2.58309, 0.698132, 0.294972
2.6529, 0.698132, 0.260626
2.72271, 0.698132, 0.225286
2.79253, 0.698132, 0.189083
2.86234, 0.698132, 0.152151
2.93215, 0.698132, 0.114633
3.00197, 0.698132, 0.0766698
3.07178, 0.698132, 0.0384095
0.0698132, 0.767945, 0.679807
0.139626, 0.767945, 0.667953
0.20944, 0.767945, 0.658729
0.279253, 0.767945, 0.651781
0.349066, 0.767945, 0.646769
0.418879, 0.767945, 0.643373
0.488692, 0.767945, 0.641284
0.558505, 0.767945, 0.640211
0.628319, 0.767945, 0.639877
0.698132, 0.767945, 0.640021
0.767945, 0.767945, 0.640395
0.837758, 0.767945, 0.64077
0.907571, 0.767945, 0.640928
0.977384, 0.767945, 0.64067
1.0472, 0.767945, 0.63981
1.11701, 0.767945, 0.638177
1.18682, 0.767945, 0.635616
1.25664, 0.767945, 0.631988
1.32645, 0.767945, 0.627167
1.39626, 0.767945, 0.621044
1.46608, 0.767945, 0.613523
1.53589, 0.767945, 0.604525
1.6057, 0.767945, 0.593983
1.67552, 0.767945, 0.581846
1.74533, 0.767945, 0.568077
1.81514, 0.767945, 0.552653
1.88496, 0.767945, 0.535563
1.95477, 0.767945, 0.516811
2.02458, 0.767945, 0.496412
2.0944, 0.767945, 0.474395
2.16421, 0.767945, 0.4508
2.23402, 0.767945, 0.425678
2.30383, 0.767945, 0.39909
2.37365, 0.767945, 0.371108
2.44346, 0.767945, 0.341815
2.51327, 0.767945, 0.3113
2.58309, 0.767945, 0.279661
2.6529, 0.767945, 0.247006
2.72271, 0.767945, 0.213444
2.79253, 0.767945, 0.179096
2.86234, 0.767945, 0.144085
2.93215, 0.767945, 0.108537
3.00197, 0.767945, 0.0725844
3.07178, 0.767945, 0.0363603
0.0698132, 0.837758, 0.722805
0.139626, 0.837758, 0.705695
0.20944, 0.837758, 0.691442
0.279253, 0.837758, 0.679686
0.349066, 0.837758, 0.67009
0.418879, 0.837758, 0.662327
0.488692, 0.837758, 0.656089
0.558505, 0.837758, 0.651085
0.628319, 0.837758, 0.647035
0.698132, 0.837758, 0.643679
0.767945, 0.837758, 0.64077
0.837758, 0.837758, 0.638077
0.907571, 0.837758, 0.635383
0.977384, 0.837758, 0.632489
1.0472, 0.837758, 0.629209
1.11701, 0.837758, 0.625371
1.18682, 0.837758, 0.62082
1.25664, 0.837758, 0.615416
1.32645, 0.837758, 0.609031
1.39626, 0.837758, 0.601554
1.46608, 0.837758, 0.592888
1.53589, 0.837758, 0.582951
1.6057, 0.837758, 0.571673
1.67552, 0.837758, 0.559
1.74533, 0.837758, 0.54489
1.81514, 0.837758, 0.529315
1.88496, 0.837758, 0.51226
1.95477, 0.837758, 0.493723
2.02458, 0.837758, 0.473712
2.0944, 0.837758, 0.452249
2.16421, 0.837758, 0.429367
2.23402, 0.837758, 0.405108
2.30383, 0.837758, 0.379527
2.37365, 0.837758, 0.352687
2.44346, 0.837758, 0.324659
2.51327, 0.837758, 0.295523
2.58309, 0.837758, 0.265369
2.6529, 0.837758, 0.23429
2.72271, 0.837758, 0.20239
2.79253, 0.837758, 0.169774
2.86234, 0.837758, 0.136554
2.93215, 0.837758, 0.102847
3.00197, 0.837758, 0.0687704
3.07178, 0.837758, 0.0344472
0.0698132, 0.907571, 0.762575
0.139626, 0.907571, 0.740582
0.20944, 0.907571, 0.721655
0.279253, 0.907571, 0.705434
0.349066, 0.907571, 0.691576
0.418879, 0.907571, 0.679755
0.488692, 0.907571, 0.669662
0.558505, 0.907571, 0.661002
0.628319, 0.907571, 0.653499
0.698132, 0.907571, 0.64689
0.767945, 0.907571, 0.640928
0.837758, 0.907571, 0.635383
0.907571, 0.907571, 0.630039
0.977384, 0.907571, 0.624695
1.0472, 0.907571, 0.619165
1.11701, 0.907571, 0.613278
1.18682, 0.907571, 0.606878
1.25664, 0.907571, 0.599823
1.32645, 0.907571, 0.591986
1.39626, 0.907571, 0.583253
1.46608, 0.907571, 0.573525
1.53589, 0.907571, 0.562718
1.6057, 0.907571, 0.55076
1.67552, 0.907571, 0.537591
1.74533, 0.907571, 0.523168
1.81514, 0.907571, 0.507458
1.88496, 0.907571, 0.49044
1.95477, 0.907571, 0.472107
2.02458, 0.907571, 0.452463
2.0944, 0.907571, 0.431522
2.16421, 0.907571, 0.409309
2.23402, 0.907571, 0.385862
2.30383, 0.907571, 0.361225
2.37365, 0.907571, 0.335453
2.44346, 0.907571, 0.308609
2.51327, 0.907571, 0.280765
2.58309, 0.907571, 0.252
2.6529, 0.907571, 0.222398
2.72271, 0.907571, 0.19205
2.79253, 0.907571, 0.161055
2.86234, 0.907571, 0.129511
2.93215, 0.907571, 0.0975246
3.00197, 0.907571, 0.0652036
3.07178, 0.907571, 0.0326581
0.0698132, 0.977384, 0.7989
0.139626, 0.977384, 0.772402
0.20944, 0.977384, 0.749162
0.279253, 0.977384, 0.728818
0.349066, 0.977384, 0.711026
0.418879, 0.977384, 0.695457
0.488692, 0.977384, 0.681801
0.558505, 0.977384, 0.669764
0.628319, 0.977384, 0.659069
0.698132, 0.977384, 0.649453
0.767945, 0.977384, 0.64067
0.837758, 0.977384, 0.632489
0.907571, 0.977384, 0.624695
0.977384, 0.977384, 0.617087
1.0472, 0.977384, 0.609478
1.11701, 0.977384, 0.601699
1.18682, 0.977384, 0.593591
1.25664, 0.977384, 0.585013
1.32645, 0.977384, 0.575836
1.39626, 0.977384, 0.565946
1.46608, 0.977384, 0.555242
1.53589, 0.977384, 0.543637
1.6057, 0.977384, 0.531055
1.67552, 0.977384, 0.517437
1.74533, 0.977384, 0.502733
1.81514, 0.977384, 0.486908
1.88496, 0.977384, 0.469935
1.95477, 0.977384, 0.451803
2.02458, 0.977384, 0.432511
2.0944, 0.977384, 0.412065
2.16421, 0.977384, 0.390487
2.23402, 0.977384, 0.367805
2.30383, 0.977384, 0.344057
2.37365, 0.977384, 0.319291
2.44346, 0.977384, 0.29356
2.51327, 0.977384, 0.266929
2.58309, 0.977384, 0.239467
2.6529, 0.977384, 0.21125
2.72271, 0.977384, 0.18236
2.79253, 0.977384, 0.152883
2.86234, 0.977384, 0.122911
2.93215, 0.977384, 0.0925375
3.00197, 0.977384, 0.0618612
3.07178, 0.977384, 0.0309816
0.0698132, 1.0472, 0.831587
0.139626, 1.0472, 0.800964
0.20944, 1.0472, 0.773774
0.279253, 1.0472, 0.749652
0.349066, 1.0472, 0.728251
0.418879, 1.0472, 0.709245
0.488692, 1.0472, 0.69232
0.558505, 1.0472, 0.677185
0.628319, 1.0472, 0.663559
0.698132, 1.0472, 0.651183
0.767945, 1.0472, 0.63981
0.837758, 1.0472, 0.629209
0.907571, 1.0472, 0.619165
0.977384, 1.0472, 0.609478
1.0472, 1.0472, 0.599963
1.11701, 1.0472, 0.590447
1.18682, 1.0472, 0.580774
1.25664, 1.0472, 0.570802
1.32645, 1.0472, 0.5604
1.39626, 1.0472, 0.549454
1.46608, 1.0472, 0.53786
1.53589, 1.0472, 0.52553
1.6057, 1.0472, 0.512388
1.67552, 1.0472, 0.498369
1.74533, 1.0472, 0.48342
1.81514, 1.0472, 0.467504
1.88496, 1.0472, 0.45059
1.95477, 1.0472, 0.432661
2.02458, 1.0472, 0.41371
2.0944, 1.0472, 0.393742
2.16421, 1.0472, 0.372769
2.23402, 1.0472, 0.350814
2.30383, 1.0472, 0.327908
2.37365, 1.0472, 0.304092
2.44346, 1.0472, 0.279412
2.51327, 1.0472, 0.253924
2.58309, 1.0472, 0.22769
2.6529, 1.0472, 0.200776
2.72271, 1.0472, 0.173256
2.79253, 1.0472, 0.145207
2.86234, 1.0472, 0.116711
2.93215, 1.0472, 0.0878534
3.00197, 1.0472, 0.0587221
3.07178, 1.0472, 0.0294071
0.0698132, 1.11701, 0.860457
0.139626, 1.11701, 0.826094
0.20944, 1.11701, 0.795317
0.279253, 1.11701, 0.767763
0.349066, 1.11701, 0.743083
0.418879, 1.11701, 0.72095
0.488692, 1.11701, 0.701052
0.558505, 1.11701, 0.683094
0.628319, 1.11701, 0.666801
0.698132, 1.11701, 0.65191
0.767945, 1.11701, 0.638177
0.837758, 1.11701, 0.625371
0.907571, 1.11701, 0.613278
0.977384, 1.11701, 0.601699
1.0472, 1.11701, 0.590447
1.11701, 1.11701, 0.579352
1.18682, 1.11701, 0.568258
1.25664, 1.11701, 0.557019
1.32645, 1.11701, 0.545508
1.39626, 1.11701, 0.533608
1.46608, 1.11701, 0.521214
1.53589, 1.11701, 0.508237
1.6057, 1.11701, 0.494597
1.67552, 1.11701, 0.480228
1.74533, 1.11701, 0.465076
1.81514, 1.11701, 0.449097
1.88496, 1.11701, 0.432259
1.95477, 1.11701, 0.41454
2.02458, 1.11701, 0.395928
2.0944, 1.11701, 0.376423
2.16421, 1.11701, 0.356033
2.23402, 1.11701, 0.334773
2.30383, 1.11701, 0.31267
2.37365, 1.11701, 0.289756
2.44346, 1.11701, 0.266072
2.51327, 1.11701, 0.241666
2.58309, 1.11701, 0.216592
2.6529, 1.11701, 0.190908
2.72271, 1.11701, 0.16468
2.79253, 1.11701, 0.137978
2.86234, 1.11701, 0.110873
2.93215, 1.11701, 0.0834431
3.00197, 1.11701, 0.0557666
3.07178, 1.11701, 0.0279248
0.0698132, 1.18682, 0.885355
0.139626, 1.18682, 0.847635
0.20944, 1.18682, 0.813639
0.279253, 1.18682, 0.782999
0.349066, 1.18682, 0.755369
0.418879, 1.18682, 0.73042
0.488692, 1.18682, 0.707842
0.558505, 1.18682, 0.68734
0.628319, 1.18682, 0.66864
0.698132, 1.18682, 0.65148
0.767945, 1.18682, 0.635616
0.837758, 1.18682, 0.62082
0.907571, 1.18682, 0.606878
0.977384, 1.18682, 0.593591
1.0472, 1.18682, 0.580774
1.11701, 1.18682, 0.568258
1.18682, 1.18682, 0.555884
1.25664, 1.18682, 0.54351
1.32645, 1.18682, 0.531006
1.39626, 1.18682, 0.518255
1.46608, 1.18682, 0.505153
1.53589, 1.18682, 0.491606
1.6057, 1.18682, 0.477535
1.67552, 1.18682, 0.462872
1.74533, 1.18682, 0.447559
1.81514, 1.18682, 0.431549
1.88496, 1.18682, 0.414808
1.95477, 1.18682, 0.39731
2.02458, 1.18682, 0.37904
2.0944, 1.18682, 0.35999
2.16421, 1.18682, 0.340165
2.23402, 1.18682, 0.319576
2.30383, 1.18682, 0.298242
2.37365, 1.18682, 0.27619
2.44346, 1.18682, 0.253454
2.51327, 1.18682, 0.230076
2.58309, 1.18682, 0.206102
2.6529, 1.18682, 0.181584
2.72271, 1.18682, 0.15658
2.79253, 1.18682, 0.13115
2.86234, 1.18682, 0.105361
2.93215, 1.18682, 0.0792791
3.00197, 1.18682, 0.0529765
3.07178, 1.18682, 0.0265255
0.0698132, 1.25664, 0.906143
0.139626, 1.25664, 0.865454
0.20944, 1.25664, 0.828604
0.279253, 1.25664, 0.795226
0.349066, 1.25664, 0.764974
0.418879, 1.25664, 0.73752
0.488692, 1.25664, 0.712554
0.558505, 1.25664, 0.689785
0.628319, 1.25664, 0.668938
0.698132, 1.25664, 0.649753
0.767945, 1.25664, 0.631988
0.837758, 1.25664, 0.615416
0.907571, 1.25664, 0.599823
0.977384, 1.25664, 0.585013
1.0472, 1.25664, 0.570802
1.11701, 1.25664, 0.557019
1.18682, 1.25664, 0.54351
1.25664, 1.25664, 0.530131
1.32645, 1.25664, 0.516751
1.39626, 1.25664, 0.503254
1.46608, 1.25664, 0.489534
1.53589, 1.25664, 0.475499
1.6057, 1.25664, 0.461066
1.67552, 1.25664, 0.446165
1.74533, 1.25664, 0.430737
1.81514, 1.25664, 0.414734
1.88496, 1.25664, 0.398115
1.95477, 1.25664, 0.380854
2.02458, 1.25664, 0.36293
2.0944, 1.25664, 0.344333
2.16421, 1.25664, 0.325062
2.23402, 1.25664, 0.305124
2.30383, 1.25664, 0.284531
2.37365, 1.25664, 0.263307
2.44346, 1.25664, 0.241479
2.51327, 1.25664, 0.219082
2.58309, 1.25664, 0.196157
2.6529, 1.25664, 0.172747
2.72271, 1.25664, 0.148905
2.79253, 1.25664, 0.124683
2.86234, 1.25664, 0.10014
2.93215, 1.25664, 0.0753362
3.00197, 1.25664, 0.0503348
3.07178, 1.25664, 0.0252007
0.0698132, 1.32645, 0.922705
0.139626, 1.32645, 0.879434
0.20944, 1.32645, 0.840097
0.279253, 1.32645, 0.804327
0.349066, 1.32645, 0.771781
0.418879, 1.32645, 0.742131
0.488692, 1.32645, 0.71507
0.558505, 1.32645, 0.690309
0.628319, 1.32645, 0.667573
0.698132, 1.32645, 0.646606
0.767945, 1.32645, 0.627167
0.837758, 1.32645, 0.609031
0.907571, 1.32645, 0.591986
0.977384, 1.32645, 0.575836
1.0472, 1.32645, 0.5604
1.11701, 1.32645, 0.545508
1.18682, 1.32645, 0.531006
1.25664, 1.32645, 0.516751
1.32645, 1.32645, 0.502613
1.39626, 1.32645, 0.488475
1.46608, 1.32645, 0.474232
1.53589, 1.32645, 0.459789
1.6057, 1.32645, 0.445064
1.67552, 1.32645, 0.429986
1.74533, 1.32645, 0.414492
1.81514, 1.32645, 0.398532
1.88496, 1.32645, 0.382065
1.95477, 1.32645, 0.36506
2.02458, 1.32645, 0.347492
2.0944, 1.32645, 0.32935
2.16421, 1.32645, 0.310627
2.23402, 1.32645, 0.291325
2.30383, 1.32645, 0.271453
2.37365, 1.32645, 0.251028
2.44346, 1.32645, 0.230074
2.51327, 1.32645, 0.208617
2.58309, 1.32645, 0.186694
2.6529, 1.32645, 0.164344
2.72271, 1.32645, 0.141609
2.79253, 1.32645, 0.118537
2.86234, 1.32645, 0.0951799
2.93215, 1.32645, 0.0715909
3.00197, 1.32645, 0.0478259
3.07178, 1.32645, 0.0239426
0.0698132, 1.39626, 0.934949
0.139626, 1.39626, 0.889482
0.20944, 1.39626, 0.848021
0.279253, 1.39626, 0.810205
0.349066, 1.39626, 0.77569
0.418879, 1.39626, 0.744153
0.488692, 1.39626, 0.715288
0.558505, 1.39626, 0.688807
0.628319, 1.39626, 0.664439
0.698132, 1.39626, 0.641931
0.767945, 1.39626, 0.621044
0.837758, 1.39626, 0.601554
0.907571, 1.39626, 0.583253
0.977384, 1.39626, 0.565946
1.0472, 1.39626, 0.549454
1.11701, 1.39626, 0.533608
1.18682, 1.39626, 0.518255
1.25664, 1.39626, 0.503254
1.32645, 1.39626, 0.488475
1.39626, 1.39626, 0.473802
1.46608, 1.39626, 0.459129
1.53589, 1.39626, 0.444362
1.6057, 1.39626, 0.429416
1.67552, 1.39626, 0.414221
1.74533, 1.39626, 0.398712
1.81514, 1.39626, 0.382838
1.88496, 1.39626, 0.366554
1.95477, 1.39626, 0.349827
2.02458, 1.39626, 0.33263
2.0944, 1.39626, 0.314948
2.16421, 1.39626, 0.29677
2.23402, 1.39626, 0.278095
2.30383, 1.39626, 0.258927
2.37365, 1.39626, 0.239279
2.44346, 1.39626, 0.219169
2.51327, 1.39626, 0.198619
2.58309, 1.39626, 0.17766
2.6529, 1.39626, 0.156324
2.72271, 1.39626, 0.134649
2.79253, 1.39626, 0.112677
2.86234, 1.39626, 0.0904518
2.93215, 1.39626, 0.0680214
3.00197, 1.39626, 0.0454351
3.07178, 1.39626, 0.0227439
0.0698132, 1.46608, 0.942801
0.139626, 1.46608, 0.895521
0.20944, 1.46608, 0.852302
0.279253, 1.46608, 0.812782
0.349066, 1.46608, 0.776623
0.418879, 1.46608, 0.743503
0.488692, 1.46608, 0.71312
0.558505, 1.46608, 0.685191
0.628319, 1.46608, 0.659446
0.698132, 1.46608, 0.635635
0.767945, 1.46608, 0.613523
0.837758, 1.46608, 0.592888
0.907571, 1.46608, 0.573525
0.977384, 1.46608, 0.555242
1.0472, 1.46608, 0.53786
1.11701, 1.46608, 0.521214
1.18682, 1.46608, 0.505153
1.25664, 1.46608, 0.489534
1.32645, 1.46608, 0.474232
1.39626, 1.46608, 0.459129
1.46608, 1.46608, 0.44412
1.53589, 1.46608, 0.429112
1.6057, 1.46608, 0.414019
1.67552, 1.46608, 0.398769
1.74533, 1.46608, 0.383298
1.81514, 1.46608, 0.367552
1.88496, 1.46608, 0.351486
1.95477, 1.46608, 0.335063
2.02458, 1.46608, 0.318254
2.0944, 1.46608, 0.301041
2.16421, 1.46608, 0.283411
2.23402, 1.46608, 0.265357
2.30383, 1.46608, 0.246882
2.37365, 1.46608, 0.227993
2.44346, 1.46608, 0.208703
2.51327, 1.46608, 0.189031
2.58309, 1.46608, 0.169002
2.6529, 1.46608, 0.148643
2.72271, 1.46608, 0.127987
2.79253, 1.46608, 0.107069
2.86234, 1.46608, 0.0859291
2.93215, 1.46608, 0.0646079
3.00197, 1.46608, 0.0431492
3.07178, 1.46608, 0.0215979
0.0698132, 1.53589, 0.946211
0.139626, 1.53589, 0.897501
0.20944, 1.53589, 0.852882
0.279253, 1.53589, 0.811999
0.349066, 1.53589, 0.774516
0.418879, 1.53589, 0.740115
0.488692, 1.53589, 0.7085
0.558505, 1.53589, 0.679389
0.628319, 1.53589, 0.652519
0.698132, 1.53589, 0.627641
0.767945, 1.53589, 0.604525
0.837758, 1.53589, 0.582951
0.907571, 1.53589, 0.562718
0.977384, 1.53589, 0.543637
1.0472, 1.53589, 0.52553
1.11701, 1.53589, 0.508237
1.18682, 1.53589, 0.491606
1.25664, 1.53589, 0.475499
1.32645, 1.53589, 0.459789
1.39626, 1.53589, 0.444362
1.46608, 1.53589, 0.429112
1.53589, 1.53589, 0.413945
1.6057, 1.53589, 0.398779
1.67552, 1.53589, 0.383538
1.74533, 1.53589, 0.36816
1.81514, 1.53589, 0.352587
1.88496, 1.53589, 0.336774
1.95477, 1.53589, 0.320683
2.02458, 1.53589, 0.304283
2.0944, 1.53589, 0.287552
2.16421, 1.53589, 0.270474
2.23402, 1.53589, 0.253041
2.30383, 1.53589, 0.235251
2.37365, 1.53589, 0.217107
2.44346, 1.53589, 0.198619
2.51327, 1.53589, 0.179801
2.58309, 1.53589, 0.160674
2.6529, 1.53589, 0.141259
2.72271, 1.53589, 0.121586
2.79253, 1.53589, 0.101684
2.86234, 1.53589, 0.0815874
2.93215, 1.53589, 0.061332
3.00197, 1.53589, 0.0409558
3.07178, 1.53589, 0.0204984
0.0698132, 1.6057, 0.945153
0.139626, 1.6057, 0.895389
0.20944, 1.6057, 0.849727
0.279253, 1.6057, 0.807816
0.349066, 1.6057, 0.769325
0.418879, 1.6057, 0.733943
0.488692, 1.6057, 0.701376
0.558505, 1.6057, 0.671347
0.628319, 1.6057, 0.643599
0.698132, 1.6057, 0.617887
0.767945, 1.6057, 0.593983
0.837758, 1.6057, 0.571673
0.907571, 1.6057, 0.55076
0.977384, 1.6057, 0.531055
1.0472, 1.6057, 0.512388
1.11701, 1.6057, 0.494597
1.18682, 1.6057, 0.477535
1.25664, 1.6057, 0.461066
1.32645, 1.6057, 0.445064
1.39626, 1.6057, 0.429416
1.46608, 1.6057, 0.414019
1.53589, 1.6057, 0.398779
1.6057, 1.6057, 0.383612
1.67552, 1.6057, 0.368446
1.74533, 1.6057, 0.353214
1.81514, 1.6057, 0.337862
1.88496, 1.6057, 0.322341
1.95477, 1.6057, 0.306613
2.02458, 1.6057, 0.290644
2.0944, 1.6057, 0.27441
2.16421, 1.6057, 0.257893
2.23402, 1.6057, 0.241083
2.30383, 1.6057, 0.223973
2.37365, 1.6057, 0.206565
2.44346, 1.6057, 0.188864
2.51327, 1.6057, 0.170881
2.58309, 1.6057, 0.152632
2.6529, 1.6057, 0.134135
2.72271, 1.6057, 0.115413
2.79253, 1.6057, 0.0964936
2.86234, 1.6057, 0.0774044
2.93215, 1.6057, 0.0581768
3.00197, 1.6057, 0.0388438
3.07178, 1.6057, 0.0194398
0.0698132, 1.67552, 0.93962
0.139626, 1.67552, 0.889175
0.20944, 1.67552, 0.842821
0.279253, 1.67552, 0.800213
0.349066, 1.67552, 0.761026
0.418879, 1.67552, 0.724955
0.488692, 1.67552, 0.691712
0.558505, 1.67552, 0.661026
0.628319, 1.67552, 0.632642
0.698132, 1.67552, 0.606324
0.767945, 1.67552, 0.581846
0.837758, 1.67552, 0.559
0.907571, 1.67552, 0.537591
0.977384, 1.67552, 0.517437
1.0472, 1.67552, 0.498369
1.11701, 1.67552, 0.480228
1.18682, 1.67552, 0.462872
1.25664, 1.67552, 0.446165
1.32645, 1.67552, 0.429986
1.39626, 1.67552, 0.414221
1.46608, 1.67552, 0.398769
1.53589, 1.67552, 0.383538
1.6057, 1.67552, 0.368446
1.67552, 1.67552, 0.353418
1.74533, 1.67552, 0.33839
1.81514, 1.67552, 0.323306
1.88496, 1.67552, 0.308117
1.95477, 1.67552, 0.292782
2.02458, 1.67552, 0.277269
2.0944, 1.67552, 0.26155
2.16421, 1.67552, 0.245606
2.23402, 1.67552, 0.229423
2.30383, 1.67552, 0.212994
2.37365, 1.67552, 0.196316
2.44346, 1.67552, 0.179391
2.51327, 1.67552, 0.162228
2.58309, 1.67552, 0.144837
2.6529, 1.67552, 0.127235
2.72271, 1.67552, 0.109439
2.79253, 1.67552, 0.0914727
2.86234, 1.67552, 0.0733597
2.93215, 1.67552, 0.0551269
3.00197, 1.67552, 0.0368027
3.07178, 1.67552, 0.0184169
0.0698132, 1.74533, 0.92963
0.139626, 1.74533, 0.87887
0.20944, 1.74533, 0.832168
0.279253, 1.74533, 0.789188
0.349066, 1.74533, 0.749612
0.418879, 1.74533, 0.71314
0.488692, 1.74533, 0.679491
0.558505, 1.74533, 0.648401
0.628319, 1.74533, 0.619621
0.698132, 1.74533, 0.59292
0.767945, 1.74533, 0.568077
0.837758, 1.74533, 0.54489
0.907571, 1.74533, 0.523168
0.977384, 1.74533, 0.502733
1.0472, 1.74533, 0.48342
1.11701, 1.74533, 0.465076
1.18682, 1.74533, 0.447559
1.25664, 1.74533, 0.430737
1.32645, 1.74533, 0.414492
1.39626, 1.74533, 0.398712
1.46608, 1.74533, 0.383298
1.53589, 1.74533, 0.36816
1.6057, 1.74533, 0.353214
1.67552, 1.74533, 0.33839
1.74533, 1.74533, 0.323622
1.81514, 1.74533, 0.308854
1.88496, 1.74533, 0.294037
1.95477, 1.74533, 0.27913
2.02458, 1.74533, 0.264099
2.0944, 1.74533, 0.248915
2.16421, 1.74533, 0.233557
2.23402, 1.74533, 0.21801
2.30383, 1.74533, 0.202264
2.37365, 1.74533, 0.186313
2.44346, 1.74533, 0.170157
2.51327, 1.74533, 0.153802
2.58309, 1.74533, 0.137254
2.6529, 1.74533, 0.120527
2.72271, 1.74533, 0.103636
2.79253, 1.74533, 0.0865983
2.86234, 1.74533, 0.0694349
2.93215, 1.74533, 0.0521685
3.00197, 1.74533, 0.0348233
3.07178, 1.74533, 0.0174251
0.0698132, 1.81514, 0.915223
0.139626, 1.81514, 0.864506
0.20944, 1.81514, 0.817795
0.279253, 1.81514, 0.77476
0.349066, 1.81514, 0.735093
0.418879, 1.81514, 0.698501
0.488692, 1.81514, 0.664711
0.558505, 1.81514, 0.633466
0.628319, 1.81514, 0.604523
0.698132, 1.81514, 0.577656
0.767945, 1.81514, 0.552653
0.837758, 1.81514, 0.529315
0.907571, 1.81514, 0.507458
0.977384, 1.81514, 0.486908
1.0472, 1.81514, 0.467504
1.11701, 1.81514, 0.449097
1.18682, 1.81514, 0.431549
1.25664, 1.81514, 0.414734
1.32645, 1.81514, 0.398532
1.39626, 1.81514, 0.382838
1.46608, 1.81514, 0.367552
1.53589, 1.81514, 0.352587
1.6057, 1.81514, 0.337862
1.67552, 1.81514, 0.323306
1.74533, 1.81514, 0.308854
1.81514, 1.81514, 0.294451
1.88496, 1.81514, 0.280048
1.95477, 1.81514, 0.265603
2.02458, 1.81514, 0.251081
2.0944, 1.81514, 0.236454
2.16421, 1.81514, 0.221698
2.23402, 1.81514, 0.206797
2.30383, 1.81514, 0.191738
2.37365, 1.81514, 0.176514
2.44346, 1.81514, 0.161123
2.51327, 1.81514, 0.145567
2.58309, 1.81514, 0.129851
2.6529, 1.81514, 0.113985
2.72271, 1.81514, 0.097979
2.79253, 1.81514, 0.0818495
2.86234, 1.81514, 0.065613
2.93215, 1.81514, 0.0492887
3.00197, 1.81514, 0.0328971
3.07178, 1.81514, 0.01646
0.0698132, 1.88496, 0.89646
0.139626, 1.88496, 0.846136
0.20944, 1.88496, 0.799744
0.279253, 1.88496, 0.756965
0.349066, 1.88496, 0.717499
0.418879, 1.88496, 0.681061
0.488692, 1.88496, 0.647387
0.558505, 1.88496, 0.616228
0.628319, 1.88496, 0.587348
0.698132, 1.88496, 0.560528
0.767945, 1.88496, 0.535563
0.837758, 1.88496, 0.51226
0.907571, 1.88496, 0.49044
0.977384, 1.88496, 0.469935
1.0472, 1.88496, 0.45059
1.11701, 1.88496, 0.432259
1.18682, 1.88496, 0.414808
1.25664, 1.88496, 0.398115
1.32645, 1.88496, 0.382065
1.39626, 1.88496, 0.366554
1.46608, 1.88496, 0.351486
1.53589, 1.88496, 0.336774
1.6057, 1.88496, 0.322341
1.67552, 1.88496, 0.308117
1.74533, 1.88496, 0.294037
1.81514, 1.88496, 0.280048
1.88496, 1.88496, 0.2661
1.95477, 1.88496, 0.252152
2.02458, 1.88496, 0.238169
2.0944, 1.88496, 0.224121
2.16421, 1.88496, 0.209984
2.23402, 1.88496, 0.19574
2.30383, 1.88496, 0.181376
2.37365, 1.88496, 0.166882
2.44346, 1.88496, 0.152255
2.51327, 1.88496, 0.137493
2.58309, 1.88496, 0.122599
2.6529, 1.88496, 0.10758
2.72271, 1.88496, 0.0924461
2.79253, 1.88496, 0.0772076
2.86234, 1.88496, 0.061879
2.93215, 1.88496, 0.0464762
3.00197, 1.88496, 0.0310163
3.07178, 1.88496, 0.0155179
0.0698132, 1.95477, 0.873425
0.139626, 1.95477, 0.823833
0.20944, 1.95477, 0.778081
0.279253, 1.95477, 0.735858
0.349066, 1.95477, 0.696875
0.418879, 1.95477, 0.660857
0.488692, 1.95477, 0.627549
0.558505, 1.95477, 0.59671
0.628319, 1.95477, 0.568113
0.698132, 1.95477, 0.541546
0.767945, 1.95477, 0.516811
0.837758, 1.95477, 0.493723
0.907571, 1.95477, 0.472107
0.977384, 1.95477, 0.451803
1.0472, 1.95477, 0.432661
1.11701, 1.95477, 0.41454
1.18682, 1.95477, 0.39731
1.25664, 1.95477, 0.380854
1.32645, 1.95477, 0.36506
1.39626, 1.95477, 0.349827
1.46608, 1.95477, 0.335063
1.53589, 1.95477, 0.320683
1.6057, 1.95477, 0.306613
1.67552, 1.95477, 0.292782
1.74533, 1.95477, 0.27913
1.81514, 1.95477, 0.265603
1.88496, 1.95477, 0.252152
1.95477, 1.95477, 0.238737
2.02458, 1.95477, 0.225322
2.0944, 1.95477, 0.211877
2.16421, 1.95477, 0.198378
2.23402, 1.95477, 0.184805
2.30383, 1.95477, 0.171144
2.37365, 1.95477, 0.157385
2.44346, 1.95477, 0.143521
2.51327, 1.95477, 0.129549
2.58309, 1.95477, 0.115472
2.6529, 1.95477, 0.101292
2.72271, 1.95477, 0.0870171
2.79253, 1.95477, 0.0726557
2.86234, 1.95477, 0.0582193
2.93215, 1.95477, 0.0437206
3.00197, 1.95477, 0.0291742
3.07178, 1.95477, 0.0145953
0.0698132, 2.02458, 0.846222
0.139626, 2.02458, 0.797691
0.20944, 2.02458, 0.752887
0.279253, 2.02458, 0.711511
0.349066, 2.02458, 0.673285
0.418879, 2.02458, 0.637944
0.488692, 2.02458, 0.605243
0.558505, 2.02458, 0.57495
0.628319, 2.02458, 0.546847
0.698132, 2.02458, 0.520731
0.767945, 2.02458, 0.496412
0.837758, 2.02458, 0.473712
0.907571, 2.02458, 0.452463
0.977384, 2.02458, 0.432511
1.0472, 2.02458, 0.41371
1.11701, 2.02458, 0.395928
1.18682, 2.02458, 0.37904
1.25664, 2.02458, 0.36293
1.32645, 2.02458, 0.347492
1.39626, 2.02458, 0.33263
1.46608, 2.02458, 0.318254
1.53589, 2.02458, 0.304283
1.6057, 2.02458, 0.290644
1.67552, 2.02458, 0.277269
1.74533, 2.02458, 0.264099
1.81514, 2.02458, 0.251081
1.88496, 2.02458, 0.238169
1.95477, 2.02458, 0.225322
2.02458, 2.02458, 0.212504
2.0944, 2.02458, 0.199687
2.16421, 2.02458, 0.186844
2.23402, 2.02458, 0.173957
2.30383, 2.02458, 0.16101
2.37365, 2.02458, 0.147991
2.44346, 2.02458, 0.134893
2.51327, 2.02458, 0.121712
2.58309, 2.02458, 0.108447
2.6529, 2.02458, 0.0950994
2.72271, 2.02458, 0.0816745
2.79253, 2.02458, 0.0681789
2.86234, 2.02458, 0.0546216
2.93215, 2.02458, 0.0410129
3.00197, 2.02458, 0.0273645
3.07178, 2.02458, 0.0136891
0.0698132, 2.0944, 0.814976
0.139626, 2.0944, 0.767824
0.20944, 2.0944, 0.724265
0.279253, 2.0944, 0.684016
0.349066, 2.0944, 0.646808
0.418879, 2.0944, 0.612391
0.488692, 2.0944, 0.580528
0.558505, 2.0944, 0.550999
0.628319, 2.0944, 0.523594
0.698132, 2.0944, 0.49812
0.767945, 2.0944, 0.474395
0.837758, 2.0944, 0.452249
0.907571, 2.0944, 0.431522
0.977384, 2.0944, 0.412065
1.0472, 2.0944, 0.393742
1.11701, 2.0944, 0.376423
1.18682, 2.0944, 0.35999
1.25664, 2.0944, 0.344333
1.32645, 2.0944, 0.32935
1.39626, 2.0944, 0.314948
1.46608, 2.0944, 0.301041
1.53589, 2.0944, 0.287552
1.6057, 2.0944, 0.27441
1.67552, 2.0944, 0.26155
1.74533, 2.0944, 0.248915
1.81514, 2.0944, 0.236454
1.88496, 2.0944, 0.224121
1.95477, 2.0944, 0.211877
2.02458, 2.0944, 0.199687
2.0944, 2.0944, 0.187521
2.16421, 2.0944, 0.175356
2.23402, 2.0944, 0.16317
2.30383, 2.0944, 0.150948
2.37365, 2.0944, 0.138677
2.44346, 2.0944, 0.12635
2.51327, 2.0944, 0.113959
2.58309, 2.0944, 0.101504
2.6529, 2.0944, 0.088984
2.72271, 2.0944, 0.0764024
2.79253, 2.0944, 0.063764
2.86234, 2.0944, 0.0510754
2.93215, 2.0944, 0.0383448
3.00197, 2.0944, 0.0255817
3.07178, 2.0944, 0.0127965
0.0698132, 2.16421, 0.779834
0.139626, 2.16421, 0.734362
0.20944, 2.16421, 0.692334
0.279253, 2.16421, 0.653479
0.349066, 2.16421, 0.617542
0.418879, 2.16421, 0.584284
0.488692, 2.16421, 0.553481
0.558505, 2.16421, 0.524922
0.628319, 2.16421, 0.49841
0.698132, 2.16421, 0.473761
0.767945, 2.16421, 0.4508
0.837758, 2.16421, 0.429367
0.907571, 2.16421, 0.409309
0.977384, 2.16421, 0.390487
1.0472, 2.16421, 0.372769
1.11701, 2.16421, 0.356033
1.18682, 2.16421, 0.340165
1.25664, 2.16421, 0.325062
1.32645, 2.16421, 0.310627
1.39626, 2.16421, 0.29677
1.46608, 2.16421, 0.283411
1.53589, 2.16421, 0.270474
1.6057, 2.16421, 0.257893
1.67552, 2.16421, 0.245606
1.74533, 2.16421, 0.233557
1.81514, 2.16421, 0.221698
1.88496, 2.16421, 0.209984
1.95477, 2.16421, 0.198378
2.02458, 2.16421, 0.186844
2.0944, 2.16421, 0.175356
2.16421, 2.16421, 0.163888
2.23402, 2.16421, 0.152419
2.30383, 2.16421, 0.140934
2.37365, 2.16421, 0.129421
2.44346, 2.16421, 0.117868
2.51327, 2.16421, 0.106271
2.58309, 2.16421, 0.0946253
2.6529, 2.16421, 0.0829303
2.72271, 2.16421, 0.0711871
2.79253, 2.16421, 0.0593991
2.86234, 2.16421, 0.047571
2.93215, 2.16421, 0.0357093
3.00197, 2.16421, 0.0238212
3.07178, 2.16421, 0.0119152
0.0698132, 2.23402, 0.740959
0.139626, 2.23402, 0.697457
0.20944, 2.23402, 0.65723
0.279253, 2.23402, 0.620023
0.349066, 2.23402, 0.585596
0.418879, 2.23402, 0.553722
0.488692, 2.23402, 0.524189
0.558505, 2.23402, 0.496799
0.628319, 2.23402, 0.471365
0.698132, 2.23402, 0.447712
0.767945, 2.23402, 0.425678
0.837758, 2.23402, 0.405108
0.907571, 2.23402, 0.385862
0.977384, 2.23402, 0.367805
1.0472, 2.23402, 0.350814
1.11701, 2.23402, 0.334773
1.18682, 2.23402, 0.319576
1.25664, 2.23402, 0.305124
1.32645, 2.23402, 0.291325
1.39626, 2.23402, 0.278095
1.46608, 2.23402, 0.265357
1.53589, 2.23402, 0.253041
1.6057, 2.23402, 0.241083
1.67552, 2.23402, 0.229423
1.74533, 2.23402, 0.21801
1.81514, 2.23402, 0.206797
1.88496, 2.23402, 0.19574
1.95477, 2.23402, 0.184805
2.02458, 2.23402, 0.173957
2.0944, 2.23402, 0.16317
2.16421, 2.23402, 0.152419
2.23402, 2.23402, 0.141685
2.30383, 2.23402, 0.13095
2.37365, 2.23402, 0.120202
2.44346, 2.23402, 0.109432
2.51327, 2.23402, 0.098631
2.58309, 2.23402, 0.0877961
2.6529, 2.23402, 0.0769247
2.72271, 2.23402, 0.0660168
2.79253, 2.23402, 0.0550742
2.86234, 2.23402, 0.0441004
2.93215, 2.23402, 0.0331
3.00197, 2.23402, 0.0220786
3.07178, 2.23402, 0.011043
0.0698132, 2.30383, 0.698536
0.139626, 2.30383, 0.657275
0.20944, 2.30383, 0.619107
0.279253, 2.30383, 0.583789
0.349066, 2.30383, 0.551097
0.418879, 2.30383, 0.520818
0.488692, 2.30383, 0.492755
0.558505, 2.30383, 0.466719
0.628319, 2.30383, 0.442537
0.698132, 2.30383, 0.420045
0.767945, 2.30383, 0.39909
0.837758, 2.30383, 0.379527
0.907571, 2.30383, 0.361225
0.977384, 2.30383, 0.344057
1.0472, 2.30383, 0.327908
1.11701, 2.30383, 0.31267
1.18682, 2.30383, 0.298242
1.25664, 2.30383, 0.284531
1.32645, 2.30383, 0.271453
1.39626, 2.30383, 0.258927
1.46608, 2.30383, 0.246882
1.53589, 2.30383, 0.235251
1.6057, 2.30383, 0.223973
1.67552, 2.30383, 0.212994
1.74533, 2.30383, 0.202264
1.81514, 2.30383, 0.191738
1.88496, 2.30383, 0.181376
1.95477, 2.30383, 0.171144
2.02458, 2.30383, 0.16101
2.0944, 2.30383, 0.150948
2.16421, 2.30383, 0.140934
2.23402, 2.30383, 0.13095
2.30383, 2.30383, 0.120978
2.37365, 2.30383, 0.111007
2.44346, 2.30383, 0.101025
2.51327, 2.30383, 0.0910255
2.58309, 2.30383, 0.0810033
2.6529, 2.30383, 0.0709556
2.72271, 2.30383, 0.0608811
2.79253, 2.30383, 0.0507807
2.86234, 2.30383, 0.0406564
2.93215, 2.30383, 0.0305115
3.00197, 2.30383, 0.0203504
3.07178, 2.30383, 0.0101781
0.0698132, 2.37365, 0.652765
0.139626, 2.37365, 0.614002
0.20944, 2.37365, 0.578131
0.279253, 2.37365, 0.544929
0.349066, 2.37365, 0.514184
0.418879, 2.37365, 0.4857
0.488692, 2.37365, 0.459292
0.558505, 2.37365, 0.434786
0.628319, 2.37365, 0.41202
0.698132, 2.37365, 0.390842
0.767945, 2.37365, 0.371108
0.837758, 2.37365, 0.352687
0.907571, 2.37365, 0.335453
0.977384, 2.37365, 0.319291
1.0472, 2.37365, 0.304092
1.11701, 2.37365, 0.289756
1.18682, 2.37365, 0.27619
1.25664, 2.37365, 0.263307
1.32645, 2.37365, 0.251028
1.39626, 2.37365, 0.239279
1.46608, 2.37365, 0.227993
1.53589, 2.37365, 0.217107
1.6057, 2.37365, 0.206565
1.67552, 2.37365, 0.196316
1.74533, 2.37365, 0.186313
1.81514, 2.37365, 0.176514
1.88496, 2.37365, 0.166882
1.95477, 2.37365, 0.157385
2.02458, 2.37365, 0.147991
2.0944, 2.37365, 0.138677
2.16421, 2.37365, 0.129421
2.23402, 2.37365, 0.120202
2.30383, 2.37365, 0.111007
2.37365, 2.37365, 0.101821
2.44346, 2.37365, 0.0926358
2.51327, 2.37365, 0.0834426
2.58309, 2.37365, 0.0742362
2.6529, 2.37365, 0.0650131
2.72271, 2.37365, 0.0557714
2.79253, 2.37365, 0.0465109
2.86234, 2.37365, 0.0372328
2.93215, 2.37365, 0.0279393
3.00197, 2.37365, 0.0186334
3.07178, 2.37365, 0.00931891
0.0698132, 2.44346, 0.603864
0.139626, 2.44346, 0.567837
0.20944, 2.44346, 0.534488
0.279253, 2.44346, 0.503611
0.349066, 2.44346, 0.47501
0.418879, 2.44346, 0.448506
0.488692, 2.44346, 0.423927
0.558505, 2.44346, 0.401113
0.628319, 2.44346, 0.379915
0.698132, 2.44346, 0.360193
0.767945, 2.44346, 0.341815
0.837758, 2.44346, 0.324659
0.907571, 2.44346, 0.308609
0.977384, 2.44346, 0.29356
1.0472, 2.44346, 0.279412
1.11701, 2.44346, 0.266072
1.18682, 2.44346, 0.253454
1.25664, 2.44346, 0.241479
1.32645, 2.44346, 0.230074
1.39626, 2.44346, 0.219169
1.46608, 2.44346, 0.208703
1.53589, 2.44346, 0.198619
1.6057, 2.44346, 0.188864
1.67552, 2.44346, 0.179391
1.74533, 2.44346, 0.170157
1.81514, 2.44346, 0.161123
1.88496, 2.44346, 0.152255
1.95477, 2.44346, 0.143521
2.02458, 2.44346, 0.134893
2.0944, 2.44346, 0.12635
2.16421, 2.44346, 0.117868
2.23402, 2.44346, 0.109432
2.30383, 2.44346, 0.101025
2.37365, 2.44346, 0.0926358
2.44346, 2.44346, 0.0842544
2.51327, 2.44346, 0.075873
2.58309, 2.44346, 0.0674858
2.6529, 2.44346, 0.0590891
2.72271, 2.44346, 0.0506804
2.79253, 2.44346, 0.0422588
2.86234, 2.44346, 0.0338248
2.93215, 2.44346, 0.0253795
3.00197, 2.44346, 0.016925
3.07178, 2.44346, 0.00846417
0.0698132, 2.51327, 0.552065
0.139626, 2.51327, 0.518994
0.20944, 2.51327, 0.488374
0.279253, 2.51327, 0.460015
0.349066, 2.51327, 0.433741
0.418879, 2.51327, 0.409386
0.488692, 2.51327, 0.386796
0.558505, 2.51327, 0.365824
0.628319, 2.51327, 0.346335
0.698132, 2.51327, 0.3282
0.767945, 2.51327, 0.3113
0.837758, 2.51327, 0.295523
0.907571, 2.51327, 0.280765
0.977384, 2.51327, 0.266929
1.0472, 2.51327, 0.253924
1.11701, 2.51327, 0.241666
1.18682, 2.51327, 0.230076
1.25664, 2.51327, 0.219082
1.32645, 2.51327, 0.208617
1.39626, 2.51327, 0.198619
1.46608, 2.51327, 0.189031
1.53589, 2.51327, 0.179801
1.6057, 2.51327, 0.170881
1.67552, 2.51327, 0.162228
1.74533, 2.51327, 0.153802
1.81514, 2.51327, 0.145567
1.88496, 2.51327, 0.137493
1.95477, 2.51327, 0.129549
2.02458, 2.51327, 0.121712
2.0944, 2.51327, 0.113959
2.16421, 2.51327, 0.106271
2.23402, 2.51327, 0.098631
2.30383, 2.51327, 0.0910255
2.37365, 2.51327, 0.0834426
2.44346, 2.51327, 0.075873
2.51327, 2.51327, 0.068309
2.58309, 2.51327, 0.0607451
2.6529, 2.51327, 0.053177
2.72271, 2.51327, 0.0456022
2.79253, 2.51327, 0.0380193
2.86234, 2.51327, 0.0304279
2.93215, 2.51327, 0.0228287
3.00197, 2.51327, 0.015223
3.07178, 2.51327, 0.00761272
0.0698132, 2.58309, 0.497616
0.139626, 2.58309, 0.467702
0.20944, 2.58309, 0.439998
0.279253, 2.58309, 0.414334
0.349066, 2.58309, 0.390552
0.418879, 2.58309, 0.368503
0.488692, 2.58309, 0.348047
0.558505, 2.58309, 0.329053
0.628319, 2.58309, 0.3114
0.698132, 2.58309, 0.294972
0.767945, 2.58309, 0.279661
0.837758, 2.58309, 0.265369
0.907571, 2.58309, 0.252
0.977384, 2.58309, 0.239467
1.0472, 2.58309, 0.22769
1.11701, 2.58309, 0.216592
1.18682, 2.58309, 0.206102
1.25664, 2.58309, 0.196157
1.32645, 2.58309, 0.186694
1.39626, 2.58309, 0.17766
1.46608, 2.58309, 0.169002
1.53589, 2.58309, 0.160674
1.6057, 2.58309, 0.152632
1.67552, 2.58309, 0.144837
1.74533, 2.58309, 0.137254
1.81514, 2.58309, 0.129851
1.88496, 2.58309, 0.122599
1.95477, 2.58309, 0.115472
2.02458, 2.58309, 0.108447
2.0944, 2.58309, 0.101504
2.16421, 2.58309, 0.0946253
2.23402, 2.58309, 0.0877961
2.30383, 2.58309, 0.0810033
2.37365, 2.58309, 0.0742362
2.44346, 2.58309, 0.0674858
2.51327, 2.58309, 0.0607451
2.58309, 2.58309, 0.0540084
2.6529, 2.58309, 0.0472717
2.72271, 2.58309, 0.0405321
2.79253, 2.58309, 0.0337881
2.86234, 2.58309, 0.0270389
2.93215, 2.58309, 0.0202845
3.00197, 2.58309, 0.0135257
3.07178, 2.58309, 0.00676369
0.0698132, 2.6529, 0.440777
0.139626, 2.6529, 0.4142
0.20944, 2.6529, 0.389581
0.279253, 2.6529, 0.366771
0.349066, 2.6529, 0.34563
0.418879, 2.6529, 0.326026
0.488692, 2.6529, 0.307835
0.558505, 2.6529, 0.290942
0.628319, 2.6529, 0.27524
0.698132, 2.6529, 0.260626
0.767945, 2.6529, 0.247006
0.837758, 2.6529, 0.23429
0.907571, 2.6529, 0.222398
0.977384, 2.6529, 0.21125
1.0472, 2.6529, 0.200776
1.11701, 2.6529, 0.190908
1.18682, 2.6529, 0.181584
1.25664, 2.6529, 0.172747
1.32645, 2.6529, 0.164344
1.39626, 2.6529, 0.156324
1.46608, 2.6529, 0.148643
1.53589, 2.6529, 0.141259
1.6057, 2.6529, 0.134135
1.67552, 2.6529, 0.127235
1.74533, 2.6529, 0.120527
1.81514, 2.6529, 0.113985
1.88496, 2.6529, 0.10758
1.95477, 2.6529, 0.101292
2.02458, 2.6529, 0.0950994
2.0944, 2.6529, 0.088984
2.16421, 2.6529, 0.0829303
2.23402, 2.6529, 0.0769247
2.30383, 2.6529, 0.0709556
2.37365, 2.6529, 0.0650131
2.44346, 2.6529, 0.0590891
2.51327, 2.6529, 0.053177
2.58309, 2.6529, 0.0472717
2.6529, 2.6529, 0.0413691
2.72271, 2.6529, 0.0354665
2.79253, 2.6529, 0.0295621
2.86234, 2.6529, 0.0236549
2.93215, 2.6529, 0.0177447
3.00197, 2.6529, 0.0118315
3.07178, 2.6529, 0.00591633
0.0698132, 2.72271, 0.381821
0.139626, 2.72271, 0.35874
0.20944, 2.72271, 0.337356
0.279253, 2.72271, 0.31754
0.349066, 2.72271, 0.299171
0.418879, 2.72271, 0.282135
0.488692, 2.72271, 0.266325
0.558505, 2.72271, 0.251641
0.628319, 2.72271, 0.237991
0.698132, 2.72271, 0.225286
0.767945, 2.72271, 0.213444
0.837758, 2.72271, 0.20239
0.907571, 2.72271, 0.19205
0.977384, 2.72271, 0.18236
1.0472, 2.72271, 0.173256
1.11701, 2.72271, 0.16468
1.18682, 2.72271, 0.15658
1.25664, 2.72271, 0.148905
1.32645, 2.72271, 0.141609
1.39626, 2.72271, 0.134649
1.46608, 2.72271, 0.127987
1.53589, 2.72271, 0.121586
1.6057, 2.72271, 0.115413
1.67552, 2.72271, 0.109439
1.74533, 2.72271, 0.103636
1.81514, 2.72271, 0.097979
1.88496, 2.72271, 0.0924461
1.95477, 2.72271, 0.0870171
2.02458, 2.72271, 0.0816745
2.0944, 2.72271, 0.0764024
2.16421, 2.72271, 0.0711871
2.23402, 2.72271, 0.0660168
2.30383, 2.72271, 0.0608811
2.37365, 2.72271, 0.0557714
2.44346, 2.72271, 0.0506804
2.51327, 2.72271, 0.0456022
2.58309, 2.72271, 0.0405321
2.6529, 2.72271, 0.0354665
2.72271, 2.72271, 0.0304028
2.79253, 2.72271, 0.025339
2.86234, 2.72271, 0.0202741
2.93215, 2.72271, 0.0152076
3.00197, 2.72271, 0.0101395
3.07178, 2.72271, 0.0050701
0.0698132, 2.79253, 0.32103
0.139626, 2.79253, 0.301583
0.20944, 2.79253, 0.283563
0.279253, 2.79253, 0.266863
0.349066, 2.79253, 0.251379
0.418879, 2.79253, 0.237017
0.488692, 2.79253, 0.223688
0.558505, 2.79253, 0.211307
0.628319, 2.79253, 0.199797
0.698132, 2.79253, 0.189083
0.767945, 2.79253, 0.179096
0.837758, 2.79253, 0.169774
0.907571, 2.79253, 0.161055
0.977384, 2.79253, 0.152883
1.0472, 2.79253, 0.145207
1.11701, 2.79253, 0.137978
1.18682, 2.79253, 0.13115
1.25664, 2.79253, 0.124683
1.32645, 2.79253, 0.118537
1.39626, 2.79253, 0.112677
1.46608, 2.79253, 0.107069
1.53589, 2.79253, 0.101684
1.6057, 2.79253, 0.0964936
1.67552, 2.79253, 0.0914727
1.74533, 2.79253, 0.0865983
1.81514, 2.79253, 0.0818495
1.88496, 2.79253, 0.0772076
1.95477, 2.79253, 0.0726557
2.02458, 2.79253, 0.0681789
2.0944, 2.79253, 0.063764
2.16421, 2.79253, 0.0593991
2.23402, 2.79253, 0.0550742
2.30383, 2.79253, 0.0507807
2.37365, 2.79253, 0.0465109
2.44346, 2.79253, 0.0422588
2.51327, 2.79253, 0.0380193
2.58309, 2.79253, 0.0337881
2.6529, 2.79253, 0.0295621
2.72271, 2.79253, 0.025339
2.79253, 2.79253, 0.0211169
2.86234, 2.79253, 0.0168949
2.93215, 2.79253, 0.0126722
3.00197, 2.79253, 0.00844874
3.07178, 2.79253, 0.00422457
0.0698132, 2.86234, 0.258696
0.139626, 2.86234, 0.242998
0.20944, 2.86234, 0.228451
0.279253, 2.86234, 0.214968
0.349066, 2.86234, 0.202465
0.418879, 2.86234, 0.190868
0.488692, 2.86234, 0.180103
0.558505, 2.86234, 0.170103
0.628319, 2.86234, 0.160806
0.698132, 2.86234, 0.152151
0.767945, 2.86234, 0.144085
0.837758, 2.86234, 0.136554
0.907571, 2.86234, 0.129511
0.977384, 2.86234, 0.122911
1.0472, 2.86234, 0.116711
1.11701, 2.86234, 0.110873
1.18682, 2.86234, 0.105361
1.25664, 2.86234, 0.10014
1.32645, 2.86234, 0.0951799
1.39626, 2.86234, 0.0904518
1.46608, 2.86234, 0.0859291
1.53589, 2.86234, 0.0815874
1.6057, 2.86234, 0.0774044
1.67552, 2.86234, 0.0733597
1.74533, 2.86234, 0.0694349
1.81514, 2.86234, 0.065613
1.88496, 2.86234, 0.061879
1.95477, 2.86234, 0.0582193
2.02458, 2.86234, 0.0546216
2.0944, 2.86234, 0.0510754
2.16421, 2.86234, 0.047571
2.23402, 2.86234, 0.0441004
2.30383, 2.86234, 0.0406564
2.37365, 2.86234, 0.0372328
2.44346, 2.86234, 0.0338248
2.51327, 2.86234, 0.0304279
2.58309, 2.86234, 0.0270389
2.6529, 2.86234, 0.0236549
2.72271, 2.86234, 0.0202741
2.79253, 2.86234, 0.0168949
2.86234, 2.86234, 0.0135162
2.93215, 2.86234, 0.0101376
3.00197, 2.86234, 0.00675868
3.07178, 2.86234, 0.00337944
0.0698132, 2.93215, 0.195118
0.139626, 2.93215, 0.183263
0.20944, 2.93215, 0.172276
0.279253, 2.93215, 0.162091
0.349066, 2.93215, 0.152647
0.418879, 2.93215, 0.143886
0.488692, 2.93215, 0.135753
0.558505, 2.93215, 0.128197
0.628319, 2.93215, 0.121172
0.698132, 2.93215, 0.114633
0.767945, 2.93215, 0.108537
0.837758, 2.93215, 0.102847
0.907571, 2.93215, 0.0975246
0.977384, 2.93215, 0.0925375
1.0472, 2.93215, 0.0878534
1.11701, 2.93215, 0.0834431
1.18682, 2.93215, 0.0792791
1.25664, 2.93215, 0.0753362
1.32645, 2.93215, 0.0715909
1.39626, 2.93215, 0.0680214
1.46608, 2.93215, 0.0646079
1.53589, 2.93215, 0.061332
1.6057, 2.93215, 0.0581768
1.67552, 2.93215, 0.0551269
1.74533, 2.93215, 0.0521685
1.81514, 2.93215, 0.0492887
1.88496, 2.93215, 0.0464762
1.95477, 2.93215, 0.0437206
2.02458, 2.93215, 0.0410129
2.0944, 2.93215, 0.0383448
2.16421, 2.93215, 0.0357093
2.23402, 2.93215, 0.0331
2.30383, 2.93215, 0.0305115
2.37365, 2.93215, 0.0279393
2.44346, 2.93215, 0.0253795
2.51327, 2.93215, 0.0228287
2.58309, 2.93215, 0.0202845
2.6529, 2.93215, 0.0177447
2.72271, 2.93215, 0.0152076
2.79253, 2.93215, 0.0126722
2.86234, 2.93215, 0.0101376
2.93215, 2.93215, 0.00760327
3.00197, 2.93215, 0.00506894
3.07178, 2.93215, 0.00253451
0.0698132, 3.00197, 0.130603
0.139626, 3.00197, 0.12266
0.20944, 3.00197, 0.115299
0.279253, 3.00197, 0.108474
0.349066, 3.00197, 0.102146
0.418879, 3.00197, 0.0962746
0.488692, 3.00197, 0.0908243
0.558505, 3.00197, 0.085761
0.628319, 3.00197, 0.0810527
0.698132, 3.00197, 0.0766698
0.767945, 3.00197, 0.0725844
0.837758, 3.00197, 0.0687704
0.907571, 3.00197, 0.0652036
0.977384, 3.00197, 0.0618612
1.0472, 3.00197, 0.0587221
1.11701, 3.00197, 0.0557666
1.18682, 3.00197, 0.0529765
1.25664, 3.00197, 0.0503348
1.32645, 3.00197, 0.0478259
1.39626, 3.00197, 0.0454351
1.46608, 3.00197, 0.0431492
1.53589, 3.00197, 0.0409558
1.6057, 3.00197, 0.0388438
1.67552, 3.00197, 0.0368027
1.74533, 3.00197, 0.0348233
1.81514, 3.00197, 0.0328971
1.88496, 3.00197, 0.0310163
1.95477, 3.00197, 0.0291742
2.02458, 3.00197, 0.0273645
2.0944, 3.00197, 0.0255817
2.16421, 3.00197, 0.0238212
2.23402, 3.00197, 0.0220786
2.30383, 3.00197, 0.0203504
2.37365, 3.00197, 0.0186334
2.44346, 3.00197, 0.016925
2.51327, 3.00197, 0.015223
2.58309, 3.00197, 0.0135257
2.6529, 3.00197, 0.0118315
2.72271, 3.00197, 0.0101395
2.79253, 3.00197, 0.00844874
2.86234, 3.00197, 0.00675868
2.93215, 3.00197, 0.00506894
3.00197, 3.00197, 0.0033793
3.07178, 3.00197, 0.00168966
0.0698132, 3.07178, 0.0654587
0.139626, 3.07178, 0.0614756
0.20944, 3.07178, 0.0577839
0.279253, 3.07178, 0.0543614
0.349066, 3.07178, 0.0511875
0.418879, 3.07178, 0.0482428
0.488692, 3.07178, 0.0455092
0.558505, 3.07178, 0.0429695
0.628319, 3.07178, 0.0406079
0.698132, 3.07178, 0.0384095
0.767945, 3.07178, 0.0363603
0.837758, 3.07178, 0.0344472
0.907571, 3.07178, 0.0326581
0.977384, 3.07178, 0.0309816
1.0472, 3.07178, 0.0294071
1.11701, 3.07178, 0.0279248
1.18682, 3.07178, 0.0265255
1.25664, 3.07178, 0.0252007
1.32645, 3.07178, 0.0239426
1.39626, 3.07178, 0.0227439
1.46608, 3.07178, 0.0215979
1.53589, 3.07178, 0.0204984
1.6057, 3.07178, 0.0194398
1.67552, 3.07178, 0.0184169
1.74533, 3.07178, 0.0174251
1.81514, 3.07178, 0.01646
1.88496, 3.07178, 0.0155179
1.95477, 3.07178, 0.0145953
2.02458, 3.07178, 0.0136891
2.0944, 3.07178, 0.0127965
2.16421, 3.07178, 0.0119152
2.23402, 3.07178, 0.011043
2.30383, 3.07178, 0.0101781
2.37365, 3.07178, 0.00931891
2.44346, 3.07178, 0.00846417
2.51327, 3.07178, 0.00761272
2.58309, 3.07178, 0.00676369
2.6529, 3.07178, 0.00591633
2.72271, 3.07178, 0.0050701
2.79253, 3.07178, 0.00422457
2.86234, 3.07178, 0.00337944
2.93215, 3.07178, 0.00253451
3.00197, 3.07178, 0.00168966
3.07178, 3.07178, 0.000844831
