0.0628319, 0.0628319, 0.117904
0.125664, 0.0628319, 0.173017
0.188496, 0.0628319, 0.227885
0.251327, 0.0628319, 0.282263
0.314159, 0.0628319, 0.335913
0.376991, 0.0628319, 0.388598
0.439823, 0.0628319, 0.44009
0.502655, 0.0628319, 0.490162
0.565487, 0.0628319, 0.5386
0.628319, 0.0628319, 0.585192
0.69115, 0.0628319, 0.629738
0.753982, 0.0628319, 0.672046
0.816814, 0.0628319, 0.711933
0.879646, 0.0628319, 0.749228
0.942478, 0.0628319, 0.78377
1.00531, 0.0628319, 0.81541
1.06814, 0.0628319, 0.844011
1.13097, 0.0628319, 0.869449
1.19381, 0.0628319, 0.891613
1.25664, 0.0628319, 0.910406
1.31947, 0.0628319, 0.925744
1.3823, 0.0628319, 0.937558
1.44513, 0.0628319, 0.945793
1.50796, 0.0628319, 0.950408
1.5708, 0.0628319, 0.951378
1.63363, 0.0628319, 0.948693
1.69646, 0.0628319, 0.942355
1.75929, 0.0628319, 0.932385
1.82212, 0.0628319, 0.918814
1.88496, 0.0628319, 0.901693
1.94779, 0.0628319, 0.881082
2.01062, 0.0628319, 0.857058
2.07345, 0.0628319, 0.829711
2.13628, 0.0628319, 0.799145
2.19911, 0.0628319, 0.765476
2.26195, 0.0628319, 0.728832
2.32478, 0.0628319, 0.689356
2.38761, 0.0628319, 0.647197
2.45044, 0.0628319, 0.60252
2.51327, 0.0628319, 0.555497
2.57611, 0.0628319, 0.506311
2.63894, 0.0628319, 0.455152
2.70177, 0.0628319, 0.402219
2.7646, 0.0628319, 0.347718
2.82743, 0.0628319, 0.291862
2.89027, 0.0628319, 0.234867
2.9531, 0.0628319, 0.176957
3.01593, 0.0628319, 0.118356
3.07876, 0.0628319, 0.0592937
0.0628319, 0.125664, 0.173017
0.125664, 0.125664, 0.220947
0.188496, 0.125664, 0.268878
0.251327, 0.125664, 0.316566
0.314159, 0.125664, 0.363774
0.376991, 0.125664, 0.410268
0.439823, 0.125664, 0.455819
0.502655, 0.125664, 0.500208
0.565487, 0.125664, 0.543219
0.628319, 0.125664, 0.584647
0.69115, 0.125664, 0.624292
0.753982, 0.125664, 0.661967
0.816814, 0.125664, 0.697492
0.879646, 0.125664, 0.730698
0.942478, 0.125664, 0.761427
1.00531, 0.125664, 0.789533
1.06814, 0.125664, 0.81488
1.13097, 0.125664, 0.837347
1.19381, 0.125664, 0.856824
1.25664, 0.125664, 0.873213
1.31947, 0.125664, 0.886432
1.3823, 0.125664, 0.896411
1.44513, 0.125664, 0.903093
1.50796, 0.125664, 0.906437
1.5708, 0.125664, 0.906415
1.63363, 0.125664, 0.903013
1.69646, 0.125664, 0.896231
1.75929, 0.125664, 0.886084
1.82212, 0.125664, 0.8726
1.88496, 0.125664, 0.85582
1.94779, 0.125664, 0.835802
2.01062, 0.125664, 0.812614
2.07345, 0.125664, 0.786337
2.13628, 0.125664, 0.757067
2.19911, 0.125664, 0.724911
2.26195, 0.125664, 0.689987
2.32478, 0.125664, 0.652426
2.38761, 0.125664, 0.612367
2.45044, 0.125664, 0.569963
2.51327, 0.125664, 0.525374
2.57611, 0.125664, 0.478768
2.63894, 0.125664, 0.430325
2.70177, 0.125664, 0.380227
2.7646, 0.125664, 0.328669
2.82743, 0.125664, 0.275846
2.89027, 0.125664, 0.221962
2.9531, 0.125664, 0.167223
3.01593, 0.125664, 0.111841
3.07876, 0.125664, 0.0560284
0.0628319, 0.188496, 0.227885
0.125664, 0.188496, 0.268878
0.188496, 0.188496, 0.310114
0.251327, 0.188496, 0.351351
0.314159, 0.188496, 0.39235
0.376991, 0.188496, 0.432879
0.439823, 0.188496, 0.472713
0.502655, 0.188496, 0.511632
0.565487, 0.188496, 0.549424
0.628319, 0.188496, 0.585885
0.69115, 0.188496, 0.620819
0.753982, 0.188496, 0.65404
0.816814, 0.188496, 0.685371
0.879646, 0.188496, 0.714646
0.942478, 0.188496, 0.741709
1.00531, 0.188496, 0.766416
1.06814, 0.188496, 0.788632
1.13097, 0.188496, 0.808238
1.19381, 0.188496, 0.825123
1.25664, 0.188496, 0.839193
1.31947, 0.188496, 0.850362
1.3823, 0.188496, 0.858562
1.44513, 0.188496, 0.863734
1.50796, 0.188496, 0.865834
1.5708, 0.188496, 0.864834
1.63363, 0.188496, 0.860715
1.69646, 0.188496, 0.853475
1.75929, 0.188496, 0.843122
1.82212, 0.188496, 0.829682
1.88496, 0.188496, 0.81319
1.94779, 0.188496, 0.793695
2.01062, 0.188496, 0.77126
2.07345, 0.188496, 0.745959
2.13628, 0.188496, 0.717878
2.19911, 0.188496, 0.687116
2.26195, 0.188496, 0.653781
2.32478, 0.188496, 0.617994
2.38761, 0.188496, 0.579885
2.45044, 0.188496, 0.539593
2.51327, 0.188496, 0.497268
2.57611, 0.188496, 0.453066
2.63894, 0.188496, 0.407152
2.70177, 0.188496, 0.359699
2.7646, 0.188496, 0.310884
2.82743, 0.188496, 0.260891
2.89027, 0.188496, 0.20991
2.9531, 0.188496, 0.158134
3.01593, 0.188496, 0.105757
3.07876, 0.188496, 0.052979
0.0628319, 0.251327, 0.282263
0.125664, 0.251327, 0.316566
0.188496, 0.251327, 0.351351
0.251327, 0.251327, 0.386373
0.314159, 0.251327, 0.421396
0.376991, 0.251327, 0.456188
0.439823, 0.251327, 0.490524
0.502655, 0.251327, 0.524185
0.565487, 0.251327, 0.556961
0.628319, 0.251327, 0.588651
0.69115, 0.251327, 0.61906
0.753982, 0.251327, 0.648004
0.816814, 0.251327, 0.675308
0.879646, 0.251327, 0.700809
0.942478, 0.251327, 0.72435
1.00531, 0.251327, 0.745791
1.06814, 0.251327, 0.764998
1.13097, 0.251327, 0.781851
1.19381, 0.251327, 0.796242
1.25664, 0.251327, 0.808074
1.31947, 0.251327, 0.817265
1.3823, 0.251327, 0.823742
1.44513, 0.251327, 0.827448
1.50796, 0.251327, 0.828336
1.5708, 0.251327, 0.826373
1.63363, 0.251327, 0.821541
1.69646, 0.251327, 0.813832
1.75929, 0.251327, 0.803251
1.82212, 0.251327, 0.789818
1.88496, 0.251327, 0.773563
1.94779, 0.251327, 0.75453
2.01062, 0.251327, 0.732774
2.07345, 0.251327, 0.708362
2.13628, 0.251327, 0.681372
2.19911, 0.251327, 0.651895
2.26195, 0.251327, 0.620029
2.32478, 0.251327, 0.585887
2.38761, 0.251327, 0.549587
2.45044, 0.251327, 0.511259
2.51327, 0.251327, 0.47104
2.57611, 0.251327, 0.429076
2.63894, 0.251327, 0.38552
2.70177, 0.251327, 0.340532
2.7646, 0.251327, 0.294277
2.82743, 0.251327, 0.246927
2.89027, 0.251327, 0.198656
2.9531, 0.251327, 0.149644
3.01593, 0.251327, 0.100074
3.07876, 0.251327, 0.0501307
0.0628319, 0.314159, 0.335913
0.125664, 0.314159, 0.363774
0.188496, 0.314159, 0.39235
0.251327, 0.314159, 0.421396
0.314159, 0.314159, 0.450675
0.376991, 0.314159, 0.479955
0.439823, 0.314159, 0.50901
0.502655, 0.314159, 0.537624
0.565487, 0.314159, 0.565587
0.628319, 0.314159, 0.592699
0.69115, 0.314159, 0.618767
0.753982, 0.314159, 0.643609
0.816814, 0.314159, 0.667052
0.879646, 0.314159, 0.688931
0.942478, 0.314159, 0.709095
1.00531, 0.314159, 0.727401
1.06814, 0.314159, 0.743719
1.13097, 0.314159, 0.757928
1.19381, 0.314159, 0.76992
1.25664, 0.314159, 0.7796
1.31947, 0.314159, 0.786883
1.3823, 0.314159, 0.791697
1.44513, 0.314159, 0.793981
1.50796, 0.314159, 0.793689
1.5708, 0.314159, 0.790785
1.63363, 0.314159, 0.785246
1.69646, 0.314159, 0.777063
1.75929, 0.314159, 0.766235
1.82212, 0.314159, 0.752778
1.88496, 0.314159, 0.736718
1.94779, 0.314159, 0.71809
2.01062, 0.314159, 0.696946
2.07345, 0.314159, 0.673344
2.13628, 0.314159, 0.647356
2.19911, 0.314159, 0.619063
2.26195, 0.314159, 0.588557
2.32478, 0.314159, 0.555938
2.38761, 0.314159, 0.521318
2.45044, 0.314159, 0.484816
2.51327, 0.314159, 0.446558
2.57611, 0.314159, 0.40668
2.63894, 0.314159, 0.365322
2.70177, 0.314159, 0.322633
2.7646, 0.314159, 0.278767
2.82743, 0.314159, 0.233883
2.89027, 0.314159, 0.188143
2.9531, 0.314159, 0.141714
3.01593, 0.314159, 0.0947653
3.07876, 0.314159, 0.0474697
0.0628319, 0.376991, 0.388598
0.125664, 0.376991, 0.410268
0.188496, 0.376991, 0.432879
0.251327, 0.376991, 0.456188
0.314159, 0.376991, 0.479955
0.376991, 0.376991, 0.503946
0.439823, 0.376991, 0.527939
0.502655, 0.376991, 0.551715
0.565487, 0.376991, 0.575066
0.628319, 0.376991, 0.597792
0.69115, 0.376991, 0.619703
0.753982, 0.376991, 0.640616
0.816814, 0.376991, 0.660359
0.879646, 0.376991, 0.678771
0.942478, 0.376991, 0.695699
1.00531, 0.376991, 0.711002
1.06814, 0.376991, 0.72455
1.13097, 0.376991, 0.736223
1.19381, 0.376991, 0.745914
1.25664, 0.376991, 0.753525
1.31947, 0.376991, 0.758972
1.3823, 0.376991, 0.762182
1.44513, 0.376991, 0.763093
1.50796, 0.376991, 0.761656
1.5708, 0.376991, 0.757833
1.63363, 0.376991, 0.751599
1.69646, 0.376991, 0.742939
1.75929, 0.376991, 0.731851
1.82212, 0.376991, 0.718344
1.88496, 0.376991, 0.70244
1.94779, 0.376991, 0.68417
2.01062, 0.376991, 0.663577
2.07345, 0.376991, 0.640714
2.13628, 0.376991, 0.615646
2.19911, 0.376991, 0.588446
2.26195, 0.376991, 0.559197
2.32478, 0.376991, 0.527993
2.38761, 0.376991, 0.494934
2.45044, 0.376991, 0.46013
2.51327, 0.376991, 0.423698
2.57611, 0.376991, 0.385763
2.63894, 0.376991, 0.346456
2.70177, 0.376991, 0.305913
2.7646, 0.376991, 0.264277
2.82743, 0.376991, 0.221695
2.89027, 0.376991, 0.178319
2.9531, 0.376991, 0.134302
3.01593, 0.376991, 0.089804
3.07876, 0.376991, 0.0449829
0.0628319, 0.439823, 0.44009
0.125664, 0.439823, 0.455819
0.188496, 0.439823, 0.472713
0.251327, 0.439823, 0.490524
0.314159, 0.439823, 0.50901
0.376991, 0.439823, 0.527939
0.439823, 0.439823, 0.547085
0.502655, 0.439823, 0.566232
0.565487, 0.439823, 0.585171
0.628319, 0.439823, 0.603703
0.69115, 0.439823, 0.621638
0.753982, 0.439823, 0.638794
0.816814, 0.439823, 0.655001
0.879646, 0.439823, 0.670096
0.942478, 0.439823, 0.68393
1.00531, 0.439823, 0.69636
1.06814, 0.439823, 0.707257
1.13097, 0.439823, 0.716503
1.19381, 0.439823, 0.723988
1.25664, 0.439823, 0.729616
1.31947, 0.439823, 0.733301
1.3823, 0.439823, 0.734969
1.44513, 0.439823, 0.734556
1.50796, 0.439823, 0.732012
1.5708, 0.439823, 0.727295
1.63363, 0.439823, 0.720379
1.69646, 0.439823, 0.711245
1.75929, 0.439823, 0.699887
1.82212, 0.439823, 0.68631
1.88496, 0.439823, 0.67053
1.94779, 0.439823, 0.652574
2.01062, 0.439823, 0.632479
2.07345, 0.439823, 0.610292
2.13628, 0.439823, 0.586069
2.19911, 0.439823, 0.559879
2.26195, 0.439823, 0.531795
2.32478, 0.439823, 0.501903
2.38761, 0.439823, 0.470296
2.45044, 0.439823, 0.437073
2.51327, 0.439823, 0.402343
2.57611, 0.439823, 0.36622
2.63894, 0.439823, 0.328825
2.70177, 0.439823, 0.290286
2.7646, 0.439823, 0.250733
2.82743, 0.439823, 0.210302
2.89027, 0.439823, 0.169135
2.9531, 0.439823, 0.127374
3.01593, 0.439823, 0.0851657
3.07876, 0.439823, 0.0426578
0.0628319, 0.502655, 0.490162
0.125664, 0.502655, 0.500208
0.188496, 0.502655, 0.511632
0.251327, 0.502655, 0.524185
0.314159, 0.502655, 0.537624
0.376991, 0.502655, 0.551715
0.439823, 0.502655, 0.566232
0.502655, 0.502655, 0.580958
0.565487, 0.502655, 0.595685
0.628319, 0.502655, 0.610213
0.69115, 0.502655, 0.624353
0.753982, 0.502655, 0.637924
0.816814, 0.502655, 0.650755
0.879646, 0.502655, 0.662685
0.942478, 0.502655, 0.673565
1.00531, 0.502655, 0.683253
1.06814, 0.502655, 0.691619
1.13097, 0.502655, 0.698545
1.19381, 0.502655, 0.703922
1.25664, 0.502655, 0.707652
1.31947, 0.502655, 0.709649
1.3823, 0.502655, 0.709837
1.44513, 0.502655, 0.708152
1.50796, 0.502655, 0.70454
1.5708, 0.502655, 0.69896
1.63363, 0.502655, 0.691379
1.69646, 0.502655, 0.681776
1.75929, 0.502655, 0.670143
1.82212, 0.502655, 0.65648
1.88496, 0.502655, 0.640799
1.94779, 0.502655, 0.62312
2.01062, 0.502655, 0.603475
2.07345, 0.502655, 0.581906
2.13628, 0.502655, 0.558463
2.19911, 0.502655, 0.533206
2.26195, 0.502655, 0.506203
2.32478, 0.502655, 0.477531
2.38761, 0.502655, 0.447274
2.45044, 0.502655, 0.415524
2.51327, 0.502655, 0.382381
2.57611, 0.502655, 0.34795
2.63894, 0.502655, 0.312341
2.70177, 0.502655, 0.275673
2.7646, 0.502655, 0.238066
2.82743, 0.502655, 0.199647
2.89027, 0.502655, 0.160545
2.9531, 0.502655, 0.120893
3.01593, 0.502655, 0.080827
3.07876, 0.502655, 0.040483
0.0628319, 0.565487, 0.5386
0.125664, 0.565487, 0.543219
0.188496, 0.565487, 0.549424
0.251327, 0.565487, 0.556961
0.314159, 0.565487, 0.565587
0.376991, 0.565487, 0.575066
0.439823, 0.565487, 0.585171
0.502655, 0.565487, 0.595685
0.565487, 0.565487, 0.606398
0.628319, 0.565487, 0.617113
0.69115, 0.565487, 0.627638
0.753982, 0.565487, 0.637795
0.816814, 0.565487, 0.647411
0.879646, 0.565487, 0.656328
0.942478, 0.565487, 0.664393
1.00531, 0.565487, 0.671469
1.06814, 0.565487, 0.677423
1.13097, 0.565487, 0.682138
1.19381, 0.565487, 0.685504
1.25664, 0.565487, 0.687423
1.31947, 0.565487, 0.687807
1.3823, 0.565487, 0.686581
1.44513, 0.565487, 0.683677
1.50796, 0.565487, 0.67904
1.5708, 0.565487, 0.672626
1.63363, 0.565487, 0.664401
1.69646, 0.565487, 0.654341
1.75929, 0.565487, 0.642432
1.82212, 0.565487, 0.628671
1.88496, 0.565487, 0.613066
1.94779, 0.565487, 0.595632
2.01062, 0.565487, 0.576397
2.07345, 0.565487, 0.555396
2.13628, 0.565487, 0.532672
2.19911, 0.565487, 0.50828
2.26195, 0.565487, 0.482281
2.32478, 0.565487, 0.454744
2.38761, 0.565487, 0.425746
2.45044, 0.565487, 0.39537
2.51327, 0.565487, 0.363709
2.57611, 0.565487, 0.330857
2.63894, 0.565487, 0.296918
2.70177, 0.565487, 0.261999
2.7646, 0.565487, 0.226213
2.82743, 0.565487, 0.189675
2.89027, 0.565487, 0.152506
2.9531, 0.565487, 0.114828
3.01593, 0.565487, 0.076766
3.07876, 0.565487, 0.0384473
0.0628319, 0.628319, 0.585192
0.125664, 0.628319, 0.584647
0.188496, 0.628319, 0.585885
0.251327, 0.628319, 0.588651
0.314159, 0.628319, 0.592699
0.376991, 0.628319, 0.597792
0.439823, 0.628319, 0.603703
0.502655, 0.628319, 0.610213
0.565487, 0.628319, 0.617113
0.628319, 0.628319, 0.624204
0.69115, 0.628319, 0.631295
0.753982, 0.628319, 0.638207
0.816814, 0.628319, 0.644769
0.879646, 0.628319, 0.650822
0.942478, 0.628319, 0.656215
1.00531, 0.628319, 0.660807
1.06814, 0.628319, 0.664469
1.13097, 0.628319, 0.667081
1.19381, 0.628319, 0.668534
1.25664, 0.628319, 0.66873
1.31947, 0.628319, 0.667579
1.3823, 0.628319, 0.665003
1.44513, 0.628319, 0.660936
1.50796, 0.628319, 0.655319
1.5708, 0.628319, 0.648106
1.63363, 0.628319, 0.63926
1.69646, 0.628319, 0.628755
1.75929, 0.628319, 0.616573
1.82212, 0.628319, 0.602708
1.88496, 0.628319, 0.587162
1.94779, 0.628319, 0.569948
2.01062, 0.628319, 0.551087
2.07345, 0.628319, 0.530608
2.13628, 0.628319, 0.508552
2.19911, 0.628319, 0.484963
2.26195, 0.628319, 0.459898
2.32478, 0.628319, 0.433419
2.38761, 0.628319, 0.405596
2.45044, 0.628319, 0.376504
2.51327, 0.628319, 0.346227
2.57611, 0.628319, 0.314853
2.63894, 0.628319, 0.282475
2.70177, 0.628319, 0.249194
2.7646, 0.628319, 0.215112
2.82743, 0.628319, 0.180335
2.89027, 0.628319, 0.144976
2.9531, 0.628319, 0.109146
3.01593, 0.628319, 0.072962
3.07876, 0.628319, 0.0365405
0.0628319, 0.69115, 0.629738
0.125664, 0.69115, 0.624292
0.188496, 0.69115, 0.620819
0.251327, 0.69115, 0.61906
0.314159, 0.69115, 0.618767
0.376991, 0.69115, 0.619703
0.439823, 0.69115, 0.621638
0.502655, 0.69115, 0.624353
0.565487, 0.69115, 0.627638
0.628319, 0.69115, 0.631295
0.69115, 0.69115, 0.635132
0.753982, 0.69115, 0.63897
0.816814, 0.69115, 0.642639
0.879646, 0.69115, 0.645978
0.942478, 0.69115, 0.648838
1.00531, 0.69115, 0.651077
1.06814, 0.69115, 0.652566
1.13097, 0.69115, 0.653185
1.19381, 0.69115, 0.652825
1.25664, 0.69115, 0.651385
1.31947, 0.69115, 0.648776
1.3823, 0.69115, 0.644919
1.44513, 0.69115, 0.639746
1.50796, 0.69115, 0.633196
1.5708, 0.69115, 0.625221
1.63363, 0.69115, 0.615781
1.69646, 0.69115, 0.604847
1.75929, 0.69115, 0.592399
1.82212, 0.69115, 0.578427
1.88496, 0.69115, 0.562929
1.94779, 0.69115, 0.545913
2.01062, 0.69115, 0.527395
2.07345, 0.69115, 0.507401
2.13628, 0.69115, 0.485964
2.19911, 0.69115, 0.463124
2.26195, 0.69115, 0.438931
2.32478, 0.69115, 0.41344
2.38761, 0.69115, 0.386715
2.45044, 0.69115, 0.358824
2.51327, 0.69115, 0.329843
2.57611, 0.69115, 0.299852
2.63894, 0.69115, 0.268938
2.70177, 0.69115, 0.23719
2.7646, 0.69115, 0.204705
2.82743, 0.69115, 0.171579
2.89027, 0.69115, 0.137916
2.9531, 0.69115, 0.103819
3.01593, 0.69115, 0.0693955
3.07876, 0.69115, 0.0347526
0.0628319, 0.753982, 0.672046
0.125664, 0.753982, 0.661967
0.188496, 0.753982, 0.65404
0.251327, 0.753982, 0.648004
0.314159, 0.753982, 0.643609
0.376991, 0.753982, 0.640616
0.439823, 0.753982, 0.638794
0.502655, 0.753982, 0.637924
0.565487, 0.753982, 0.637795
0.628319, 0.753982, 0.638207
0.69115, 0.753982, 0.63897
0.753982, 0.753982, 0.639905
0.816814, 0.753982, 0.64084
0.879646, 0.753982, 0.641616
0.942478, 0.753982, 0.642082
1.00531, 0.753982, 0.642099
1.06814, 0.753982, 0.641535
1.13097, 0.753982, 0.640271
1.19381, 0.753982, 0.638196
1.25664, 0.753982, 0.63521
1.31947, 0.753982, 0.631223
1.3823, 0.753982, 0.626155
1.44513, 0.753982, 0.619934
1.50796, 0.753982, 0.6125
1.5708, 0.753982, 0.603802
1.63363, 0.753982, 0.593797
1.69646, 0.753982, 0.582455
1.75929, 0.753982, 0.569752
1.82212, 0.753982, 0.555674
1.88496, 0.753982, 0.540215
1.94779, 0.753982, 0.523381
2.01062, 0.753982, 0.505181
2.07345, 0.753982, 0.485638
2.13628, 0.753982, 0.464779
2.19911, 0.753982, 0.442639
2.26195, 0.753982, 0.419262
2.32478, 0.753982, 0.394697
2.38761, 0.753982, 0.369001
2.45044, 0.753982, 0.342236
2.51327, 0.753982, 0.314469
2.57611, 0.753982, 0.285776
2.63894, 0.753982, 0.256234
2.70177, 0.753982, 0.225925
2.7646, 0.753982, 0.194938
2.82743, 0.753982, 0.163362
2.89027, 0.753982, 0.131291
2.9531, 0.753982, 0.09882
3.01593, 0.753982, 0.0660482
3.07876, 0.753982, 0.0330746
0.0628319, 0.816814, 0.711933
0.125664, 0.816814, 0.697492
0.188496, 0.816814, 0.685371
0.251327, 0.816814, 0.675308
0.314159, 0.816814, 0.667052
0.376991, 0.816814, 0.660359
0.439823, 0.816814, 0.655001
0.502655, 0.816814, 0.650755
0.565487, 0.816814, 0.647411
0.628319, 0.816814, 0.644769
0.69115, 0.816814, 0.642639
0.753982, 0.816814, 0.64084
0.816814, 0.816814, 0.639202
0.879646, 0.816814, 0.637565
0.942478, 0.816814, 0.635779
1.00531, 0.816814, 0.633703
1.06814, 0.816814, 0.631206
1.13097, 0.816814, 0.628169
1.19381, 0.816814, 0.62448
1.25664, 0.816814, 0.620039
1.31947, 0.816814, 0.614754
1.3823, 0.816814, 0.608544
1.44513, 0.816814, 0.601336
1.50796, 0.816814, 0.593069
1.5708, 0.816814, 0.58369
1.63363, 0.816814, 0.573153
1.69646, 0.816814, 0.561426
1.75929, 0.816814, 0.548481
1.82212, 0.816814, 0.534301
1.88496, 0.816814, 0.518879
1.94779, 0.816814, 0.502214
2.01062, 0.816814, 0.484313
2.07345, 0.816814, 0.465193
2.13628, 0.816814, 0.444876
2.19911, 0.816814, 0.423394
2.26195, 0.816814, 0.400782
2.32478, 0.816814, 0.377087
2.38761, 0.816814, 0.352357
2.45044, 0.816814, 0.326649
2.51327, 0.816814, 0.300024
2.57611, 0.816814, 0.272549
2.63894, 0.816814, 0.244296
2.70177, 0.816814, 0.21534
2.7646, 0.816814, 0.18576
2.82743, 0.816814, 0.15564
2.89027, 0.816814, 0.125065
2.9531, 0.816814, 0.0941221
3.01593, 0.816814, 0.0629027
3.07876, 0.816814, 0.0314978
0.0628319, 0.879646, 0.749228
0.125664, 0.879646, 0.730698
0.188496, 0.879646, 0.714646
0.251327, 0.879646, 0.700809
0.314159, 0.879646, 0.688931
0.376991, 0.879646, 0.678771
0.439823, 0.879646, 0.670096
0.502655, 0.879646, 0.662685
0.565487, 0.879646, 0.656328
0.628319, 0.879646, 0.650822
0.69115, 0.879646, 0.645978
0.753982, 0.879646, 0.641616
0.816814, 0.879646, 0.637565
0.879646, 0.879646, 0.633666
0.942478, 0.879646, 0.629767
1.00531, 0.879646, 0.625728
1.06814, 0.879646, 0.621419
1.13097, 0.879646, 0.61672
1.19381, 0.879646, 0.611518
1.25664, 0.879646, 0.605712
1.31947, 0.879646, 0.599211
1.3823, 0.879646, 0.591931
1.44513, 0.879646, 0.5838
1.50796, 0.879646, 0.574753
1.5708, 0.879646, 0.564736
1.63363, 0.879646, 0.553702
1.69646, 0.879646, 0.541615
1.75929, 0.879646, 0.528445
1.82212, 0.879646, 0.514174
1.88496, 0.879646, 0.498788
1.94779, 0.879646, 0.482284
2.01062, 0.879646, 0.464666
2.07345, 0.879646, 0.445945
2.13628, 0.879646, 0.42614
2.19911, 0.879646, 0.405277
2.26195, 0.879646, 0.383388
2.32478, 0.879646, 0.360512
2.38761, 0.879646, 0.336692
2.45044, 0.879646, 0.311979
2.51327, 0.879646, 0.286429
2.57611, 0.879646, 0.260102
2.63894, 0.879646, 0.233062
2.70177, 0.879646, 0.205379
2.7646, 0.879646, 0.177124
2.82743, 0.879646, 0.148374
2.89027, 0.879646, 0.119206
2.9531, 0.879646, 0.0897014
3.01593, 0.879646, 0.0599428
3.07876, 0.879646, 0.0300141
0.0628319, 0.942478, 0.78377
0.125664, 0.942478, 0.761427
0.188496, 0.942478, 0.741709
0.251327, 0.942478, 0.72435
0.314159, 0.942478, 0.709095
0.376991, 0.942478, 0.695699
0.439823, 0.942478, 0.68393
0.502655, 0.942478, 0.673565
0.565487, 0.942478, 0.664393
0.628319, 0.942478, 0.656215
0.69115, 0.942478, 0.648838
0.753982, 0.942478, 0.642082
0.816814, 0.942478, 0.635779
0.879646, 0.942478, 0.629767
0.942478, 0.942478, 0.623896
1.00531, 0.942478, 0.618026
1.06814, 0.942478, 0.612025
1.13097, 0.942478, 0.605775
1.19381, 0.942478, 0.599161
1.25664, 0.942478, 0.592083
1.31947, 0.942478, 0.584448
1.3823, 0.942478, 0.576172
1.44513, 0.942478, 0.567181
1.50796, 0.942478, 0.557409
1.5708, 0.942478, 0.5468
1.63363, 0.942478, 0.535306
1.69646, 0.942478, 0.522888
1.75929, 0.942478, 0.509514
1.82212, 0.942478, 0.495161
1.88496, 0.942478, 0.479815
1.94779, 0.942478, 0.463469
2.01062, 0.942478, 0.446122
2.07345, 0.942478, 0.427782
2.13628, 0.942478, 0.408464
2.19911, 0.942478, 0.388188
2.26195, 0.942478, 0.366983
2.32478, 0.942478, 0.34488
2.38761, 0.942478, 0.321921
2.45044, 0.942478, 0.298148
2.51327, 0.942478, 0.273612
2.57611, 0.942478, 0.248368
2.63894, 0.942478, 0.222473
2.70177, 0.942478, 0.195989
2.7646, 0.942478, 0.168984
2.82743, 0.942478, 0.141525
2.89027, 0.942478, 0.113684
2.9531, 0.942478, 0.085535
3.01593, 0.942478, 0.0571533
3.07876, 0.942478, 0.0286157
0.0628319, 1.00531, 0.81541
0.125664, 1.00531, 0.789533
0.188496, 1.00531, 0.766416
0.251327, 1.00531, 0.745791
0.314159, 1.00531, 0.727401
0.376991, 1.00531, 0.711002
0.439823, 1.00531, 0.69636
0.502655, 1.00531, 0.683253
0.565487, 1.00531, 0.671469
0.628319, 1.00531, 0.660807
0.69115, 1.00531, 0.651077
0.753982, 1.00531, 0.642099
0.816814, 1.00531, 0.633703
0.879646, 1.00531, 0.625728
0.942478, 1.00531, 0.618026
1.00531, 1.00531, 0.610454
1.06814, 1.00531, 0.602884
1.13097, 1.00531, 0.595193
1.19381, 1.00531, 0.58727
1.25664, 1.00531, 0.579013
1.31947, 1.00531, 0.570327
1.3823, 1.00531, 0.56113
1.44513, 1.00531, 0.551344
1.50796, 1.00531, 0.540904
1.5708, 1.00531, 0.529751
1.63363, 1.00531, 0.517836
1.69646, 1.00531, 0.505117
1.75929, 1.00531, 0.491562
1.82212, 1.00531, 0.477144
1.88496, 1.00531, 0.461845
1.94779, 1.00531, 0.445656
2.01062, 1.00531, 0.428573
2.07345, 1.00531, 0.410599
2.13628, 1.00531, 0.391746
2.19911, 1.00531, 0.37203
2.26195, 1.00531, 0.351474
2.32478, 1.00531, 0.330107
2.38761, 1.00531, 0.307963
2.45044, 1.00531, 0.285081
2.51327, 1.00531, 0.261505
2.57611, 1.00531, 0.237285
2.63894, 1.00531, 0.212472
2.70177, 1.00531, 0.187123
2.7646, 1.00531, 0.161297
2.82743, 1.00531, 0.135058
2.89027, 1.00531, 0.108471
2.9531, 1.00531, 0.0816016
3.01593, 1.00531, 0.0545198
3.07876, 1.00531, 0.0272956
0.0628319, 1.06814, 0.844011
0.125664, 1.06814, 0.81488
0.188496, 1.06814, 0.788632
0.251327, 1.06814, 0.764998
0.314159, 1.06814, 0.743719
0.376991, 1.06814, 0.72455
0.439823, 1.06814, 0.707257
0.502655, 1.06814, 0.691619
0.565487, 1.06814, 0.677423
0.628319, 1.06814, 0.664469
0.69115, 1.06814, 0.652566
0.753982, 1.06814, 0.641535
0.816814, 1.06814, 0.631206
0.879646, 1.06814, 0.621419
0.942478, 1.06814, 0.612025
1.00531, 1.06814, 0.602884
1.06814, 1.06814, 0.593865
1.13097, 1.06814, 0.584846
1.19381, 1.06814, 0.575716
1.25664, 1.06814, 0.566372
1.31947, 1.06814, 0.556721
1.3823, 1.06814, 0.546676
1.44513, 1.06814, 0.536163
1.50796, 1.06814, 0.525112
1.5708, 1.06814, 0.513465
1.63363, 1.06814, 0.501171
1.69646, 1.06814, 0.488185
1.75929, 1.06814, 0.474474
1.82212, 1.06814, 0.460007
1.88496, 1.06814, 0.444767
1.94779, 1.06814, 0.428738
2.01062, 1.06814, 0.411914
2.07345, 1.06814, 0.394297
2.13628, 1.06814, 0.375892
2.19911, 1.06814, 0.356713
2.26195, 1.06814, 0.336778
2.32478, 1.06814, 0.316112
2.38761, 1.06814, 0.294744
2.45044, 1.06814, 0.272708
2.51327, 1.06814, 0.250044
2.57611, 1.06814, 0.226795
2.63894, 1.06814, 0.203007
2.70177, 1.06814, 0.178733
2.7646, 1.06814, 0.154025
2.82743, 1.06814, 0.128941
2.89027, 1.06814, 0.103539
2.9531, 1.06814, 0.077881
3.01593, 1.06814, 0.0520289
3.07876, 1.06814, 0.026047
0.0628319, 1.13097, 0.869449
0.125664, 1.13097, 0.837347
0.188496, 1.13097, 0.808238
0.251327, 1.13097, 0.781851
0.314159, 1.13097, 0.757928
0.376991, 1.13097, 0.736223
0.439823, 1.13097, 0.716503
0.502655, 1.13097, 0.698545
0.565487, 1.13097, 0.682138
0.628319, 1.13097, 0.667081
0.69115, 1.13097, 0.653185
0.753982, 1.13097, 0.640271
0.816814, 1.13097, 0.628169
0.879646, 1.13097, 0.61672
0.942478, 1.13097, 0.605775
1.00531, 1.13097, 0.595193
1.06814, 1.13097, 0.584846
1.13097, 1.13097, 0.574611
1.19381, 1.13097, 0.564377
1.25664, 1.13097, 0.554041
1.31947, 1.13097, 0.543508
1.3823, 1.13097, 0.532693
1.44513, 1.13097, 0.52152
1.50796, 1.13097, 0.509919
1.5708, 1.13097, 0.497829
1.63363, 1.13097, 0.485198
1.69646, 1.13097, 0.471981
1.75929, 1.13097, 0.458141
1.82212, 1.13097, 0.443647
1.88496, 1.13097, 0.428477
1.94779, 1.13097, 0.412615
2.01062, 1.13097, 0.396051
2.07345, 1.13097, 0.378783
2.13628, 1.13097, 0.360814
2.19911, 1.13097, 0.342153
2.26195, 1.13097, 0.322815
2.32478, 1.13097, 0.30282
2.38761, 1.13097, 0.282193
2.45044, 1.13097, 0.260964
2.51327, 1.13097, 0.239168
2.57611, 1.13097, 0.216843
2.63894, 1.13097, 0.194031
2.70177, 1.13097, 0.170777
2.7646, 1.13097, 0.14713
2.82743, 1.13097, 0.123142
2.89027, 1.13097, 0.0988644
2.9531, 1.13097, 0.0743543
3.01593, 1.13097, 0.049668
3.07876, 1.13097, 0.0248636
0.0628319, 1.19381, 0.891613
0.125664, 1.19381, 0.856824
0.188496, 1.19381, 0.825123
0.251327, 1.19381, 0.796242
0.314159, 1.19381, 0.76992
0.376991, 1.19381, 0.745914
0.439823, 1.19381, 0.723988
0.502655, 1.19381, 0.703922
0.565487, 1.19381, 0.685504
0.628319, 1.19381, 0.668534
0.69115, 1.19381, 0.652825
0.753982, 1.19381, 0.638196
0.816814, 1.19381, 0.62448
0.879646, 1.19381, 0.611518
0.942478, 1.19381, 0.599161
1.00531, 1.19381, 0.58727
1.06814, 1.19381, 0.575716
1.13097, 1.19381, 0.564377
1.19381, 1.19381, 0.553142
1.25664, 1.19381, 0.541907
1.31947, 1.19381, 0.530579
1.3823, 1.19381, 0.519071
1.44513, 1.19381, 0.507306
1.50796, 1.19381, 0.495215
1.5708, 1.19381, 0.482735
1.63363, 1.19381, 0.469812
1.69646, 1.19381, 0.456401
1.75929, 1.19381, 0.442463
1.82212, 1.19381, 0.427965
1.88496, 1.19381, 0.412881
1.94779, 1.19381, 0.397195
2.01062, 1.19381, 0.380894
2.07345, 1.19381, 0.363972
2.13628, 1.19381, 0.346428
2.19911, 1.19381, 0.328271
2.26195, 1.19381, 0.309509
2.32478, 1.19381, 0.29016
2.38761, 1.19381, 0.270244
2.45044, 1.19381, 0.249789
2.51327, 1.19381, 0.228822
2.57611, 1.19381, 0.207379
2.63894, 1.19381, 0.185496
2.70177, 1.19381, 0.163214
2.7646, 1.19381, 0.140577
2.82743, 1.19381, 0.117631
2.89027, 1.19381, 0.094423
2.9531, 1.19381, 0.0710039
3.01593, 1.19381, 0.0474253
3.07876, 1.19381, 0.0237395
0.0628319, 1.25664, 0.910406
0.125664, 1.25664, 0.873213
0.188496, 1.25664, 0.839193
0.251327, 1.25664, 0.808074
0.314159, 1.25664, 0.7796
0.376991, 1.25664, 0.753525
0.439823, 1.25664, 0.729616
0.502655, 1.25664, 0.707652
0.565487, 1.25664, 0.687423
0.628319, 1.25664, 0.66873
0.69115, 1.25664, 0.651385
0.753982, 1.25664, 0.63521
0.816814, 1.25664, 0.620039
0.879646, 1.25664, 0.605712
0.942478, 1.25664, 0.592083
1.00531, 1.25664, 0.579013
1.06814, 1.25664, 0.566372
1.13097, 1.25664, 0.554041
1.19381, 1.25664, 0.541907
1.25664, 1.25664, 0.529868
1.31947, 1.25664, 0.517831
1.3823, 1.25664, 0.505707
1.44513, 1.25664, 0.49342
1.50796, 1.25664, 0.4809
1.5708, 1.25664, 0.468084
1.63363, 1.25664, 0.454917
1.69646, 1.25664, 0.441351
1.75929, 1.25664, 0.427346
1.82212, 1.25664, 0.412868
1.88496, 1.25664, 0.39789
1.94779, 1.25664, 0.382391
2.01062, 1.25664, 0.366358
2.07345, 1.25664, 0.349781
2.13628, 1.25664, 0.332659
2.19911, 1.25664, 0.314993
2.26195, 1.25664, 0.296791
2.32478, 1.25664, 0.278067
2.38761, 1.25664, 0.258837
2.45044, 1.25664, 0.239124
2.51327, 1.25664, 0.218954
2.57611, 1.25664, 0.198355
2.63894, 1.25664, 0.177361
2.70177, 1.25664, 0.156008
2.7646, 1.25664, 0.134334
2.82743, 1.25664, 0.112382
2.89027, 1.25664, 0.0901929
2.9531, 1.25664, 0.0678135
3.01593, 1.25664, 0.0452897
3.07876, 1.25664, 0.0226692
0.0628319, 1.31947, 0.925744
0.125664, 1.31947, 0.886432
0.188496, 1.31947, 0.850362
0.251327, 1.31947, 0.817265
0.314159, 1.31947, 0.786883
0.376991, 1.31947, 0.758972
0.439823, 1.31947, 0.733301
0.502655, 1.31947, 0.709649
0.565487, 1.31947, 0.687807
0.628319, 1.31947, 0.667579
0.69115, 1.31947, 0.648776
0.753982, 1.31947, 0.631223
0.816814, 1.31947, 0.614754
0.879646, 1.31947, 0.599211
0.942478, 1.31947, 0.584448
1.00531, 1.31947, 0.570327
1.06814, 1.31947, 0.556721
1.13097, 1.31947, 0.543508
1.19381, 1.31947, 0.530579
1.25664, 1.31947, 0.517831
1.31947, 1.31947, 0.505169
1.3823, 1.31947, 0.492508
1.44513, 1.31947, 0.47977
1.50796, 1.31947, 0.466883
1.5708, 1.31947, 0.453785
1.63363, 1.31947, 0.440421
1.69646, 1.31947, 0.42674
1.75929, 1.31947, 0.412702
1.82212, 1.31947, 0.398272
1.88496, 1.31947, 0.38342
1.94779, 1.31947, 0.368124
2.01062, 1.31947, 0.352367
2.07345, 1.31947, 0.336138
2.13628, 1.31947, 0.319433
2.19911, 1.31947, 0.302251
2.26195, 1.31947, 0.284597
2.32478, 1.31947, 0.26648
2.38761, 1.31947, 0.247914
2.45044, 1.31947, 0.228918
2.51327, 1.31947, 0.209514
2.57611, 1.31947, 0.189727
2.63894, 1.31947, 0.169585
2.70177, 1.31947, 0.149122
2.7646, 1.31947, 0.128371
2.82743, 1.31947, 0.107368
2.89027, 1.31947, 0.0861539
2.9531, 1.31947, 0.0647675
3.01593, 1.31947, 0.0432511
3.07876, 1.31947, 0.0216475
0.0628319, 1.3823, 0.937558
0.125664, 1.3823, 0.896411
0.188496, 1.3823, 0.858562
0.251327, 1.3823, 0.823742
0.314159, 1.3823, 0.791697
0.376991, 1.3823, 0.762182
0.439823, 1.3823, 0.734969
0.502655, 1.3823, 0.709837
0.565487, 1.3823, 0.686581
0.628319, 1.3823, 0.665003
0.69115, 1.3823, 0.644919
0.753982, 1.3823, 0.626155
0.816814, 1.3823, 0.608544
0.879646, 1.3823, 0.591931
0.942478, 1.3823, 0.576172
1.00531, 1.3823, 0.56113
1.06814, 1.3823, 0.546676
1.13097, 1.3823, 0.532693
1.19381, 1.3823, 0.519071
1.25664, 1.3823, 0.505707
1.31947, 1.3823, 0.492508
1.3823, 1.3823, 0.479388
1.44513, 1.3823, 0.466268
1.50796, 1.3823, 0.453078
1.5708, 1.3823, 0.439755
1.63363, 1.3823, 0.426241
1.69646, 1.3823, 0.412488
1.75929, 1.3823, 0.398453
1.82212, 1.3823, 0.384098
1.88496, 1.3823, 0.369395
1.94779, 1.3823, 0.354317
2.01062, 1.3823, 0.338848
2.07345, 1.3823, 0.322973
2.13628, 1.3823, 0.306686
2.19911, 1.3823, 0.289982
2.26195, 1.3823, 0.272866
2.32478, 1.3823, 0.255342
2.38761, 1.3823, 0.237422
2.45044, 1.3823, 0.219121
2.51327, 1.3823, 0.200458
2.57611, 1.3823, 0.181453
2.63894, 1.3823, 0.162133
2.70177, 1.3823, 0.142524
2.7646, 1.3823, 0.122659
2.82743, 1.3823, 0.102568
2.89027, 1.3823, 0.0822869
2.9531, 1.3823, 0.0618518
3.01593, 1.3823, 0.0412999
3.07876, 1.3823, 0.0206696
0.0628319, 1.44513, 0.945793
0.125664, 1.44513, 0.903093
0.188496, 1.44513, 0.863734
0.251327, 1.44513, 0.827448
0.314159, 1.44513, 0.793981
0.376991, 1.44513, 0.763093
0.439823, 1.44513, 0.734556
0.502655, 1.44513, 0.708152
0.565487, 1.44513, 0.683677
0.628319, 1.44513, 0.660936
0.69115, 1.44513, 0.639746
0.753982, 1.44513, 0.619934
0.816814, 1.44513, 0.601336
0.879646, 1.44513, 0.5838
0.942478, 1.44513, 0.567181
1.00531, 1.44513, 0.551344
1.06814, 1.44513, 0.536163
1.13097, 1.44513, 0.52152
1.19381, 1.44513, 0.507306
1.25664, 1.44513, 0.49342
1.31947, 1.44513, 0.47977
1.3823, 1.44513, 0.466268
1.44513, 1.44513, 0.452838
1.50796, 1.44513, 0.439408
1.5708, 1.44513, 0.425916
1.63363, 1.44513, 0.412303
1.69646, 1.44513, 0.39852
1.75929, 1.44513, 0.384524
1.82212, 1.44513, 0.370275
1.88496, 1.44513, 0.355744
1.94779, 1.44513, 0.340904
2.01062, 1.44513, 0.325735
2.07345, 1.44513, 0.310222
2.13628, 1.44513, 0.294354
2.19911, 1.44513, 0.278128
2.26195, 1.44513, 0.261542
2.32478, 1.44513, 0.244601
2.38761, 1.44513, 0.227312
2.45044, 1.44513, 0.209688
2.51327, 1.44513, 0.191743
2.57611, 1.44513, 0.173496
2.63894, 1.44513, 0.154968
2.70177, 1.44513, 0.136185
2.7646, 1.44513, 0.117172
2.82743, 1.44513, 0.0979579
2.89027, 1.44513, 0.0785744
2.9531, 1.44513, 0.059053
3.01593, 1.44513, 0.0394272
3.07876, 1.44513, 0.0197312
0.0628319, 1.50796, 0.950408
0.125664, 1.50796, 0.906437
0.188496, 1.50796, 0.865834
0.251327, 1.50796, 0.828336
0.314159, 1.50796, 0.793689
0.376991, 1.50796, 0.761656
0.439823, 1.50796, 0.732012
0.502655, 1.50796, 0.70454
0.565487, 1.50796, 0.67904
0.628319, 1.50796, 0.655319
0.69115, 1.50796, 0.633196
0.753982, 1.50796, 0.6125
0.816814, 1.50796, 0.593069
0.879646, 1.50796, 0.574753
0.942478, 1.50796, 0.557409
1.00531, 1.50796, 0.540904
1.06814, 1.50796, 0.525112
1.13097, 1.50796, 0.509919
1.19381, 1.50796, 0.495215
1.25664, 1.50796, 0.4809
1.31947, 1.50796, 0.466883
1.3823, 1.50796, 0.453078
1.44513, 1.50796, 0.439408
1.50796, 1.50796, 0.425803
1.5708, 1.50796, 0.412197
1.63363, 1.50796, 0.398536
1.69646, 1.50796, 0.384767
1.75929, 1.50796, 0.370847
1.82212, 1.50796, 0.356736
1.88496, 1.50796, 0.342403
1.94779, 1.50796, 0.327821
2.01062, 1.50796, 0.312967
2.07345, 1.50796, 0.297825
2.13628, 1.50796, 0.282383
2.19911, 1.50796, 0.266634
2.26195, 1.50796, 0.250575
2.32478, 1.50796, 0.234208
2.38761, 1.50796, 0.217539
2.45044, 1.50796, 0.200575
2.51327, 1.50796, 0.18333
2.57611, 1.50796, 0.165819
2.63894, 1.50796, 0.14806
2.70177, 1.50796, 0.130074
2.7646, 1.50796, 0.111885
2.82743, 1.50796, 0.0935182
2.89027, 1.50796, 0.0749998
2.9531, 1.50796, 0.0563588
3.01593, 1.50796, 0.0376247
3.07876, 1.50796, 0.018828
0.0628319, 1.5708, 0.951378
0.125664, 1.5708, 0.906415
0.188496, 1.5708, 0.864834
0.251327, 1.5708, 0.826373
0.314159, 1.5708, 0.790785
0.376991, 1.5708, 0.757833
0.439823, 1.5708, 0.727295
0.502655, 1.5708, 0.69896
0.565487, 1.5708, 0.672626
0.628319, 1.5708, 0.648106
0.69115, 1.5708, 0.625221
0.753982, 1.5708, 0.603802
0.816814, 1.5708, 0.58369
0.879646, 1.5708, 0.564736
0.942478, 1.5708, 0.5468
1.00531, 1.5708, 0.529751
1.06814, 1.5708, 0.513465
1.13097, 1.5708, 0.497829
1.19381, 1.5708, 0.482735
1.25664, 1.5708, 0.468084
1.31947, 1.5708, 0.453785
1.3823, 1.5708, 0.439755
1.44513, 1.5708, 0.425916
1.50796, 1.5708, 0.412197
1.5708, 1.5708, 0.398537
1.63363, 1.5708, 0.384877
1.69646, 1.5708, 0.371166
1.75929, 1.5708, 0.357361
1.82212, 1.5708, 0.343421
1.88496, 1.5708, 0.329313
1.94779, 1.5708, 0.31501
2.01062, 1.5708, 0.300488
2.07345, 1.5708, 0.285728
2.13628, 1.5708, 0.270719
2.19911, 1.5708, 0.25545
2.26195, 1.5708, 0.239917
2.32478, 1.5708, 0.224119
2.38761, 1.5708, 0.20806
2.45044, 1.5708, 0.191745
2.51327, 1.5708, 0.175184
2.57611, 1.5708, 0.15839
2.63894, 1.5708, 0.141379
2.70177, 1.5708, 0.124168
2.7646, 1.5708, 0.106778
2.82743, 1.5708, 0.0892299
2.89027, 1.5708, 0.0715482
2.9531, 1.5708, 0.0537577
3.01593, 1.5708, 0.0358848
3.07876, 1.5708, 0.0179563
0.0628319, 1.63363, 0.948693
0.125664, 1.63363, 0.903013
0.188496, 1.63363, 0.860715
0.251327, 1.63363, 0.821541
0.314159, 1.63363, 0.785246
0.376991, 1.63363, 0.751599
0.439823, 1.63363, 0.720379
0.502655, 1.63363, 0.691379
0.565487, 1.63363, 0.664401
0.628319, 1.63363, 0.63926
0.69115, 1.63363, 0.615781
0.753982, 1.63363, 0.593797
0.816814, 1.63363, 0.573153
0.879646, 1.63363, 0.553702
0.942478, 1.63363, 0.535306
1.00531, 1.63363, 0.517836
1.06814, 1.63363, 0.501171
1.13097, 1.63363, 0.485198
1.19381, 1.63363, 0.469812
1.25664, 1.63363, 0.454917
1.31947, 1.63363, 0.440421
1.3823, 1.63363, 0.426241
1.44513, 1.63363, 0.412303
1.50796, 1.63363, 0.398536
1.5708, 1.63363, 0.384877
1.63363, 1.63363, 0.371269
1.69646, 1.63363, 0.357662
1.75929, 1.63363, 0.34401
1.82212, 1.63363, 0.330274
1.88496, 1.63363, 0.31642
1.94779, 1.63363, 0.302419
2.01062, 1.63363, 0.288246
2.07345, 1.63363, 0.273883
2.13628, 1.63363, 0.259315
2.19911, 1.63363, 0.244531
2.26195, 1.63363, 0.229524
2.32478, 1.63363, 0.214293
2.38761, 1.63363, 0.198836
2.45044, 1.63363, 0.18316
2.51327, 1.63363, 0.167271
2.57611, 1.63363, 0.15118
2.63894, 1.63363, 0.134898
2.70177, 1.63363, 0.118442
2.7646, 1.63363, 0.101828
2.82743, 1.63363, 0.0850756
2.89027, 1.63363, 0.0682055
2.9531, 1.63363, 0.0512394
3.01593, 1.63363, 0.0342005
3.07876, 1.63363, 0.0171125
0.0628319, 1.69646, 0.942355
0.125664, 1.69646, 0.896231
0.188496, 1.69646, 0.853475
0.251327, 1.69646, 0.813832
0.314159, 1.69646, 0.777063
0.376991, 1.69646, 0.742939
0.439823, 1.69646, 0.711245
0.502655, 1.69646, 0.681776
0.565487, 1.69646, 0.654341
0.628319, 1.69646, 0.628755
0.69115, 1.69646, 0.604847
0.753982, 1.69646, 0.582455
0.816814, 1.69646, 0.561426
0.879646, 1.69646, 0.541615
0.942478, 1.69646, 0.522888
1.00531, 1.69646, 0.505117
1.06814, 1.69646, 0.488185
1.13097, 1.69646, 0.471981
1.19381, 1.69646, 0.456401
1.25664, 1.69646, 0.441351
1.31947, 1.69646, 0.42674
1.3823, 1.69646, 0.412488
1.44513, 1.69646, 0.39852
1.50796, 1.69646, 0.384767
1.5708, 1.69646, 0.371166
1.63363, 1.69646, 0.357662
1.69646, 1.69646, 0.344203
1.75929, 1.69646, 0.330744
1.82212, 1.69646, 0.317246
1.88496, 1.69646, 0.303674
1.94779, 1.69646, 0.289999
2.01062, 1.69646, 0.276196
2.07345, 1.69646, 0.262244
2.13628, 1.69646, 0.248128
2.19911, 1.69646, 0.233835
2.26195, 1.69646, 0.219357
2.32478, 1.69646, 0.204691
2.38761, 1.69646, 0.189834
2.45044, 1.69646, 0.174789
2.51327, 1.69646, 0.159562
2.57611, 1.69646, 0.144159
2.63894, 1.69646, 0.128592
2.70177, 1.69646, 0.112873
2.7646, 1.69646, 0.0970169
2.82743, 1.69646, 0.0810395
2.89027, 1.69646, 0.0649588
2.9531, 1.69646, 0.048794
3.01593, 1.69646, 0.0325652
3.07876, 1.69646, 0.0162935
0.0628319, 1.75929, 0.932385
0.125664, 1.75929, 0.886084
0.188496, 1.75929, 0.843122
0.251327, 1.75929, 0.803251
0.314159, 1.75929, 0.766235
0.376991, 1.75929, 0.731851
0.439823, 1.75929, 0.699887
0.502655, 1.75929, 0.670143
0.565487, 1.75929, 0.642432
0.628319, 1.75929, 0.616573
0.69115, 1.75929, 0.592399
0.753982, 1.75929, 0.569752
0.816814, 1.75929, 0.548481
0.879646, 1.75929, 0.528445
0.942478, 1.75929, 0.509514
1.00531, 1.75929, 0.491562
1.06814, 1.75929, 0.474474
1.13097, 1.75929, 0.458141
1.19381, 1.75929, 0.442463
1.25664, 1.75929, 0.427346
1.31947, 1.75929, 0.412702
1.3823, 1.75929, 0.398453
1.44513, 1.75929, 0.384524
1.50796, 1.75929, 0.370847
1.5708, 1.75929, 0.357361
1.63363, 1.75929, 0.34401
1.69646, 1.75929, 0.330744
1.75929, 1.75929, 0.317518
1.82212, 1.75929, 0.304293
1.88496, 1.75929, 0.291033
1.94779, 1.75929, 0.277709
2.01062, 1.75929, 0.264295
2.07345, 1.75929, 0.25077
2.13628, 1.75929, 0.237118
2.19911, 1.75929, 0.223324
2.26195, 1.75929, 0.20938
2.32478, 1.75929, 0.195279
2.38761, 1.75929, 0.18102
2.45044, 1.75929, 0.166601
2.51327, 1.75929, 0.152027
2.57611, 1.75929, 0.137304
2.63894, 1.75929, 0.122439
2.70177, 1.75929, 0.107443
2.7646, 1.75929, 0.0923272
2.82743, 1.75929, 0.0771067
2.89027, 1.75929, 0.0617963
2.9531, 1.75929, 0.0464127
3.01593, 1.75929, 0.0309732
3.07876, 1.75929, 0.0154961
0.0628319, 1.82212, 0.918814
0.125664, 1.82212, 0.8726
0.188496, 1.82212, 0.829682
0.251327, 1.82212, 0.789818
0.314159, 1.82212, 0.752778
0.376991, 1.82212, 0.718344
0.439823, 1.82212, 0.68631
0.502655, 1.82212, 0.65648
0.565487, 1.82212, 0.628671
0.628319, 1.82212, 0.602708
0.69115, 1.82212, 0.578427
0.753982, 1.82212, 0.555674
0.816814, 1.82212, 0.534301
0.879646, 1.82212, 0.514174
0.942478, 1.82212, 0.495161
1.00531, 1.82212, 0.477144
1.06814, 1.82212, 0.460007
1.13097, 1.82212, 0.443647
1.19381, 1.82212, 0.427965
1.25664, 1.82212, 0.412868
1.31947, 1.82212, 0.398272
1.3823, 1.82212, 0.384098
1.44513, 1.82212, 0.370275
1.50796, 1.82212, 0.356736
1.5708, 1.82212, 0.343421
1.63363, 1.82212, 0.330274
1.69646, 1.82212, 0.317246
1.75929, 1.82212, 0.304293
1.82212, 1.82212, 0.291375
1.88496, 1.82212, 0.278457
1.94779, 1.82212, 0.265509
2.01062, 1.82212, 0.252506
2.07345, 1.82212, 0.239425
2.13628, 1.82212, 0.226249
2.19911, 1.82212, 0.212964
2.26195, 1.82212, 0.199559
2.32478, 1.82212, 0.186028
2.38761, 1.82212, 0.172365
2.45044, 1.82212, 0.158569
2.51327, 1.82212, 0.144643
2.57611, 1.82212, 0.13059
2.63894, 1.82212, 0.116417
2.70177, 1.82212, 0.102131
2.7646, 1.82212, 0.0877429
2.82743, 1.82212, 0.0732639
2.89027, 1.82212, 0.0587074
2.9531, 1.82212, 0.0440873
3.01593, 1.82212, 0.0294188
3.07876, 1.82212, 0.0147176
0.0628319, 1.88496, 0.901693
0.125664, 1.88496, 0.85582
0.188496, 1.88496, 0.81319
0.251327, 1.88496, 0.773563
0.314159, 1.88496, 0.736718
0.376991, 1.88496, 0.70244
0.439823, 1.88496, 0.67053
0.502655, 1.88496, 0.640799
0.565487, 1.88496, 0.613066
0.628319, 1.88496, 0.587162
0.69115, 1.88496, 0.562929
0.753982, 1.88496, 0.540215
0.816814, 1.88496, 0.518879
0.879646, 1.88496, 0.498788
0.942478, 1.88496, 0.479815
1.00531, 1.88496, 0.461845
1.06814, 1.88496, 0.444767
1.13097, 1.88496, 0.428477
1.19381, 1.88496, 0.412881
1.25664, 1.88496, 0.39789
1.31947, 1.88496, 0.38342
1.3823, 1.88496, 0.369395
1.44513, 1.88496, 0.355744
1.50796, 1.88496, 0.342403
1.5708, 1.88496, 0.329313
1.63363, 1.88496, 0.31642
1.69646, 1.88496, 0.303674
1.75929, 1.88496, 0.291033
1.82212, 1.88496, 0.278457
1.88496, 1.88496, 0.265911
1.94779, 1.88496, 0.253366
2.01062, 1.88496, 0.240795
2.07345, 1.88496, 0.228176
2.13628, 1.88496, 0.215491
2.19911, 1.88496, 0.202725
2.26195, 1.88496, 0.189866
2.32478, 1.88496, 0.176907
2.38761, 1.88496, 0.163842
2.45044, 1.88496, 0.150669
2.51327, 1.88496, 0.137386
2.57611, 1.88496, 0.123998
2.63894, 1.88496, 0.110508
2.70177, 1.88496, 0.0969222
2.7646, 1.88496, 0.0832494
2.82743, 1.88496, 0.0694991
2.89027, 1.88496, 0.0556821
2.9531, 1.88496, 0.0418105
3.01593, 1.88496, 0.0278972
3.07876, 1.88496, 0.0139557
0.0628319, 1.94779, 0.881082
0.125664, 1.94779, 0.835802
0.188496, 1.94779, 0.793695
0.251327, 1.94779, 0.75453
0.314159, 1.94779, 0.71809
0.376991, 1.94779, 0.68417
0.439823, 1.94779, 0.652574
0.502655, 1.94779, 0.62312
0.565487, 1.94779, 0.595632
0.628319, 1.94779, 0.569948
0.69115, 1.94779, 0.545913
0.753982, 1.94779, 0.523381
0.816814, 1.94779, 0.502214
0.879646, 1.94779, 0.482284
0.942478, 1.94779, 0.463469
1.00531, 1.94779, 0.445656
1.06814, 1.94779, 0.428738
1.13097, 1.94779, 0.412615
1.19381, 1.94779, 0.397195
1.25664, 1.94779, 0.382391
1.31947, 1.94779, 0.368124
1.3823, 1.94779, 0.354317
1.44513, 1.94779, 0.340904
1.50796, 1.94779, 0.327821
1.5708, 1.94779, 0.31501
1.63363, 1.94779, 0.302419
1.69646, 1.94779, 0.289999
1.75929, 1.94779, 0.277709
1.82212, 1.94779, 0.265509
1.88496, 1.94779, 0.253366
1.94779, 1.94779, 0.241249
2.01062, 1.94779, 0.229132
2.07345, 1.94779, 0.216993
2.13628, 1.94779, 0.204814
2.19911, 1.94779, 0.192578
2.26195, 1.94779, 0.180275
2.32478, 1.94779, 0.167894
2.38761, 1.94779, 0.155429
2.45044, 1.94779, 0.142877
2.51327, 1.94779, 0.130236
2.57611, 1.94779, 0.117508
2.63894, 1.94779, 0.104694
2.70177, 1.94779, 0.0918008
2.7646, 1.94779, 0.0788338
2.82743, 1.94779, 0.065801
2.89027, 1.94779, 0.0527115
2.9531, 1.94779, 0.0395755
3.01593, 1.94779, 0.0264038
3.07876, 1.94779, 0.013208
0.0628319, 2.01062, 0.857058
0.125664, 2.01062, 0.812614
0.188496, 2.01062, 0.77126
0.251327, 2.01062, 0.732774
0.314159, 2.01062, 0.696946
0.376991, 2.01062, 0.663577
0.439823, 2.01062, 0.632479
0.502655, 2.01062, 0.603475
0.565487, 2.01062, 0.576397
0.628319, 2.01062, 0.551087
0.69115, 2.01062, 0.527395
0.753982, 2.01062, 0.505181
0.816814, 2.01062, 0.484313
0.879646, 2.01062, 0.464666
0.942478, 2.01062, 0.446122
1.00531, 2.01062, 0.428573
1.06814, 2.01062, 0.411914
1.13097, 2.01062, 0.396051
1.19381, 2.01062, 0.380894
1.25664, 2.01062, 0.366358
1.31947, 2.01062, 0.352367
1.3823, 2.01062, 0.338848
1.44513, 2.01062, 0.325735
1.50796, 2.01062, 0.312967
1.5708, 2.01062, 0.300488
1.63363, 2.01062, 0.288246
1.69646, 2.01062, 0.276196
1.75929, 2.01062, 0.264295
1.82212, 2.01062, 0.252506
1.88496, 2.01062, 0.240795
1.94779, 2.01062, 0.229132
2.01062, 2.01062, 0.217492
2.07345, 2.01062, 0.205852
2.13628, 2.01062, 0.194193
2.19911, 2.01062, 0.182501
2.26195, 2.01062, 0.170761
2.32478, 2.01062, 0.158964
2.38761, 2.01062, 0.147104
2.45044, 2.01062, 0.135174
2.51327, 2.01062, 0.123174
2.57611, 2.01062, 0.111102
2.63894, 2.01062, 0.0989609
2.70177, 2.01062, 0.0867532
2.7646, 2.01062, 0.0744841
2.82743, 2.01062, 0.0621598
2.89027, 2.01062, 0.0497877
2.9531, 2.01062, 0.0373762
3.01593, 2.01062, 0.0249346
3.07876, 2.01062, 0.0124725
0.0628319, 2.07345, 0.829711
0.125664, 2.07345, 0.786337
0.188496, 2.07345, 0.745959
0.251327, 2.07345, 0.708362
0.314159, 2.07345, 0.673344
0.376991, 2.07345, 0.640714
0.439823, 2.07345, 0.610292
0.502655, 2.07345, 0.581906
0.565487, 2.07345, 0.555396
0.628319, 2.07345, 0.530608
0.69115, 2.07345, 0.507401
0.753982, 2.07345, 0.485638
0.816814, 2.07345, 0.465193
0.879646, 2.07345, 0.445945
0.942478, 2.07345, 0.427782
1.00531, 2.07345, 0.410599
1.06814, 2.07345, 0.394297
1.13097, 2.07345, 0.378783
1.19381, 2.07345, 0.363972
1.25664, 2.07345, 0.349781
1.31947, 2.07345, 0.336138
1.3823, 2.07345, 0.322973
1.44513, 2.07345, 0.310222
1.50796, 2.07345, 0.297825
1.5708, 2.07345, 0.285728
1.63363, 2.07345, 0.273883
1.69646, 2.07345, 0.262244
1.75929, 2.07345, 0.25077
1.82212, 2.07345, 0.239425
1.88496, 2.07345, 0.228176
1.94779, 2.07345, 0.216993
2.01062, 2.07345, 0.205852
2.07345, 2.07345, 0.19473
2.13628, 2.07345, 0.183608
2.19911, 2.07345, 0.17247
2.26195, 2.07345, 0.161304
2.32478, 2.07345, 0.150099
2.38761, 2.07345, 0.138847
2.45044, 2.07345, 0.127543
2.51327, 2.07345, 0.116183
2.57611, 2.07345, 0.104767
2.63894, 2.07345, 0.0932943
2.70177, 2.07345, 0.0817673
2.7646, 2.07345, 0.0701898
2.82743, 2.07345, 0.0585665
2.89027, 2.07345, 0.0469034
2.9531, 2.07345, 0.0352073
3.01593, 2.07345, 0.0234859
3.07876, 2.07345, 0.0117473
0.0628319, 2.13628, 0.799145
0.125664, 2.13628, 0.757067
0.188496, 2.13628, 0.717878
0.251327, 2.13628, 0.681372
0.314159, 2.13628, 0.647356
0.376991, 2.13628, 0.615646
0.439823, 2.13628, 0.586069
0.502655, 2.13628, 0.558463
0.565487, 2.13628, 0.532672
0.628319, 2.13628, 0.508552
0.69115, 2.13628, 0.485964
0.753982, 2.13628, 0.464779
0.816814, 2.13628, 0.444876
0.879646, 2.13628, 0.42614
0.942478, 2.13628, 0.408464
1.00531, 2.13628, 0.391746
1.06814, 2.13628, 0.375892
1.13097, 2.13628, 0.360814
1.19381, 2.13628, 0.346428
1.25664, 2.13628, 0.332659
1.31947, 2.13628, 0.319433
1.3823, 2.13628, 0.306686
1.44513, 2.13628, 0.294354
1.50796, 2.13628, 0.282383
1.5708, 2.13628, 0.270719
1.63363, 2.13628, 0.259315
1.69646, 2.13628, 0.248128
1.75929, 2.13628, 0.237118
1.82212, 2.13628, 0.226249
1.88496, 2.13628, 0.215491
1.94779, 2.13628, 0.204814
2.01062, 2.13628, 0.194193
2.07345, 2.13628, 0.183608
2.13628, 2.13628, 0.173038
2.19911, 2.13628, 0.162469
2.26195, 2.13628, 0.151887
2.32478, 2.13628, 0.141281
2.38761, 2.13628, 0.130643
2.45044, 2.13628, 0.119968
2.51327, 2.13628, 0.10925
2.57611, 2.13628, 0.0984883
2.63894, 2.13628, 0.087682
2.70177, 2.13628, 0.0768323
2.7646, 2.13628, 0.0659414
2.82743, 2.13628, 0.0550131
2.89027, 2.13628, 0.0440521
2.9531, 2.13628, 0.0330638
3.01593, 2.13628, 0.0220545
3.07876, 2.13628, 0.0110309
0.0628319, 2.19911, 0.765476
0.125664, 2.19911, 0.724911
0.188496, 2.19911, 0.687116
0.251327, 2.19911, 0.651895
0.314159, 2.19911, 0.619063
0.376991, 2.19911, 0.588446
0.439823, 2.19911, 0.559879
0.502655, 2.19911, 0.533206
0.565487, 2.19911, 0.50828
0.628319, 2.19911, 0.484963
0.69115, 2.19911, 0.463124
0.753982, 2.19911, 0.442639
0.816814, 2.19911, 0.423394
0.879646, 2.19911, 0.405277
0.942478, 2.19911, 0.388188
1.00531, 2.19911, 0.37203
1.06814, 2.19911, 0.356713
1.13097, 2.19911, 0.342153
1.19381, 2.19911, 0.328271
1.25664, 2.19911, 0.314993
1.31947, 2.19911, 0.302251
1.3823, 2.19911, 0.289982
1.44513, 2.19911, 0.278128
1.50796, 2.19911, 0.266634
1.5708, 2.19911, 0.25545
1.63363, 2.19911, 0.244531
1.69646, 2.19911, 0.233835
1.75929, 2.19911, 0.223324
1.82212, 2.19911, 0.212964
1.88496, 2.19911, 0.202725
1.94779, 2.19911, 0.192578
2.01062, 2.19911, 0.182501
2.07345, 2.19911, 0.17247
2.13628, 2.19911, 0.162469
2.19911, 2.19911, 0.152481
2.26195, 2.19911, 0.142493
2.32478, 2.19911, 0.132495
2.38761, 2.19911, 0.122478
2.45044, 2.19911, 0.112434
2.51327, 2.19911, 0.102361
2.57611, 2.19911, 0.0922545
2.63894, 2.19911, 0.0821136
2.70177, 2.19911, 0.0719385
2.7646, 2.19911, 0.0617306
2.82743, 2.19911, 0.0514927
2.89027, 2.19911, 0.0412282
2.9531, 2.19911, 0.0309414
3.01593, 2.19911, 0.0206374
3.07876, 2.19911, 0.0103217
0.0628319, 2.26195, 0.728832
0.125664, 2.26195, 0.689987
0.188496, 2.26195, 0.653781
0.251327, 2.26195, 0.620029
0.314159, 2.26195, 0.588557
0.376991, 2.26195, 0.559197
0.439823, 2.26195, 0.531795
0.502655, 2.26195, 0.506203
0.565487, 2.26195, 0.482281
0.628319, 2.26195, 0.459898
0.69115, 2.26195, 0.438931
0.753982, 2.26195, 0.419262
0.816814, 2.26195, 0.400782
0.879646, 2.26195, 0.383388
0.942478, 2.26195, 0.366983
1.00531, 2.26195, 0.351474
1.06814, 2.26195, 0.336778
1.13097, 2.26195, 0.322815
1.19381, 2.26195, 0.309509
1.25664, 2.26195, 0.296791
1.31947, 2.26195, 0.284597
1.3823, 2.26195, 0.272866
1.44513, 2.26195, 0.261542
1.50796, 2.26195, 0.250575
1.5708, 2.26195, 0.239917
1.63363, 2.26195, 0.229524
1.69646, 2.26195, 0.219357
1.75929, 2.26195, 0.20938
1.82212, 2.26195, 0.199559
1.88496, 2.26195, 0.189866
1.94779, 2.26195, 0.180275
2.01062, 2.26195, 0.170761
2.07345, 2.26195, 0.161304
2.13628, 2.26195, 0.151887
2.19911, 2.26195, 0.142493
2.26195, 2.26195, 0.133111
2.32478, 2.26195, 0.123729
2.38761, 2.26195, 0.114338
2.45044, 2.26195, 0.104932
2.51327, 2.26195, 0.0955054
2.57611, 2.26195, 0.0860552
2.63894, 2.26195, 0.0765795
2.70177, 2.26195, 0.0670776
2.7646, 2.26195, 0.0575502
2.82743, 2.26195, 0.047999
2.89027, 2.26195, 0.0384266
2.9531, 2.26195, 0.0288364
3.01593, 2.26195, 0.0192322
3.07876, 2.26195, 0.00961852
0.0628319, 2.32478, 0.689356
0.125664, 2.32478, 0.652426
0.188496, 2.32478, 0.617994
0.251327, 2.32478, 0.585887
0.314159, 2.32478, 0.555938
0.376991, 2.32478, 0.527993
0.439823, 2.32478, 0.501903
0.502655, 2.32478, 0.477531
0.565487, 2.32478, 0.454744
0.628319, 2.32478, 0.433419
0.69115, 2.32478, 0.41344
0.753982, 2.32478, 0.394697
0.816814, 2.32478, 0.377087
0.879646, 2.32478, 0.360512
0.942478, 2.32478, 0.34488
1.00531, 2.32478, 0.330107
1.06814, 2.32478, 0.316112
1.13097, 2.32478, 0.30282
1.19381, 2.32478, 0.29016
1.25664, 2.32478, 0.278067
1.31947, 2.32478, 0.26648
1.3823, 2.32478, 0.255342
1.44513, 2.32478, 0.244601
1.50796, 2.32478, 0.234208
1.5708, 2.32478, 0.224119
1.63363, 2.32478, 0.214293
1.69646, 2.32478, 0.204691
1.75929, 2.32478, 0.195279
1.82212, 2.32478, 0.186028
1.88496, 2.32478, 0.176907
1.94779, 2.32478, 0.167894
2.01062, 2.32478, 0.158964
2.07345, 2.32478, 0.150099
2.13628, 2.32478, 0.141281
2.19911, 2.32478, 0.132495
2.26195, 2.32478, 0.123729
2.32478, 2.32478, 0.114971
2.38761, 2.32478, 0.106214
2.45044, 2.32478, 0.0974499
2.51327, 2.32478, 0.0886737
2.57611, 2.32478, 0.0798818
2.63894, 2.32478, 0.0710717
2.70177, 2.32478, 0.0622423
2.7646, 2.32478, 0.0533936
2.82743, 2.32478, 0.0445266
2.89027, 2.32478, 0.035643
2.9531, 2.32478, 0.0267453
3.01593, 2.32478, 0.0178366
3.07876, 2.32478, 0.00892021
0.0628319, 2.38761, 0.647197
0.125664, 2.38761, 0.612367
0.188496, 2.38761, 0.579885
0.251327, 2.38761, 0.549587
0.314159, 2.38761, 0.521318
0.376991, 2.38761, 0.494934
0.439823, 2.38761, 0.470296
0.502655, 2.38761, 0.447274
0.565487, 2.38761, 0.425746
0.628319, 2.38761, 0.405596
0.69115, 2.38761, 0.386715
0.753982, 2.38761, 0.369001
0.816814, 2.38761, 0.352357
0.879646, 2.38761, 0.336692
0.942478, 2.38761, 0.321921
1.00531, 2.38761, 0.307963
1.06814, 2.38761, 0.294744
1.13097, 2.38761, 0.282193
1.19381, 2.38761, 0.270244
1.25664, 2.38761, 0.258837
1.31947, 2.38761, 0.247914
1.3823, 2.38761, 0.237422
1.44513, 2.38761, 0.227312
1.50796, 2.38761, 0.217539
1.5708, 2.38761, 0.20806
1.63363, 2.38761, 0.198836
1.69646, 2.38761, 0.189834
1.75929, 2.38761, 0.18102
1.82212, 2.38761, 0.172365
1.88496, 2.38761, 0.163842
1.94779, 2.38761, 0.155429
2.01062, 2.38761, 0.147104
2.07345, 2.38761, 0.138847
2.13628, 2.38761, 0.130643
2.19911, 2.38761, 0.122478
2.26195, 2.38761, 0.114338
2.32478, 2.38761, 0.106214
2.38761, 2.38761, 0.098097
2.45044, 2.38761, 0.0899802
2.51327, 2.38761, 0.0818581
2.57611, 2.38761, 0.0737268
2.63894, 2.38761, 0.0655834
2.70177, 2.38761, 0.0574266
2.7646, 2.38761, 0.0492556
2.82743, 2.38761, 0.0410709
2.89027, 2.38761, 0.0328736
2.9531, 2.38761, 0.0246653
3.01593, 2.38761, 0.0164485
3.07876, 2.38761, 0.00822579
0.0628319, 2.45044, 0.60252
0.125664, 2.45044, 0.569963
0.188496, 2.45044, 0.539593
0.251327, 2.45044, 0.511259
0.314159, 2.45044, 0.484816
0.376991, 2.45044, 0.46013
0.439823, 2.45044, 0.437073
0.502655, 2.45044, 0.415524
0.565487, 2.45044, 0.39537
0.628319, 2.45044, 0.376504
0.69115, 2.45044, 0.358824
0.753982, 2.45044, 0.342236
0.816814, 2.45044, 0.326649
0.879646, 2.45044, 0.311979
0.942478, 2.45044, 0.298148
1.00531, 2.45044, 0.285081
1.06814, 2.45044, 0.272708
1.13097, 2.45044, 0.260964
1.19381, 2.45044, 0.249789
1.25664, 2.45044, 0.239124
1.31947, 2.45044, 0.228918
1.3823, 2.45044, 0.219121
1.44513, 2.45044, 0.209688
1.50796, 2.45044, 0.200575
1.5708, 2.45044, 0.191745
1.63363, 2.45044, 0.18316
1.69646, 2.45044, 0.174789
1.75929, 2.45044, 0.166601
1.82212, 2.45044, 0.158569
1.88496, 2.45044, 0.150669
1.94779, 2.45044, 0.142877
2.01062, 2.45044, 0.135174
2.07345, 2.45044, 0.127543
2.13628, 2.45044, 0.119968
2.19911, 2.45044, 0.112434
2.26195, 2.45044, 0.104932
2.32478, 2.45044, 0.0974499
2.38761, 2.45044, 0.0899802
2.45044, 2.45044, 0.082516
2.51327, 2.45044, 0.0750519
2.57611, 2.45044, 0.0675839
2.63894, 2.45044, 0.0601089
2.70177, 2.45044, 0.052625
2.7646, 2.45044, 0.0451314
2.82743, 2.45044, 0.0376279
2.89027, 2.45044, 0.0301151
2.9531, 2.45044, 0.0225941
3.01593, 2.45044, 0.0150665
3.07876, 2.45044, 0.00753443
0.0628319, 2.51327, 0.555497
0.125664, 2.51327, 0.525374
0.188496, 2.51327, 0.497268
0.251327, 2.51327, 0.47104
0.314159, 2.51327, 0.446558
0.376991, 2.51327, 0.423698
0.439823, 2.51327, 0.402343
0.502655, 2.51327, 0.382381
0.565487, 2.51327, 0.363709
0.628319, 2.51327, 0.346227
0.69115, 2.51327, 0.329843
0.753982, 2.51327, 0.314469
0.816814, 2.51327, 0.300024
0.879646, 2.51327, 0.286429
0.942478, 2.51327, 0.273612
1.00531, 2.51327, 0.261505
1.06814, 2.51327, 0.250044
1.13097, 2.51327, 0.239168
1.19381, 2.51327, 0.228822
1.25664, 2.51327, 0.218954
1.31947, 2.51327, 0.209514
1.3823, 2.51327, 0.200458
1.44513, 2.51327, 0.191743
1.50796, 2.51327, 0.18333
1.5708, 2.51327, 0.175184
1.63363, 2.51327, 0.167271
1.69646, 2.51327, 0.159562
1.75929, 2.51327, 0.152027
1.82212, 2.51327, 0.144643
1.88496, 2.51327, 0.137386
1.94779, 2.51327, 0.130236
2.01062, 2.51327, 0.123174
2.07345, 2.51327, 0.116183
2.13628, 2.51327, 0.10925
2.19911, 2.51327, 0.102361
2.26195, 2.51327, 0.0955054
2.32478, 2.51327, 0.0886737
2.38761, 2.51327, 0.0818581
2.45044, 2.51327, 0.0750519
2.51327, 2.51327, 0.06825
2.57611, 2.51327, 0.0614481
2.63894, 2.51327, 0.0546433
2.70177, 2.51327, 0.0478334
2.7646, 2.51327, 0.0410173
2.82743, 2.51327, 0.0341944
2.89027, 2.51327, 0.0273648
2.9531, 2.51327, 0.0205294
3.01593, 2.51327, 0.0136891
3.07876, 2.51327, 0.00684542
0.0628319, 2.57611, 0.506311
0.125664, 2.57611, 0.478768
0.188496, 2.57611, 0.453066
0.251327, 2.57611, 0.429076
0.314159, 2.57611, 0.40668
0.376991, 2.57611, 0.385763
0.439823, 2.57611, 0.36622
0.502655, 2.57611, 0.34795
0.565487, 2.57611, 0.330857
0.628319, 2.57611, 0.314853
0.69115, 2.57611, 0.299852
0.753982, 2.57611, 0.285776
0.816814, 2.57611, 0.272549
0.879646, 2.57611, 0.260102
0.942478, 2.57611, 0.248368
1.00531, 2.57611, 0.237285
1.06814, 2.57611, 0.226795
1.13097, 2.57611, 0.216843
1.19381, 2.57611, 0.207379
1.25664, 2.57611, 0.198355
1.31947, 2.57611, 0.189727
1.3823, 2.57611, 0.181453
1.44513, 2.57611, 0.173496
1.50796, 2.57611, 0.165819
1.5708, 2.57611, 0.15839
1.63363, 2.57611, 0.15118
1.69646, 2.57611, 0.144159
1.75929, 2.57611, 0.137304
1.82212, 2.57611, 0.13059
1.88496, 2.57611, 0.123998
1.94779, 2.57611, 0.117508
2.01062, 2.57611, 0.111102
2.07345, 2.57611, 0.104767
2.13628, 2.57611, 0.0984883
2.19911, 2.57611, 0.0922545
2.26195, 2.57611, 0.0860552
2.32478, 2.57611, 0.0798818
2.38761, 2.57611, 0.0737268
2.45044, 2.57611, 0.0675839
2.51327, 2.57611, 0.0614481
2.57611, 2.57611, 0.0553155
2.63894, 2.57611, 0.0491829
2.70177, 2.57611, 0.0430482
2.7646, 2.57611, 0.03691
2.82743, 2.57611, 0.0307675
2.89027, 2.57611, 0.0246206
2.9531, 2.57611, 0.0184696
3.01593, 2.57611, 0.0123151
3.07876, 2.57611, 0.00615818
0.0628319, 2.63894, 0.455152
0.125664, 2.63894, 0.430325
0.188496, 2.63894, 0.407152
0.251327, 2.63894, 0.38552
0.314159, 2.63894, 0.365322
0.376991, 2.63894, 0.346456
0.439823, 2.63894, 0.328825
0.502655, 2.63894, 0.312341
0.565487, 2.63894, 0.296918
0.628319, 2.63894, 0.282475
0.69115, 2.63894, 0.268938
0.753982, 2.63894, 0.256234
0.816814, 2.63894, 0.244296
0.879646, 2.63894, 0.233062
0.942478, 2.63894, 0.222473
1.00531, 2.63894, 0.212472
1.06814, 2.63894, 0.203007
1.13097, 2.63894, 0.194031
1.19381, 2.63894, 0.185496
1.25664, 2.63894, 0.177361
1.31947, 2.63894, 0.169585
1.3823, 2.63894, 0.162133
1.44513, 2.63894, 0.154968
1.50796, 2.63894, 0.14806
1.5708, 2.63894, 0.141379
1.63363, 2.63894, 0.134898
1.69646, 2.63894, 0.128592
1.75929, 2.63894, 0.122439
1.82212, 2.63894, 0.116417
1.88496, 2.63894, 0.110508
1.94779, 2.63894, 0.104694
2.01062, 2.63894, 0.0989609
2.07345, 2.63894, 0.0932943
2.13628, 2.63894, 0.087682
2.19911, 2.63894, 0.0821136
2.26195, 2.63894, 0.0765795
2.32478, 2.63894, 0.0710717
2.38761, 2.63894, 0.0655834
2.45044, 2.63894, 0.0601089
2.51327, 2.63894, 0.0546433
2.57611, 2.63894, 0.0491829
2.63894, 2.63894, 0.0437247
2.70177, 2.63894, 0.0382666
2.7646, 2.63894, 0.0328071
2.82743, 2.63894, 0.0273452
2.89027, 2.63894, 0.0218805
2.9531, 2.63894, 0.0164132
3.01593, 2.63894, 0.0109436
3.07876, 2.63894, 0.00547223
0.0628319, 2.70177, 0.402219
0.125664, 2.70177, 0.380227
0.188496, 2.70177, 0.359699
0.251327, 2.70177, 0.340532
0.314159, 2.70177, 0.322633
0.376991, 2.70177, 0.305913
0.439823, 2.70177, 0.290286
0.502655, 2.70177, 0.275673
0.565487, 2.70177, 0.261999
0.628319, 2.70177, 0.249194
0.69115, 2.70177, 0.23719
0.753982, 2.70177, 0.225925
0.816814, 2.70177, 0.21534
0.879646, 2.70177, 0.205379
0.942478, 2.70177, 0.195989
1.00531, 2.70177, 0.187123
1.06814, 2.70177, 0.178733
1.13097, 2.70177, 0.170777
1.19381, 2.70177, 0.163214
1.25664, 2.70177, 0.156008
1.31947, 2.70177, 0.149122
1.3823, 2.70177, 0.142524
1.44513, 2.70177, 0.136185
1.50796, 2.70177, 0.130074
1.5708, 2.70177, 0.124168
1.63363, 2.70177, 0.118442
1.69646, 2.70177, 0.112873
1.75929, 2.70177, 0.107443
1.82212, 2.70177, 0.102131
1.88496, 2.70177, 0.0969222
1.94779, 2.70177, 0.0918008
2.01062, 2.70177, 0.0867532
2.07345, 2.70177, 0.0817673
2.13628, 2.70177, 0.0768323
2.19911, 2.70177, 0.0719385
2.26195, 2.70177, 0.0670776
2.32478, 2.70177, 0.0622423
2.38761, 2.70177, 0.0574266
2.45044, 2.70177, 0.052625
2.51327, 2.70177, 0.0478334
2.57611, 2.70177, 0.0430482
2.63894, 2.70177, 0.0382666
2.70177, 2.70177, 0.0334866
2.7646, 2.70177, 0.0287066
2.82743, 2.70177, 0.0239256
2.89027, 2.70177, 0.0191432
2.9531, 2.70177, 0.0143592
3.01593, 2.70177, 0.00957376
3.07876, 2.70177, 0.00478718
0.0628319, 2.7646, 0.347718
0.125664, 2.7646, 0.328669
0.188496, 2.7646, 0.310884
0.251327, 2.7646, 0.294277
0.314159, 2.7646, 0.278767
0.376991, 2.7646, 0.264277
0.439823, 2.7646, 0.250733
0.502655, 2.7646, 0.238066
0.565487, 2.7646, 0.226213
0.628319, 2.7646, 0.215112
0.69115, 2.7646, 0.204705
0.753982, 2.7646, 0.194938
0.816814, 2.7646, 0.18576
0.879646, 2.7646, 0.177124
0.942478, 2.7646, 0.168984
1.00531, 2.7646, 0.161297
1.06814, 2.7646, 0.154025
1.13097, 2.7646, 0.14713
1.19381, 2.7646, 0.140577
1.25664, 2.7646, 0.134334
1.31947, 2.7646, 0.128371
1.3823, 2.7646, 0.122659
1.44513, 2.7646, 0.117172
1.50796, 2.7646, 0.111885
1.5708, 2.7646, 0.106778
1.63363, 2.7646, 0.101828
1.69646, 2.7646, 0.0970169
1.75929, 2.7646, 0.0923272
1.82212, 2.7646, 0.0877429
1.88496, 2.7646, 0.0832494
1.94779, 2.7646, 0.0788338
2.01062, 2.7646, 0.0744841
2.07345, 2.7646, 0.0701898
2.13628, 2.7646, 0.0659414
2.19911, 2.7646, 0.0617306
2.26195, 2.7646, 0.0575502
2.32478, 2.7646, 0.0533936
2.38761, 2.7646, 0.0492556
2.45044, 2.7646, 0.0451314
2.51327, 2.7646, 0.0410173
2.57611, 2.7646, 0.03691
2.63894, 2.7646, 0.0328071
2.70177, 2.7646, 0.0287066
2.7646, 2.7646, 0.0246071
2.82743, 2.7646, 0.0205076
2.89027, 2.7646, 0.0164076
2.9531, 2.7646, 0.0123068
3.01593, 2.7646, 0.00820509
3.07876, 2.7646, 0.00410273
0.0628319, 2.82743, 0.291862
0.125664, 2.82743, 0.275846
0.188496, 2.82743, 0.260891
0.251327, 2.82743, 0.246927
0.314159, 2.82743, 0.233883
0.376991, 2.82743, 0.221695
0.439823, 2.82743, 0.210302
0.502655, 2.82743, 0.199647
0.565487, 2.82743, 0.189675
0.628319, 2.82743, 0.180335
0.69115, 2.82743, 0.171579
0.753982, 2.82743, 0.163362
0.816814, 2.82743, 0.15564
0.879646, 2.82743, 0.148374
0.942478, 2.82743, 0.141525
1.00531, 2.82743, 0.135058
1.06814, 2.82743, 0.128941
1.13097, 2.82743, 0.123142
1.19381, 2.82743, 0.117631
1.25664, 2.82743, 0.112382
1.31947, 2.82743, 0.107368
1.3823, 2.82743, 0.102568
1.44513, 2.82743, 0.0979579
1.50796, 2.82743, 0.0935182
1.5708, 2.82743, 0.0892299
1.63363, 2.82743, 0.0850756
1.69646, 2.82743, 0.0810395
1.75929, 2.82743, 0.0771067
1.82212, 2.82743, 0.0732639
1.88496, 2.82743, 0.0694991
1.94779, 2.82743, 0.065801
2.01062, 2.82743, 0.0621598
2.07345, 2.82743, 0.0585665
2.13628, 2.82743, 0.0550131
2.19911, 2.82743, 0.0514927
2.26195, 2.82743, 0.047999
2.32478, 2.82743, 0.0445266
2.38761, 2.82743, 0.0410709
2.45044, 2.82743, 0.0376279
2.51327, 2.82743, 0.0341944
2.57611, 2.82743, 0.0307675
2.63894, 2.82743, 0.0273452
2.70177, 2.82743, 0.0239256
2.7646, 2.82743, 0.0205076
2.82743, 2.82743, 0.0170902
2.89027, 2.82743, 0.0136729
2.9531, 2.82743, 0.0102552
3.01593, 2.82743, 0.00683711
3.07876, 2.82743, 0.00341866
0.0628319, 2.89027, 0.234867
0.125664, 2.89027, 0.221962
0.188496, 2.89027, 0.20991
0.251327, 2.89027, 0.198656
0.314159, 2.89027, 0.188143
0.376991, 2.89027, 0.178319
0.439823, 2.89027, 0.169135
0.502655, 2.89027, 0.160545
0.565487, 2.89027, 0.152506
0.628319, 2.89027, 0.144976
0.69115, 2.89027, 0.137916
0.753982, 2.89027, 0.131291
0.816814, 2.89027, 0.125065
0.879646, 2.89027, 0.119206
0.942478, 2.89027, 0.113684
1.00531, 2.89027, 0.108471
1.06814, 2.89027, 0.103539
1.13097, 2.89027, 0.0988644
1.19381, 2.89027, 0.094423
1.25664, 2.89027, 0.0901929
1.31947, 2.89027, 0.0861539
1.3823, 2.89027, 0.0822869
1.44513, 2.89027, 0.0785744
1.50796, 2.89027, 0.0749998
1.5708, 2.89027, 0.0715482
1.63363, 2.89027, 0.0682055
1.69646, 2.89027, 0.0649588
1.75929, 2.89027, 0.0617963
1.82212, 2.89027, 0.0587074
1.88496, 2.89027, 0.0556821
1.94779, 2.89027, 0.0527115
2.01062, 2.89027, 0.0497877
2.07345, 2.89027, 0.0469034
2.13628, 2.89027, 0.0440521
2.19911, 2.89027, 0.0412282
2.26195, 2.89027, 0.0384266
2.32478, 2.89027, 0.035643
2.38761, 2.89027, 0.0328736
2.45044, 2.89027, 0.0301151
2.51327, 2.89027, 0.0273648
2.57611, 2.89027, 0.0246206
2.63894, 2.89027, 0.0218805
2.70177, 2.89027, 0.0191432
2.7646, 2.89027, 0.0164076
2.82743, 2.89027, 0.0136729
2.89027, 2.89027, 0.0109385
2.9531, 2.89027, 0.00820405
3.01593, 2.89027, 0.00546951
3.07876, 2.89027, 0.00273481
0.0628319, 2.9531, 0.176957
0.125664, 2.9531, 0.167223
0.188496, 2.9531, 0.158134
0.251327, 2.9531, 0.149644
0.314159, 2.9531, 0.141714
0.376991, 2.9531, 0.134302
0.439823, 2.9531, 0.127374
0.502655, 2.9531, 0.120893
0.565487, 2.9531, 0.114828
0.628319, 2.9531, 0.109146
0.69115, 2.9531, 0.103819
0.753982, 2.9531, 0.09882
0.816814, 2.9531, 0.0941221
0.879646, 2.9531, 0.0897014
0.942478, 2.9531, 0.085535
1.00531, 2.9531, 0.0816016
1.06814, 2.9531, 0.077881
1.13097, 2.9531, 0.0743543
1.19381, 2.9531, 0.0710039
1.25664, 2.9531, 0.0678135
1.31947, 2.9531, 0.0647675
1.3823, 2.9531, 0.0618518
1.44513, 2.9531, 0.059053
1.50796, 2.9531, 0.0563588
1.5708, 2.9531, 0.0537577
1.63363, 2.9531, 0.0512394
1.69646, 2.9531, 0.048794
1.75929, 2.9531, 0.0464127
1.82212, 2.9531, 0.0440873
1.88496, 2.9531, 0.0418105
1.94779, 2.9531, 0.0395755
2.01062, 2.9531, 0.0373762
2.07345, 2.9531, 0.0352073
2.13628, 2.9531, 0.0330638
2.19911, 2.9531, 0.0309414
2.26195, 2.9531, 0.0288364
2.32478, 2.9531, 0.0267453
2.38761, 2.9531, 0.0246653
2.45044, 2.9531, 0.0225941
2.51327, 2.9531, 0.0205294
2.57611, 2.9531, 0.0184696
2.63894, 2.9531, 0.0164132
2.70177, 2.9531, 0.0143592
2.7646, 2.9531, 0.0123068
2.82743, 2.9531, 0.0102552
2.89027, 2.9531, 0.00820405
2.9531, 2.9531, 0.00615307
3.01593, 2.9531, 0.00410209
3.07876, 2.9531, 0.00205106
0.0628319, 3.01593, 0.118356
0.125664, 3.01593, 0.111841
0.188496, 3.01593, 0.105757
0.251327, 3.01593, 0.100074
0.314159, 3.01593, 0.0947653
0.376991, 3.01593, 0.089804
0.439823, 3.01593, 0.0851657
0.502655, 3.01593, 0.080827
0.565487, 3.01593, 0.076766
0.628319, 3.01593, 0.072962
0.69115, 3.01593, 0.0693955
0.753982, 3.01593, 0.0660482
0.816814, 3.01593, 0.0629027
0.879646, 3.01593, 0.0599428
0.942478, 3.01593, 0.0571533
1.00531, 3.01593, 0.0545198
1.06814, 3.01593, 0.0520289
1.13097, 3.01593, 0.049668
1.19381, 3.01593, 0.0474253
1.25664, 3.01593, 0.0452897
1.31947, 3.01593, 0.0432511
1.3823, 3.01593, 0.0412999
1.44513, 3.01593, 0.0394272
1.50796, 3.01593, 0.0376247
1.5708, 3.01593, 0.0358848
1.63363, 3.01593, 0.0342005
1.69646, 3.01593, 0.0325652
1.75929, 3.01593, 0.0309732
1.82212, 3.01593, 0.0294188
1.88496, 3.01593, 0.0278972
1.94779, 3.01593, 0.0264038
2.01062, 3.01593, 0.0249346
2.07345, 3.01593, 0.0234859
2.13628, 3.01593, 0.0220545
2.19911, 3.01593, 0.0206374
2.26195, 3.01593, 0.0192322
2.32478, 3.01593, 0.0178366
2.38761, 3.01593, 0.0164485
2.45044, 3.01593, 0.0150665
2.51327, 3.01593, 0.0136891
2.57611, 3.01593, 0.0123151
2.63894, 3.01593, 0.0109436
2.70177, 3.01593, 0.00957376
2.7646, 3.01593, 0.00820509
2.82743, 3.01593, 0.00683711
2.89027, 3.01593, 0.00546951
2.9531, 3.01593, 0.00410209
3.01593, 3.01593, 0.00273473
3.07876, 3.01593, 0.00136737
0.0628319, 3.07876, 0.0592937
0.125664, 3.07876, 0.0560284
0.188496, 3.07876, 0.052979
0.251327, 3.07876, 0.0501307
0.314159, 3.07876, 0.0474697
0.376991, 3.07876, 0.0449829
0.439823, 3.07876, 0.0426578
0.502655, 3.07876, 0.040483
0.565487, 3.07876, 0.0384473
0.628319, 3.07876, 0.0365405
0.69115, 3.07876, 0.0347526
0.753982, 3.07876, 0.0330746
0.816814, 3.07876, 0.0314978
0.879646, 3.07876, 0.0300141
0.942478, 3.07876, 0.0286157
1.00531, 3.07876, 0.0272956
1.06814, 3.07876, 0.026047
1.13097, 3.07876, 0.0248636
1.19381, 3.07876, 0.0237395
1.25664, 3.07876, 0.0226692
1.31947, 3.07876, 0.0216475
1.3823, 3.07876, 0.0206696
1.44513, 3.07876, 0.0197312
1.50796, 3.07876, 0.018828
1.5708, 3.07876, 0.0179563
1.63363, 3.07876, 0.0171125
1.69646, 3.07876, 0.0162935
1.75929, 3.07876, 0.0154961
1.82212, 3.07876, 0.0147176
1.88496, 3.07876, 0.0139557
1.94779, 3.07876, 0.013208
2.01062, 3.07876, 0.0124725
2.07345, 3.07876, 0.0117473
2.13628, 3.07876, 0.0110309
2.19911, 3.07876, 0.0103217
2.26195, 3.07876, 0.00961852
2.32478, 3.07876, 0.00892021
2.38761, 3.07876, 0.00822579
2.45044, 3.07876, 0.00753443
2.51327, 3.07876, 0.00684542
2.57611, 3.07876, 0.00615818
2.63894, 3.07876, 0.00547223
2.70177, 3.07876, 0.00478718
2.7646, 3.07876, 0.00410273
2.82743, 3.07876, 0.00341866
2.89027, 3.07876, 0.00273481
2.9531, 3.07876, 0.00205106
3.01593, 3.07876, 0.00136737
3.07876, 3.07876, 0.000683683
