0.0785398, 0.0785398, 0.145025
0.15708, 0.0785398, 0.211591
0.235619, 0.0785398, 0.277679
0.314159, 0.0785398, 0.342818
0.392699, 0.0785398, 0.40655
0.471239, 0.0785398, 0.468426
0.549779, 0.0785398, 0.528017
0.628319, 0.0785398, 0.584909
0.706858, 0.0785398, 0.638709
0.785398, 0.0785398, 0.689046
0.863938, 0.0785398, 0.735572
0.942478, 0.0785398, 0.777968
1.02102, 0.0785398, 0.81594
1.09956, 0.0785398, 0.849226
1.1781, 0.0785398, 0.877594
1.25664, 0.0785398, 0.900844
1.33518, 0.0785398, 0.91881
1.41372, 0.0785398, 0.931359
1.49226, 0.0785398, 0.938395
1.5708, 0.0785398, 0.939855
1.64934, 0.0785398, 0.935713
1.72788, 0.0785398, 0.92598
1.80642, 0.0785398, 0.910699
1.88496, 0.0785398, 0.889953
1.9635, 0.0785398, 0.863854
2.04204, 0.0785398, 0.832553
2.12058, 0.0785398, 0.796231
2.19911, 0.0785398, 0.755102
2.27765, 0.0785398, 0.709408
2.35619, 0.0785398, 0.659422
2.43473, 0.0785398, 0.605443
2.51327, 0.0785398, 0.547796
2.59181, 0.0785398, 0.486828
2.67035, 0.0785398, 0.422907
2.74889, 0.0785398, 0.356419
2.82743, 0.0785398, 0.287768
2.90597, 0.0785398, 0.21737
2.98451, 0.0785398, 0.145651
3.06305, 0.0785398, 0.0730473
0.0785398, 0.15708, 0.211591
0.15708, 0.15708, 0.267226
0.235619, 0.15708, 0.322861
0.314159, 0.15708, 0.378027
0.392699, 0.15708, 0.43227
0.471239, 0.15708, 0.485148
0.549779, 0.15708, 0.536235
0.628319, 0.15708, 0.585126
0.706858, 0.15708, 0.631434
0.785398, 0.15708, 0.674794
0.863938, 0.15708, 0.714868
0.942478, 0.15708, 0.751341
1.02102, 0.15708, 0.783926
1.09956, 0.15708, 0.812364
1.1781, 0.15708, 0.836427
1.25664, 0.15708, 0.855916
1.33518, 0.15708, 0.870666
1.41372, 0.15708, 0.880544
1.49226, 0.15708, 0.885448
1.5708, 0.15708, 0.885311
1.64934, 0.15708, 0.880101
1.72788, 0.15708, 0.869818
1.80642, 0.15708, 0.854495
1.88496, 0.15708, 0.8342
1.9635, 0.15708, 0.809032
2.04204, 0.15708, 0.779121
2.12058, 0.15708, 0.74463
2.19911, 0.15708, 0.70575
2.27765, 0.15708, 0.662701
2.35619, 0.15708, 0.615729
2.43473, 0.15708, 0.565107
2.51327, 0.15708, 0.511128
2.59181, 0.15708, 0.45411
2.67035, 0.15708, 0.39439
2.74889, 0.15708, 0.332319
2.82743, 0.15708, 0.268267
2.90597, 0.15708, 0.202614
2.98451, 0.15708, 0.135752
3.06305, 0.15708, 0.0680793
0.0785398, 0.235619, 0.277679
0.15708, 0.235619, 0.322861
0.235619, 0.235619, 0.368511
0.314159, 0.235619, 0.41416
0.392699, 0.235619, 0.459356
0.471239, 0.235619, 0.50366
0.549779, 0.235619, 0.54665
0.628319, 0.235619, 0.587925
0.706858, 0.235619, 0.627105
0.785398, 0.235619, 0.66383
0.863938, 0.235619, 0.697766
0.942478, 0.235619, 0.728603
1.02102, 0.235619, 0.756059
1.09956, 0.235619, 0.779878
1.1781, 0.235619, 0.799833
1.25664, 0.235619, 0.815728
1.33518, 0.235619, 0.827396
1.41372, 0.235619, 0.834701
1.49226, 0.235619, 0.837541
1.5708, 0.235619, 0.835841
1.64934, 0.235619, 0.829562
1.72788, 0.235619, 0.818696
1.80642, 0.235619, 0.803264
1.88496, 0.235619, 0.783321
1.9635, 0.235619, 0.758952
2.04204, 0.235619, 0.73027
2.12058, 0.235619, 0.697418
2.19911, 0.235619, 0.660568
2.27765, 0.235619, 0.619918
2.35619, 0.235619, 0.575688
2.43473, 0.235619, 0.528126
2.51327, 0.235619, 0.477499
2.59181, 0.235619, 0.424096
2.67035, 0.235619, 0.368222
2.74889, 0.235619, 0.3102
2.82743, 0.235619, 0.250366
2.90597, 0.235619, 0.189068
2.98451, 0.235619, 0.126664
3.06305, 0.235619, 0.0635178
0.0785398, 0.314159, 0.342818
0.15708, 0.314159, 0.378027
0.235619, 0.314159, 0.41416
0.314159, 0.314159, 0.450748
0.392699, 0.314159, 0.487335
0.471239, 0.314159, 0.523485
0.549779, 0.314159, 0.55878
0.628319, 0.314159, 0.592821
0.706858, 0.314159, 0.625231
0.785398, 0.314159, 0.655655
0.863938, 0.314159, 0.683762
0.942478, 0.314159, 0.709247
1.02102, 0.314159, 0.731829
1.09956, 0.314159, 0.751254
1.1781, 0.314159, 0.767299
1.25664, 0.314159, 0.779766
1.33518, 0.314159, 0.788487
1.41372, 0.314159, 0.793326
1.49226, 0.314159, 0.794172
1.5708, 0.314159, 0.79095
1.64934, 0.314159, 0.783611
1.72788, 0.314159, 0.772139
1.80642, 0.314159, 0.756544
1.88496, 0.314159, 0.736869
1.9635, 0.314159, 0.713184
2.04204, 0.314159, 0.685587
2.12058, 0.314159, 0.654205
2.19911, 0.314159, 0.619188
2.27765, 0.314159, 0.580712
2.35619, 0.314159, 0.538979
2.43473, 0.314159, 0.49421
2.51327, 0.314159, 0.446647
2.59181, 0.314159, 0.396552
2.67035, 0.314159, 0.344203
2.74889, 0.314159, 0.289893
2.82743, 0.314159, 0.233929
2.90597, 0.314159, 0.176628
2.98451, 0.314159, 0.118317
3.06305, 0.314159, 0.0593284
0.0785398, 0.392699, 0.40655
0.15708, 0.392699, 0.43227
0.235619, 0.392699, 0.459356
0.314159, 0.392699, 0.487335
0.392699, 0.392699, 0.51575
0.471239, 0.392699, 0.544165
0.549779, 0.392699, 0.572163
0.628319, 0.392699, 0.599347
0.706858, 0.392699, 0.625342
0.785398, 0.392699, 0.649796
0.863938, 0.392699, 0.672381
0.942478, 0.392699, 0.692793
1.02102, 0.392699, 0.710754
1.09956, 0.392699, 0.726012
1.1781, 0.392699, 0.738343
1.25664, 0.392699, 0.74755
1.33518, 0.392699, 0.753462
1.41372, 0.392699, 0.755941
1.49226, 0.392699, 0.754873
1.5708, 0.392699, 0.750176
1.64934, 0.392699, 0.741795
1.72788, 0.392699, 0.729703
1.80642, 0.392699, 0.713904
1.88496, 0.392699, 0.694426
1.9635, 0.392699, 0.671327
2.04204, 0.392699, 0.644691
2.12058, 0.392699, 0.614625
2.19911, 0.392699, 0.581265
2.27765, 0.392699, 0.544765
2.35619, 0.392699, 0.505306
2.43473, 0.392699, 0.463087
2.51327, 0.392699, 0.418327
2.59181, 0.392699, 0.371262
2.67035, 0.392699, 0.322144
2.74889, 0.392699, 0.27124
2.82743, 0.392699, 0.218829
2.90597, 0.392699, 0.165199
2.98451, 0.392699, 0.110648
3.06305, 0.392699, 0.0554787
0.0785398, 0.471239, 0.468426
0.15708, 0.471239, 0.485148
0.235619, 0.471239, 0.50366
0.314159, 0.471239, 0.523485
0.392699, 0.471239, 0.544165
0.471239, 0.471239, 0.565263
0.549779, 0.471239, 0.58636
0.628319, 0.471239, 0.607062
0.706858, 0.471239, 0.626994
0.785398, 0.471239, 0.645807
0.863938, 0.471239, 0.663173
0.942478, 0.471239, 0.67879
1.02102, 0.471239, 0.692382
1.09956, 0.471239, 0.703698
1.1781, 0.471239, 0.712512
1.25664, 0.471239, 0.718627
1.33518, 0.471239, 0.721872
1.41372, 0.471239, 0.722102
1.49226, 0.471239, 0.719203
1.5708, 0.471239, 0.713086
1.64934, 0.471239, 0.703688
1.72788, 0.471239, 0.690976
1.80642, 0.471239, 0.674941
1.88496, 0.471239, 0.655604
1.9635, 0.471239, 0.633008
2.04204, 0.471239, 0.607223
2.12058, 0.471239, 0.578341
2.19911, 0.471239, 0.54648
2.27765, 0.471239, 0.511778
2.35619, 0.471239, 0.474394
2.43473, 0.471239, 0.434506
2.51327, 0.471239, 0.392312
2.59181, 0.471239, 0.348024
2.67035, 0.471239, 0.301872
2.74889, 0.471239, 0.254095
2.82743, 0.471239, 0.204947
2.90597, 0.471239, 0.154691
2.98451, 0.471239, 0.103596
3.06305, 0.471239, 0.051939
0.0785398, 0.549779, 0.528017
0.15708, 0.549779, 0.536235
0.235619, 0.549779, 0.54665
0.314159, 0.549779, 0.55878
0.392699, 0.549779, 0.572163
0.471239, 0.549779, 0.58636
0.549779, 0.549779, 0.600953
0.628319, 0.549779, 0.615546
0.706858, 0.549779, 0.629766
0.785398, 0.549779, 0.643264
0.863938, 0.549779, 0.655713
0.942478, 0.549779, 0.666813
1.02102, 0.549779, 0.676287
1.09956, 0.549779, 0.683884
1.1781, 0.549779, 0.68938
1.25664, 0.549779, 0.692574
1.33518, 0.549779, 0.693294
1.41372, 0.549779, 0.691394
1.49226, 0.549779, 0.686752
1.5708, 0.549779, 0.679275
1.64934, 0.549779, 0.668895
1.72788, 0.549779, 0.65557
1.80642, 0.549779, 0.639282
1.88496, 0.549779, 0.620041
1.9635, 0.549779, 0.597879
2.04204, 0.549779, 0.572851
2.12058, 0.549779, 0.545037
2.19911, 0.549779, 0.514537
2.27765, 0.549779, 0.481472
2.35619, 0.549779, 0.445984
2.43473, 0.549779, 0.408231
2.51327, 0.549779, 0.36839
2.59181, 0.549779, 0.326652
2.67035, 0.549779, 0.283223
2.74889, 0.549779, 0.238321
2.82743, 0.549779, 0.192174
2.90597, 0.549779, 0.145021
2.98451, 0.549779, 0.0971063
3.06305, 0.549779, 0.0486813
0.0785398, 0.628319, 0.584909
0.15708, 0.628319, 0.585126
0.235619, 0.628319, 0.587925
0.314159, 0.628319, 0.592821
0.392699, 0.628319, 0.599347
0.471239, 0.628319, 0.607062
0.549779, 0.628319, 0.615546
0.628319, 0.628319, 0.624404
0.706858, 0.628319, 0.633261
0.785398, 0.628319, 0.641769
0.863938, 0.628319, 0.649603
0.942478, 0.628319, 0.656461
1.02102, 0.628319, 0.662068
1.09956, 0.628319, 0.666172
1.1781, 0.628319, 0.668548
1.25664, 0.628319, 0.668995
1.33518, 0.628319, 0.667338
1.41372, 0.628319, 0.663426
1.49226, 0.628319, 0.657136
1.5708, 0.628319, 0.648368
1.64934, 0.628319, 0.637048
1.72788, 0.628319, 0.623126
1.80642, 0.628319, 0.606577
1.88496, 0.628319, 0.5874
1.9635, 0.628319, 0.565614
2.04204, 0.628319, 0.541266
2.12058, 0.628319, 0.514418
2.19911, 0.628319, 0.485158
2.27765, 0.628319, 0.45359
2.35619, 0.628319, 0.419839
2.43473, 0.628319, 0.384045
2.51327, 0.628319, 0.346365
2.59181, 0.628319, 0.306971
2.67035, 0.628319, 0.266047
2.74889, 0.628319, 0.223791
2.82743, 0.628319, 0.180407
2.90597, 0.628319, 0.136112
2.98451, 0.628319, 0.0911273
3.06305, 0.628319, 0.0456798
0.0785398, 0.706858, 0.638709
0.15708, 0.706858, 0.631434
0.235619, 0.706858, 0.627105
0.314159, 0.706858, 0.625231
0.392699, 0.706858, 0.625342
0.471239, 0.706858, 0.626994
0.549779, 0.706858, 0.629766
0.628319, 0.706858, 0.633261
0.706858, 0.706858, 0.637105
0.785398, 0.706858, 0.640949
0.863938, 0.706858, 0.644467
0.942478, 0.706858, 0.64736
1.02102, 0.706858, 0.649351
1.09956, 0.706858, 0.650189
1.1781, 0.706858, 0.649646
1.25664, 0.706858, 0.647521
1.33518, 0.706858, 0.643635
1.41372, 0.706858, 0.637837
1.49226, 0.706858, 0.629998
1.5708, 0.706858, 0.620013
1.64934, 0.706858, 0.607802
1.72788, 0.706858, 0.593309
1.80642, 0.706858, 0.576501
1.88496, 0.706858, 0.557365
1.9635, 0.706858, 0.535914
2.04204, 0.706858, 0.512179
2.12058, 0.706858, 0.486212
2.19911, 0.706858, 0.458087
2.27765, 0.706858, 0.427892
2.35619, 0.706858, 0.395737
2.43473, 0.706858, 0.361744
2.51327, 0.706858, 0.326054
2.59181, 0.706858, 0.288819
2.67035, 0.706858, 0.250205
2.74889, 0.706858, 0.210387
2.82743, 0.706858, 0.169552
2.90597, 0.706858, 0.127893
2.98451, 0.706858, 0.0856111
3.06305, 0.706858, 0.0429105
0.0785398, 0.785398, 0.689046
0.15708, 0.785398, 0.674794
0.235619, 0.785398, 0.66383
0.314159, 0.785398, 0.655655
0.392699, 0.785398, 0.649796
0.471239, 0.785398, 0.645807
0.549779, 0.785398, 0.643264
0.628319, 0.785398, 0.641769
0.706858, 0.785398, 0.640949
0.785398, 0.785398, 0.640453
0.863938, 0.785398, 0.639958
0.942478, 0.785398, 0.639162
1.02102, 0.785398, 0.637788
1.09956, 0.785398, 0.635586
1.1781, 0.785398, 0.632326
1.25664, 0.785398, 0.627806
1.33518, 0.785398, 0.621846
1.41372, 0.785398, 0.614289
1.49226, 0.785398, 0.605005
1.5708, 0.785398, 0.593883
1.64934, 0.785398, 0.580838
1.72788, 0.785398, 0.565808
1.80642, 0.785398, 0.548751
1.88496, 0.785398, 0.529646
1.9635, 0.785398, 0.508497
2.04204, 0.785398, 0.485323
2.12058, 0.785398, 0.460166
2.19911, 0.785398, 0.433084
2.27765, 0.785398, 0.404155
2.35619, 0.785398, 0.373471
2.43473, 0.785398, 0.341141
2.51327, 0.785398, 0.307288
2.59181, 0.785398, 0.272047
2.67035, 0.785398, 0.235566
2.74889, 0.785398, 0.198001
2.82743, 0.785398, 0.159521
2.90597, 0.785398, 0.120298
2.98451, 0.785398, 0.0805131
3.06305, 0.785398, 0.0403512
0.0785398, 0.863938, 0.735572
0.15708, 0.863938, 0.714868
0.235619, 0.863938, 0.697766
0.314159, 0.863938, 0.683762
0.392699, 0.863938, 0.672381
0.471239, 0.863938, 0.663173
0.549779, 0.863938, 0.655713
0.628319, 0.863938, 0.649603
0.706858, 0.863938, 0.644467
0.785398, 0.863938, 0.639958
0.863938, 0.863938, 0.635749
0.942478, 0.863938, 0.63154
1.02102, 0.863938, 0.627054
1.09956, 0.863938, 0.62204
1.1781, 0.863938, 0.616267
1.25664, 0.863938, 0.609532
1.33518, 0.863938, 0.601652
1.41372, 0.863938, 0.592469
1.49226, 0.863938, 0.581848
1.5708, 0.863938, 0.569676
1.64934, 0.863938, 0.555861
1.72788, 0.863938, 0.540334
1.80642, 0.863938, 0.523047
1.88496, 0.863938, 0.503973
1.9635, 0.863938, 0.483104
2.04204, 0.863938, 0.46045
2.12058, 0.863938, 0.436043
2.19911, 0.863938, 0.409929
2.27765, 0.863938, 0.382172
2.35619, 0.863938, 0.352852
2.43473, 0.863938, 0.322062
2.51327, 0.863938, 0.28991
2.59181, 0.863938, 0.256515
2.67035, 0.863938, 0.222009
2.74889, 0.863938, 0.186531
2.82743, 0.863938, 0.150231
2.90597, 0.863938, 0.113264
2.98451, 0.863938, 0.0757923
3.06305, 0.863938, 0.0379813
0.0785398, 0.942478, 0.777968
0.15708, 0.942478, 0.751341
0.235619, 0.942478, 0.728603
0.314159, 0.942478, 0.709247
0.392699, 0.942478, 0.692793
0.471239, 0.942478, 0.67879
0.549779, 0.942478, 0.666813
0.628319, 0.942478, 0.656461
0.706858, 0.942478, 0.64736
0.785398, 0.942478, 0.639162
0.863938, 0.942478, 0.63154
0.942478, 0.942478, 0.624195
1.02102, 0.942478, 0.616849
1.09956, 0.942478, 0.609251
1.1781, 0.942478, 0.60117
1.25664, 0.942478, 0.592402
1.33518, 0.942478, 0.582761
1.41372, 0.942478, 0.572088
1.49226, 0.942478, 0.560243
1.5708, 0.942478, 0.547111
1.64934, 0.942478, 0.532594
1.72788, 0.942478, 0.516619
1.80642, 0.942478, 0.499131
1.88496, 0.942478, 0.480095
1.9635, 0.942478, 0.459494
2.04204, 0.942478, 0.437332
2.12058, 0.942478, 0.413627
2.19911, 0.942478, 0.388416
2.27765, 0.942478, 0.361752
2.35619, 0.942478, 0.333701
2.43473, 0.942478, 0.304344
2.51327, 0.942478, 0.273774
2.59181, 0.942478, 0.242095
2.67035, 0.942478, 0.209424
2.74889, 0.942478, 0.175884
2.82743, 0.942478, 0.141608
2.90597, 0.942478, 0.106736
2.98451, 0.942478, 0.0714106
3.06305, 0.942478, 0.0357816
0.0785398, 1.02102, 0.81594
0.15708, 1.02102, 0.783926
0.235619, 1.02102, 0.756059
0.314159, 1.02102, 0.731829
0.392699, 1.02102, 0.710754
0.471239, 1.02102, 0.692382
0.549779, 1.02102, 0.676287
0.628319, 1.02102, 0.662068
0.706858, 1.02102, 0.649351
0.785398, 1.02102, 0.637788
0.863938, 1.02102, 0.627054
0.942478, 1.02102, 0.616849
1.02102, 1.02102, 0.606897
1.09956, 1.02102, 0.596944
1.1781, 1.02102, 0.586762
1.25664, 1.02102, 0.576143
1.33518, 1.02102, 0.564902
1.41372, 1.02102, 0.552877
1.49226, 1.02102, 0.539927
1.5708, 1.02102, 0.52593
1.64934, 1.02102, 0.510787
1.72788, 1.02102, 0.494418
1.80642, 1.02102, 0.476763
1.88496, 1.02102, 0.45778
1.9635, 1.02102, 0.437446
2.04204, 1.02102, 0.415755
2.12058, 1.02102, 0.392717
2.19911, 1.02102, 0.368358
2.27765, 1.02102, 0.342719
2.35619, 1.02102, 0.315857
2.43473, 1.02102, 0.287839
2.51327, 1.02102, 0.258746
2.59181, 1.02102, 0.228668
2.67035, 1.02102, 0.197707
2.74889, 1.02102, 0.165973
2.82743, 1.02102, 0.133582
2.90597, 1.02102, 0.100659
2.98451, 1.02102, 0.0673327
3.06305, 1.02102, 0.0337345
0.0785398, 1.09956, 0.849226
0.15708, 1.09956, 0.812364
0.235619, 1.09956, 0.779878
0.314159, 1.09956, 0.751254
0.392699, 1.09956, 0.726012
0.471239, 1.09956, 0.703698
0.549779, 1.09956, 0.683884
0.628319, 1.09956, 0.666172
0.706858, 1.09956, 0.650189
0.785398, 1.09956, 0.635586
0.863938, 1.09956, 0.62204
0.942478, 1.09956, 0.609251
1.02102, 1.09956, 0.596944
1.09956, 1.09956, 0.584867
1.1781, 1.09956, 0.572791
1.25664, 1.09956, 0.560506
1.33518, 1.09956, 0.547828
1.41372, 1.09956, 0.534593
1.49226, 1.09956, 0.520656
1.5708, 1.09956, 0.505894
1.64934, 1.09956, 0.490205
1.72788, 1.09956, 0.473503
1.80642, 1.09956, 0.455723
1.88496, 1.09956, 0.436817
1.9635, 1.09956, 0.416756
2.04204, 1.09956, 0.395525
2.12058, 1.09956, 0.373127
2.19911, 1.09956, 0.349578
2.27765, 1.09956, 0.324911
2.35619, 1.09956, 0.299169
2.43473, 1.09956, 0.27241
2.51327, 1.09956, 0.244702
2.59181, 1.09956, 0.216124
2.67035, 1.09956, 0.186764
2.74889, 1.09956, 0.156718
2.82743, 1.09956, 0.126089
2.90597, 1.09956, 0.0949871
2.98451, 1.09956, 0.0635262
3.06305, 1.09956, 0.0318237
0.0785398, 1.1781, 0.877594
0.15708, 1.1781, 0.836427
0.235619, 1.1781, 0.799833
0.314159, 1.1781, 0.767299
0.392699, 1.1781, 0.738343
0.471239, 1.1781, 0.712512
0.549779, 1.1781, 0.68938
0.628319, 1.1781, 0.668548
0.706858, 1.1781, 0.649646
0.785398, 1.1781, 0.632326
0.863938, 1.1781, 0.616267
0.942478, 1.1781, 0.60117
1.02102, 1.1781, 0.586762
1.09956, 1.1781, 0.572791
1.1781, 1.1781, 0.559026
1.25664, 1.1781, 0.545262
1.33518, 1.1781, 0.531311
1.41372, 1.1781, 0.517009
1.49226, 1.1781, 0.502209
1.5708, 1.1781, 0.486787
1.64934, 1.1781, 0.470635
1.72788, 1.1781, 0.453665
1.80642, 1.1781, 0.435808
1.88496, 1.1781, 0.41701
1.9635, 1.1781, 0.397235
2.04204, 1.1781, 0.376462
2.12058, 1.1781, 0.354687
2.19911, 1.1781, 0.331917
2.27765, 1.1781, 0.308176
2.35619, 1.1781, 0.283497
2.43473, 1.1781, 0.257929
2.51327, 1.1781, 0.231528
2.59181, 1.1781, 0.204362
2.67035, 1.1781, 0.176506
2.74889, 1.1781, 0.148045
2.82743, 1.1781, 0.119069
2.90597, 1.1781, 0.0896739
2.98451, 1.1781, 0.059961
3.06305, 1.1781, 0.0300343
0.0785398, 1.25664, 0.900844
0.15708, 1.25664, 0.855916
0.235619, 1.25664, 0.815728
0.314159, 1.25664, 0.779766
0.392699, 1.25664, 0.74755
0.471239, 1.25664, 0.718627
0.549779, 1.25664, 0.692574
0.628319, 1.25664, 0.668995
0.706858, 1.25664, 0.647521
0.785398, 1.25664, 0.627806
0.863938, 1.25664, 0.609532
0.942478, 1.25664, 0.592402
1.02102, 1.25664, 0.576143
1.09956, 1.25664, 0.560506
1.1781, 1.25664, 0.545262
1.25664, 1.25664, 0.530204
1.33518, 1.25664, 0.515146
1.41372, 1.25664, 0.499922
1.49226, 1.25664, 0.484385
1.5708, 1.25664, 0.468408
1.64934, 1.25664, 0.451882
1.72788, 1.25664, 0.434715
1.80642, 1.25664, 0.416833
1.88496, 1.25664, 0.398179
1.9635, 1.25664, 0.378711
2.04204, 1.25664, 0.358403
2.12058, 1.25664, 0.337241
2.19911, 1.25664, 0.315228
2.27765, 1.25664, 0.292378
2.35619, 1.25664, 0.268716
2.43473, 1.25664, 0.244281
2.51327, 1.25664, 0.219119
2.59181, 1.25664, 0.193289
2.67035, 1.25664, 0.166854
2.74889, 1.25664, 0.139887
2.82743, 1.25664, 0.112467
2.90597, 1.25664, 0.0846786
2.98451, 1.25664, 0.0566098
3.06305, 1.25664, 0.0283524
0.0785398, 1.33518, 0.91881
0.15708, 1.33518, 0.870666
0.235619, 1.33518, 0.827396
0.314159, 1.33518, 0.788487
0.392699, 1.33518, 0.753462
0.471239, 1.33518, 0.721872
0.549779, 1.33518, 0.693294
0.628319, 1.33518, 0.667338
0.706858, 1.33518, 0.643635
0.785398, 1.33518, 0.621846
0.863938, 1.33518, 0.601652
0.942478, 1.33518, 0.582761
1.02102, 1.33518, 0.564902
1.09956, 1.33518, 0.547828
1.1781, 1.33518, 0.531311
1.25664, 1.33518, 0.515146
1.33518, 1.33518, 0.499147
1.41372, 1.33518, 0.483148
1.49226, 1.33518, 0.467002
1.5708, 1.33518, 0.450579
1.64934, 1.33518, 0.43377
1.72788, 1.33518, 0.41648
1.80642, 1.33518, 0.398631
1.88496, 1.33518, 0.380163
1.9635, 1.33518, 0.361028
2.04204, 1.33518, 0.341196
2.12058, 1.33518, 0.320647
2.19911, 1.33518, 0.299376
2.27765, 1.33518, 0.27739
2.35619, 1.33518, 0.254708
2.43473, 1.33518, 0.231359
2.51327, 1.33518, 0.20738
2.59181, 1.33518, 0.18282
2.67035, 1.33518, 0.157733
2.74889, 1.33518, 0.132182
2.82743, 1.33518, 0.106234
2.90597, 1.33518, 0.0799636
2.98451, 1.33518, 0.0534473
3.06305, 1.33518, 0.0267653
0.0785398, 1.41372, 0.931359
0.15708, 1.41372, 0.880544
0.235619, 1.41372, 0.834701
0.314159, 1.41372, 0.793326
0.392699, 1.41372, 0.755941
0.471239, 1.41372, 0.722102
0.549779, 1.41372, 0.691394
0.628319, 1.41372, 0.663426
0.706858, 1.41372, 0.637837
0.785398, 1.41372, 0.614289
0.863938, 1.41372, 0.592469
0.942478, 1.41372, 0.572088
1.02102, 1.41372, 0.552877
1.09956, 1.41372, 0.534593
1.1781, 1.41372, 0.517009
1.25664, 1.41372, 0.499922
1.33518, 1.41372, 0.483148
1.41372, 1.41372, 0.466521
1.49226, 1.41372, 0.449894
1.5708, 1.41372, 0.433137
1.64934, 1.41372, 0.416138
1.72788, 1.41372, 0.398802
1.80642, 1.41372, 0.381048
1.88496, 1.41372, 0.362812
1.9635, 1.41372, 0.344043
2.04204, 1.41372, 0.324705
2.12058, 1.41372, 0.304774
2.19911, 1.41372, 0.284238
2.27765, 1.41372, 0.263099
2.35619, 1.41372, 0.241368
2.43473, 1.41372, 0.219066
2.51327, 1.41372, 0.196223
2.59181, 1.41372, 0.172877
2.67035, 1.41372, 0.149077
2.74889, 1.41372, 0.124873
2.82743, 1.41372, 0.100324
2.90597, 1.41372, 0.0754945
2.98451, 1.41372, 0.0504502
3.06305, 1.41372, 0.0252615
0.0785398, 1.49226, 0.938395
0.15708, 1.49226, 0.885448
0.235619, 1.49226, 0.837541
0.314159, 1.49226, 0.794172
0.392699, 1.49226, 0.754873
0.471239, 1.49226, 0.719203
0.549779, 1.49226, 0.686752
0.628319, 1.49226, 0.657136
0.706858, 1.49226, 0.629998
0.785398, 1.49226, 0.605005
0.863938, 1.49226, 0.581848
0.942478, 1.49226, 0.560243
1.02102, 1.49226, 0.539927
1.09956, 1.49226, 0.520656
1.1781, 1.49226, 0.502209
1.25664, 1.49226, 0.484385
1.33518, 1.49226, 0.467002
1.41372, 1.49226, 0.449894
1.49226, 1.49226, 0.432915
1.5708, 1.49226, 0.415936
1.64934, 1.49226, 0.398844
1.72788, 1.49226, 0.381542
1.80642, 1.49226, 0.363948
1.88496, 1.49226, 0.345994
1.9635, 1.49226, 0.327627
2.04204, 1.49226, 0.308807
2.12058, 1.49226, 0.289504
2.19911, 1.49226, 0.269704
2.27765, 1.49226, 0.249401
2.35619, 1.49226, 0.228599
2.43473, 1.49226, 0.207313
2.51327, 1.49226, 0.185567
2.59181, 1.49226, 0.163391
2.67035, 1.49226, 0.140823
2.74889, 1.49226, 0.117908
2.82743, 1.49226, 0.0946957
2.90597, 1.49226, 0.0712396
2.98451, 1.49226, 0.0475977
3.06305, 1.49226, 0.0238304
0.0785398, 1.5708, 0.939855
0.15708, 1.5708, 0.885311
0.235619, 1.5708, 0.835841
0.314159, 1.5708, 0.79095
0.392699, 1.5708, 0.750176
0.471239, 1.5708, 0.713086
0.549779, 1.5708, 0.679275
0.628319, 1.5708, 0.648368
0.706858, 1.5708, 0.620013
0.785398, 1.5708, 0.593883
0.863938, 1.5708, 0.569676
0.942478, 1.5708, 0.547111
1.02102, 1.5708, 0.52593
1.09956, 1.5708, 0.505894
1.1781, 1.5708, 0.486787
1.25664, 1.5708, 0.468408
1.33518, 1.5708, 0.450579
1.41372, 1.5708, 0.433137
1.49226, 1.5708, 0.415936
1.5708, 1.5708, 0.398848
1.64934, 1.5708, 0.38176
1.72788, 1.5708, 0.364574
1.80642, 1.5708, 0.347207
1.88496, 1.5708, 0.329589
1.9635, 1.5708, 0.311665
2.04204, 1.5708, 0.29339
2.12058, 1.5708, 0.274733
2.19911, 1.5708, 0.255673
2.27765, 1.5708, 0.2362
2.35619, 1.5708, 0.216313
2.43473, 1.5708, 0.196021
2.51327, 1.5708, 0.175341
2.59181, 1.5708, 0.154296
2.67035, 1.5708, 0.132917
2.74889, 1.5708, 0.111241
2.82743, 1.5708, 0.0893106
2.90597, 1.5708, 0.0671706
2.98451, 1.5708, 0.0448706
3.06305, 1.5708, 0.0224625
0.0785398, 1.64934, 0.935713
0.15708, 1.64934, 0.880101
0.235619, 1.64934, 0.829562
0.314159, 1.64934, 0.783611
0.392699, 1.64934, 0.741795
0.471239, 1.64934, 0.703688
0.549779, 1.64934, 0.668895
0.628319, 1.64934, 0.637048
0.706858, 1.64934, 0.607802
0.785398, 1.64934, 0.580838
0.863938, 1.64934, 0.555861
0.942478, 1.64934, 0.532594
1.02102, 1.64934, 0.510787
1.09956, 1.64934, 0.490205
1.1781, 1.64934, 0.470635
1.25664, 1.64934, 0.451882
1.33518, 1.64934, 0.43377
1.41372, 1.64934, 0.416138
1.49226, 1.64934, 0.398844
1.5708, 1.64934, 0.38176
1.64934, 1.64934, 0.364773
1.72788, 1.64934, 0.347787
1.80642, 1.64934, 0.330716
1.88496, 1.64934, 0.313491
1.9635, 1.64934, 0.296053
2.04204, 1.64934, 0.278356
2.12058, 1.64934, 0.260365
2.19911, 1.64934, 0.242055
2.27765, 1.64934, 0.223413
2.35619, 1.64934, 0.204433
2.43473, 1.64934, 0.185118
2.51327, 1.64934, 0.165479
2.59181, 1.64934, 0.145534
2.67035, 1.64934, 0.125308
2.74889, 1.64934, 0.10483
2.82743, 1.64934, 0.0841347
2.90597, 1.64934, 0.0632614
2.98451, 1.64934, 0.0422514
3.06305, 1.64934, 0.021149
0.0785398, 1.72788, 0.92598
0.15708, 1.72788, 0.869818
0.235619, 1.72788, 0.818696
0.314159, 1.72788, 0.772139
0.392699, 1.72788, 0.729703
0.471239, 1.72788, 0.690976
0.549779, 1.72788, 0.65557
0.628319, 1.72788, 0.623126
0.706858, 1.72788, 0.593309
0.785398, 1.72788, 0.565808
0.863938, 1.72788, 0.540334
0.942478, 1.72788, 0.516619
1.02102, 1.72788, 0.494418
1.09956, 1.72788, 0.473503
1.1781, 1.72788, 0.453665
1.25664, 1.72788, 0.434715
1.33518, 1.72788, 0.41648
1.41372, 1.72788, 0.398802
1.49226, 1.72788, 0.381542
1.5708, 1.72788, 0.364574
1.64934, 1.72788, 0.347787
1.72788, 1.72788, 0.331083
1.80642, 1.72788, 0.31438
1.88496, 1.72788, 0.297605
1.9635, 1.72788, 0.280699
2.04204, 1.72788, 0.263615
2.12058, 1.72788, 0.246314
2.19911, 1.72788, 0.22877
2.27765, 1.72788, 0.210964
2.35619, 1.72788, 0.192887
2.43473, 1.72788, 0.174538
2.51327, 1.72788, 0.155922
2.59181, 1.72788, 0.137054
2.67035, 1.72788, 0.11795
2.74889, 1.72788, 0.0986349
2.82743, 1.72788, 0.0791372
2.90597, 1.72788, 0.0594888
2.98451, 1.72788, 0.0397247
3.06305, 1.72788, 0.0198821
0.0785398, 1.80642, 0.910699
0.15708, 1.80642, 0.854495
0.235619, 1.80642, 0.803264
0.314159, 1.80642, 0.756544
0.392699, 1.80642, 0.713904
0.471239, 1.80642, 0.674941
0.549779, 1.80642, 0.639282
0.628319, 1.80642, 0.606577
0.706858, 1.80642, 0.576501
0.785398, 1.80642, 0.548751
0.863938, 1.80642, 0.523047
0.942478, 1.80642, 0.499131
1.02102, 1.80642, 0.476763
1.09956, 1.80642, 0.455723
1.1781, 1.80642, 0.435808
1.25664, 1.80642, 0.416833
1.33518, 1.80642, 0.398631
1.41372, 1.80642, 0.381048
1.49226, 1.80642, 0.363948
1.5708, 1.80642, 0.347207
1.64934, 1.80642, 0.330716
1.72788, 1.80642, 0.31438
1.80642, 1.80642, 0.298115
1.88496, 1.80642, 0.28185
1.9635, 1.80642, 0.265525
2.04204, 1.80642, 0.24909
2.12058, 1.80642, 0.232507
2.19911, 1.80642, 0.215746
2.27765, 1.80642, 0.198785
2.35619, 1.80642, 0.181613
2.43473, 1.80642, 0.164224
2.51327, 1.80642, 0.14662
2.59181, 1.80642, 0.128808
2.67035, 1.80642, 0.110803
2.74889, 1.80642, 0.0926228
2.82743, 1.80642, 0.0742904
2.90597, 1.80642, 0.0558319
2.98451, 1.80642, 0.0372763
3.06305, 1.80642, 0.0186548
0.0785398, 1.88496, 0.889953
0.15708, 1.88496, 0.8342
0.235619, 1.88496, 0.783321
0.314159, 1.88496, 0.736869
0.392699, 1.88496, 0.694426
0.471239, 1.88496, 0.655604
0.549779, 1.88496, 0.620041
0.628319, 1.88496, 0.5874
0.706858, 1.88496, 0.557365
0.785398, 1.88496, 0.529646
0.863938, 1.88496, 0.503973
0.942478, 1.88496, 0.480095
1.02102, 1.88496, 0.45778
1.09956, 1.88496, 0.436817
1.1781, 1.88496, 0.41701
1.25664, 1.88496, 0.398179
1.33518, 1.88496, 0.380163
1.41372, 1.88496, 0.362812
1.49226, 1.88496, 0.345994
1.5708, 1.88496, 0.329589
1.64934, 1.88496, 0.313491
1.72788, 1.88496, 0.297605
1.80642, 1.88496, 0.28185
1.88496, 1.88496, 0.266155
1.9635, 1.88496, 0.250459
2.04204, 1.88496, 0.234714
2.12058, 1.88496, 0.218878
2.19911, 1.88496, 0.202921
2.27765, 1.88496, 0.186819
2.35619, 1.88496, 0.170556
2.43473, 1.88496, 0.154125
2.51327, 1.88496, 0.137524
2.59181, 1.88496, 0.120756
2.67035, 1.88496, 0.103831
2.74889, 1.88496, 0.0867631
2.82743, 1.88496, 0.0695697
2.90597, 1.88496, 0.052272
2.98451, 1.88496, 0.0348937
3.06305, 1.88496, 0.0174607
0.0785398, 1.9635, 0.863854
0.15708, 1.9635, 0.809032
0.235619, 1.9635, 0.758952
0.314159, 1.9635, 0.713184
0.392699, 1.9635, 0.671327
0.471239, 1.9635, 0.633008
0.549779, 1.9635, 0.597879
0.628319, 1.9635, 0.565614
0.706858, 1.9635, 0.535914
0.785398, 1.9635, 0.508497
0.863938, 1.9635, 0.483104
0.942478, 1.9635, 0.459494
1.02102, 1.9635, 0.437446
1.09956, 1.9635, 0.416756
1.1781, 1.9635, 0.397235
1.25664, 1.9635, 0.378711
1.33518, 1.9635, 0.361028
1.41372, 1.9635, 0.344043
1.49226, 1.9635, 0.327627
1.5708, 1.9635, 0.311665
1.64934, 1.9635, 0.296053
1.72788, 1.9635, 0.280699
1.80642, 1.9635, 0.265525
1.88496, 1.9635, 0.250459
1.9635, 1.9635, 0.235444
2.04204, 1.9635, 0.220428
2.12058, 1.9635, 0.205371
2.19911, 1.9635, 0.190241
2.27765, 1.9635, 0.175012
2.35619, 1.9635, 0.159668
2.43473, 1.9635, 0.144197
2.51327, 1.9635, 0.128594
2.59181, 1.9635, 0.112861
2.67035, 1.9635, 0.0970023
2.74889, 1.9635, 0.0810286
2.82743, 1.9635, 0.0649531
2.90597, 1.9635, 0.0487925
2.98451, 1.9635, 0.032566
3.06305, 1.9635, 0.0162944
0.0785398, 2.04204, 0.832553
0.15708, 2.04204, 0.779121
0.235619, 2.04204, 0.73027
0.314159, 2.04204, 0.685587
0.392699, 2.04204, 0.644691
0.471239, 2.04204, 0.607223
0.549779, 2.04204, 0.572851
0.628319, 2.04204, 0.541266
0.706858, 2.04204, 0.512179
0.785398, 2.04204, 0.485323
0.863938, 2.04204, 0.46045
0.942478, 2.04204, 0.437332
1.02102, 2.04204, 0.415755
1.09956, 2.04204, 0.395525
1.1781, 2.04204, 0.376462
1.25664, 2.04204, 0.358403
1.33518, 2.04204, 0.341196
1.41372, 2.04204, 0.324705
1.49226, 2.04204, 0.308807
1.5708, 2.04204, 0.29339
1.64934, 2.04204, 0.278356
1.72788, 2.04204, 0.263615
1.80642, 2.04204, 0.24909
1.88496, 2.04204, 0.234714
1.9635, 2.04204, 0.220428
2.04204, 2.04204, 0.206183
2.12058, 2.04204, 0.191937
2.19911, 2.04204, 0.177659
2.27765, 2.04204, 0.163321
2.35619, 2.04204, 0.148906
2.43473, 2.04204, 0.134399
2.51327, 2.04204, 0.119795
2.59181, 2.04204, 0.105091
2.67035, 2.04204, 0.0902888
2.74889, 2.04204, 0.0753958
2.82743, 2.04204, 0.0604216
2.90597, 2.04204, 0.0453791
2.98451, 2.04204, 0.0302832
3.06305, 2.04204, 0.0151509
0.0785398, 2.12058, 0.796231
0.15708, 2.12058, 0.74463
0.235619, 2.12058, 0.697418
0.314159, 2.12058, 0.654205
0.392699, 2.12058, 0.614625
0.471239, 2.12058, 0.578341
0.549779, 2.12058, 0.545037
0.628319, 2.12058, 0.514418
0.706858, 2.12058, 0.486212
0.785398, 2.12058, 0.460166
0.863938, 2.12058, 0.436043
0.942478, 2.12058, 0.413627
1.02102, 2.12058, 0.392717
1.09956, 2.12058, 0.373127
1.1781, 2.12058, 0.354687
1.25664, 2.12058, 0.337241
1.33518, 2.12058, 0.320647
1.41372, 2.12058, 0.304774
1.49226, 2.12058, 0.289504
1.5708, 2.12058, 0.274733
1.64934, 2.12058, 0.260365
1.72788, 2.12058, 0.246314
1.80642, 2.12058, 0.232507
1.88496, 2.12058, 0.218878
1.9635, 2.12058, 0.205371
2.04204, 2.12058, 0.191937
2.12058, 2.12058, 0.178536
2.19911, 2.12058, 0.165135
2.27765, 2.12058, 0.151708
2.35619, 2.12058, 0.138234
2.43473, 2.12058, 0.1247
2.51327, 2.12058, 0.111096
2.59181, 2.12058, 0.0974182
2.67035, 2.12058, 0.0836663
2.74889, 2.12058, 0.0698441
2.82743, 2.12058, 0.0559584
2.90597, 2.12058, 0.0420188
2.98451, 2.12058, 0.0280369
3.06305, 2.12058, 0.0140259
0.0785398, 2.19911, 0.755102
0.15708, 2.19911, 0.70575
0.235619, 2.19911, 0.660568
0.314159, 2.19911, 0.619188
0.392699, 2.19911, 0.581265
0.471239, 2.19911, 0.54648
0.549779, 2.19911, 0.514537
0.628319, 2.19911, 0.485158
0.706858, 2.19911, 0.458087
0.785398, 2.19911, 0.433084
0.863938, 2.19911, 0.409929
0.942478, 2.19911, 0.388416
1.02102, 2.19911, 0.368358
1.09956, 2.19911, 0.349578
1.1781, 2.19911, 0.331917
1.25664, 2.19911, 0.315228
1.33518, 2.19911, 0.299376
1.41372, 2.19911, 0.284238
1.49226, 2.19911, 0.269704
1.5708, 2.19911, 0.255673
1.64934, 2.19911, 0.242055
1.72788, 2.19911, 0.22877
1.80642, 2.19911, 0.215746
1.88496, 2.19911, 0.202921
1.9635, 2.19911, 0.190241
2.04204, 2.19911, 0.177659
2.12058, 2.19911, 0.165135
2.19911, 2.19911, 0.152638
2.27765, 2.19911, 0.140141
2.35619, 2.19911, 0.127624
2.43473, 2.19911, 0.11507
2.51327, 2.19911, 0.102471
2.59181, 2.19911, 0.0898194
2.67035, 2.19911, 0.077114
2.74889, 2.19911, 0.0643558
2.82743, 2.19911, 0.0515492
2.90597, 2.19911, 0.0387009
2.98451, 2.19911, 0.0258197
3.06305, 2.19911, 0.0129157
0.0785398, 2.27765, 0.709408
0.15708, 2.27765, 0.662701
0.235619, 2.27765, 0.619918
0.314159, 2.27765, 0.580712
0.392699, 2.27765, 0.544765
0.471239, 2.27765, 0.511778
0.549779, 2.27765, 0.481472
0.628319, 2.27765, 0.45359
0.706858, 2.27765, 0.427892
0.785398, 2.27765, 0.404155
0.863938, 2.27765, 0.382172
0.942478, 2.27765, 0.361752
1.02102, 2.27765, 0.342719
1.09956, 2.27765, 0.324911
1.1781, 2.27765, 0.308176
1.25664, 2.27765, 0.292378
1.33518, 2.27765, 0.27739
1.41372, 2.27765, 0.263099
1.49226, 2.27765, 0.249401
1.5708, 2.27765, 0.2362
1.64934, 2.27765, 0.223413
1.72788, 2.27765, 0.210964
1.80642, 2.27765, 0.198785
1.88496, 2.27765, 0.186819
1.9635, 2.27765, 0.175012
2.04204, 2.27765, 0.163321
2.12058, 2.27765, 0.151708
2.19911, 2.27765, 0.140141
2.27765, 2.27765, 0.128595
2.35619, 2.27765, 0.117049
2.43473, 2.27765, 0.105487
2.51327, 2.27765, 0.0938976
2.59181, 2.27765, 0.0822747
2.67035, 2.27765, 0.0706143
2.74889, 2.27765, 0.0589158
2.82743, 2.27765, 0.0471815
2.90597, 2.27765, 0.0354159
2.98451, 2.27765, 0.0236252
3.06305, 2.27765, 0.0118171
0.0785398, 2.35619, 0.659422
0.15708, 2.35619, 0.615729
0.235619, 2.35619, 0.575688
0.314159, 2.35619, 0.538979
0.392699, 2.35619, 0.505306
0.471239, 2.35619, 0.474394
0.549779, 2.35619, 0.445984
0.628319, 2.35619, 0.419839
0.706858, 2.35619, 0.395737
0.785398, 2.35619, 0.373471
0.863938, 2.35619, 0.352852
0.942478, 2.35619, 0.333701
1.02102, 2.35619, 0.315857
1.09956, 2.35619, 0.299169
1.1781, 2.35619, 0.283497
1.25664, 2.35619, 0.268716
1.33518, 2.35619, 0.254708
1.41372, 2.35619, 0.241368
1.49226, 2.35619, 0.228599
1.5708, 2.35619, 0.216313
1.64934, 2.35619, 0.204433
1.72788, 2.35619, 0.192887
1.80642, 2.35619, 0.181613
1.88496, 2.35619, 0.170556
1.9635, 2.35619, 0.159668
2.04204, 2.35619, 0.148906
2.12058, 2.35619, 0.138234
2.19911, 2.35619, 0.127624
2.27765, 2.35619, 0.117049
2.35619, 2.35619, 0.106489
2.43473, 2.35619, 0.0959294
2.51327, 2.35619, 0.0853582
2.59181, 2.35619, 0.0747675
2.67035, 2.35619, 0.0641525
2.74889, 2.35619, 0.0535115
2.82743, 2.35619, 0.0428451
2.90597, 2.35619, 0.0321559
2.98451, 2.35619, 0.0214482
3.06305, 2.35619, 0.0107275
0.0785398, 2.43473, 0.605443
0.15708, 2.43473, 0.565107
0.235619, 2.43473, 0.528126
0.314159, 2.43473, 0.49421
0.392699, 2.43473, 0.463087
0.471239, 2.43473, 0.434506
0.549779, 2.43473, 0.408231
0.628319, 2.43473, 0.384045
0.706858, 2.43473, 0.361744
0.785398, 2.43473, 0.341141
0.863938, 2.43473, 0.322062
0.942478, 2.43473, 0.304344
1.02102, 2.43473, 0.287839
1.09956, 2.43473, 0.27241
1.1781, 2.43473, 0.257929
1.25664, 2.43473, 0.244281
1.33518, 2.43473, 0.231359
1.41372, 2.43473, 0.219066
1.49226, 2.43473, 0.207313
1.5708, 2.43473, 0.196021
1.64934, 2.43473, 0.185118
1.72788, 2.43473, 0.174538
1.80642, 2.43473, 0.164224
1.88496, 2.43473, 0.154125
1.9635, 2.43473, 0.144197
2.04204, 2.43473, 0.134399
2.12058, 2.43473, 0.1247
2.19911, 2.43473, 0.11507
2.27765, 2.43473, 0.105487
2.35619, 2.43473, 0.0959294
2.43473, 2.43473, 0.0863839
2.51327, 2.43473, 0.0768383
2.59181, 2.43473, 0.0672844
2.67035, 2.43473, 0.0577168
2.74889, 2.43473, 0.0481327
2.82743, 2.43473, 0.0385315
2.90597, 2.43473, 0.0289144
2.98451, 2.43473, 0.0192842
3.06305, 2.43473, 0.00964453
0.0785398, 2.51327, 0.547796
0.15708, 2.51327, 0.511128
0.235619, 2.51327, 0.477499
0.314159, 2.51327, 0.446647
0.392699, 2.51327, 0.418327
0.471239, 2.51327, 0.392312
0.549779, 2.51327, 0.36839
0.628319, 2.51327, 0.346365
0.706858, 2.51327, 0.326054
0.785398, 2.51327, 0.307288
0.863938, 2.51327, 0.28991
0.942478, 2.51327, 0.273774
1.02102, 2.51327, 0.258746
1.09956, 2.51327, 0.244702
1.1781, 2.51327, 0.231528
1.25664, 2.51327, 0.219119
1.33518, 2.51327, 0.20738
1.41372, 2.51327, 0.196223
1.49226, 2.51327, 0.185567
1.5708, 2.51327, 0.175341
1.64934, 2.51327, 0.165479
1.72788, 2.51327, 0.155922
1.80642, 2.51327, 0.14662
1.88496, 2.51327, 0.137524
1.9635, 2.51327, 0.128594
2.04204, 2.51327, 0.119795
2.12058, 2.51327, 0.111096
2.19911, 2.51327, 0.102471
2.27765, 2.51327, 0.0938976
2.35619, 2.51327, 0.0853582
2.43473, 2.51327, 0.0768383
2.51327, 2.51327, 0.0683266
2.59181, 2.51327, 0.0598149
2.67035, 2.51327, 0.0512974
2.74889, 2.51327, 0.0427708
2.82743, 2.51327, 0.0342337
2.90597, 2.51327, 0.0256861
2.98451, 2.51327, 0.0171295
3.06305, 2.51327, 0.00856648
0.0785398, 2.59181, 0.486828
0.15708, 2.59181, 0.45411
0.235619, 2.59181, 0.424096
0.314159, 2.59181, 0.396552
0.392699, 2.59181, 0.371262
0.471239, 2.59181, 0.348024
0.549779, 2.59181, 0.326652
0.628319, 2.59181, 0.306971
0.706858, 2.59181, 0.288819
0.785398, 2.59181, 0.272047
0.863938, 2.59181, 0.256515
0.942478, 2.59181, 0.242095
1.02102, 2.59181, 0.228668
1.09956, 2.59181, 0.216124
1.1781, 2.59181, 0.204362
1.25664, 2.59181, 0.193289
1.33518, 2.59181, 0.18282
1.41372, 2.59181, 0.172877
1.49226, 2.59181, 0.163391
1.5708, 2.59181, 0.154296
1.64934, 2.59181, 0.145534
1.72788, 2.59181, 0.137054
1.80642, 2.59181, 0.128808
1.88496, 2.59181, 0.120756
1.9635, 2.59181, 0.112861
2.04204, 2.59181, 0.105091
2.12058, 2.59181, 0.0974182
2.19911, 2.59181, 0.0898194
2.27765, 2.59181, 0.0822747
2.35619, 2.59181, 0.0747675
2.43473, 2.59181, 0.0672844
2.51327, 2.59181, 0.0598149
2.59181, 2.59181, 0.052351
2.67035, 2.59181, 0.0448871
2.74889, 2.59181, 0.0374196
2.82743, 2.59181, 0.0299463
2.90597, 2.59181, 0.0224667
2.98451, 2.59181, 0.0149814
3.06305, 2.59181, 0.00749184
0.0785398, 2.67035, 0.422907
0.15708, 2.67035, 0.39439
0.235619, 2.67035, 0.368222
0.314159, 2.67035, 0.344203
0.392699, 2.67035, 0.322144
0.471239, 2.67035, 0.301872
0.549779, 2.67035, 0.283223
0.628319, 2.67035, 0.266047
0.706858, 2.67035, 0.250205
0.785398, 2.67035, 0.235566
0.863938, 2.67035, 0.222009
0.942478, 2.67035, 0.209424
1.02102, 2.67035, 0.197707
1.09956, 2.67035, 0.186764
1.1781, 2.67035, 0.176506
1.25664, 2.67035, 0.166854
1.33518, 2.67035, 0.157733
1.41372, 2.67035, 0.149077
1.49226, 2.67035, 0.140823
1.5708, 2.67035, 0.132917
1.64934, 2.67035, 0.125308
1.72788, 2.67035, 0.11795
1.80642, 2.67035, 0.110803
1.88496, 2.67035, 0.103831
1.9635, 2.67035, 0.0970023
2.04204, 2.67035, 0.0902888
2.12058, 2.67035, 0.0836663
2.19911, 2.67035, 0.077114
2.27765, 2.67035, 0.0706143
2.35619, 2.67035, 0.0641525
2.43473, 2.67035, 0.0577168
2.51327, 2.67035, 0.0512974
2.59181, 2.67035, 0.0448871
2.67035, 2.67035, 0.0384806
2.74889, 2.67035, 0.0320739
2.82743, 2.67035, 0.0256651
2.90597, 2.67035, 0.0192529
2.98451, 2.67035, 0.0128375
3.06305, 2.67035, 0.00641947
0.0785398, 2.74889, 0.356419
0.15708, 2.74889, 0.332319
0.235619, 2.74889, 0.3102
0.314159, 2.74889, 0.289893
0.392699, 2.74889, 0.27124
0.471239, 2.74889, 0.254095
0.549779, 2.74889, 0.238321
0.628319, 2.74889, 0.223791
0.706858, 2.74889, 0.210387
0.785398, 2.74889, 0.198001
0.863938, 2.74889, 0.186531
0.942478, 2.74889, 0.175884
1.02102, 2.74889, 0.165973
1.09956, 2.74889, 0.156718
1.1781, 2.74889, 0.148045
1.25664, 2.74889, 0.139887
1.33518, 2.74889, 0.132182
1.41372, 2.74889, 0.124873
1.49226, 2.74889, 0.117908
1.5708, 2.74889, 0.111241
1.64934, 2.74889, 0.10483
1.72788, 2.74889, 0.0986349
1.80642, 2.74889, 0.0926228
1.88496, 2.74889, 0.0867631
1.9635, 2.74889, 0.0810286
2.04204, 2.74889, 0.0753958
2.12058, 2.74889, 0.0698441
2.19911, 2.74889, 0.0643558
2.27765, 2.74889, 0.0589158
2.35619, 2.74889, 0.0535115
2.43473, 2.74889, 0.0481327
2.51327, 2.74889, 0.0427708
2.59181, 2.74889, 0.0374196
2.67035, 2.74889, 0.0320739
2.74889, 2.74889, 0.0267305
2.82743, 2.74889, 0.0213871
2.90597, 2.74889, 0.0160425
2.98451, 2.74889, 0.0106962
3.06305, 2.74889, 0.00534852
0.0785398, 2.82743, 0.287768
0.15708, 2.82743, 0.268267
0.235619, 2.82743, 0.250366
0.314159, 2.82743, 0.233929
0.392699, 2.82743, 0.218829
0.471239, 2.82743, 0.204947
0.549779, 2.82743, 0.192174
0.628319, 2.82743, 0.180407
0.706858, 2.82743, 0.169552
0.785398, 2.82743, 0.159521
0.863938, 2.82743, 0.150231
0.942478, 2.82743, 0.141608
1.02102, 2.82743, 0.133582
1.09956, 2.82743, 0.126089
1.1781, 2.82743, 0.119069
1.25664, 2.82743, 0.112467
1.33518, 2.82743, 0.106234
1.41372, 2.82743, 0.100324
1.49226, 2.82743, 0.0946957
1.5708, 2.82743, 0.0893106
1.64934, 2.82743, 0.0841347
1.72788, 2.82743, 0.0791372
1.80642, 2.82743, 0.0742904
1.88496, 2.82743, 0.0695697
1.9635, 2.82743, 0.0649531
2.04204, 2.82743, 0.0604216
2.12058, 2.82743, 0.0559584
2.19911, 2.82743, 0.0515492
2.27765, 2.82743, 0.0471815
2.35619, 2.82743, 0.0428451
2.43473, 2.82743, 0.0385315
2.51327, 2.82743, 0.0342337
2.59181, 2.82743, 0.0299463
2.67035, 2.82743, 0.0256651
2.74889, 2.82743, 0.0213871
2.82743, 2.82743, 0.0171104
2.90597, 2.82743, 0.0128337
2.98451, 2.82743, 0.00855635
3.06305, 2.82743, 0.00427838
0.0785398, 2.90597, 0.21737
0.15708, 2.90597, 0.202614
0.235619, 2.90597, 0.189068
0.314159, 2.90597, 0.176628
0.392699, 2.90597, 0.165199
0.471239, 2.90597, 0.154691
0.549779, 2.90597, 0.145021
0.628319, 2.90597, 0.136112
0.706858, 2.90597, 0.127893
0.785398, 2.90597, 0.120298
0.863938, 2.90597, 0.113264
0.942478, 2.90597, 0.106736
1.02102, 2.90597, 0.100659
1.09956, 2.90597, 0.0949871
1.1781, 2.90597, 0.0896739
1.25664, 2.90597, 0.0846786
1.33518, 2.90597, 0.0799636
1.41372, 2.90597, 0.0754945
1.49226, 2.90597, 0.0712396
1.5708, 2.90597, 0.0671706
1.64934, 2.90597, 0.0632614
1.72788, 2.90597, 0.0594888
1.80642, 2.90597, 0.0558319
1.88496, 2.90597, 0.052272
1.9635, 2.90597, 0.0487925
2.04204, 2.90597, 0.0453791
2.12058, 2.90597, 0.0420188
2.19911, 2.90597, 0.0387009
2.27765, 2.90597, 0.0354159
2.35619, 2.90597, 0.0321559
2.43473, 2.90597, 0.0289144
2.51327, 2.90597, 0.0256861
2.59181, 2.90597, 0.0224667
2.67035, 2.90597, 0.0192529
2.74889, 2.90597, 0.0160425
2.82743, 2.90597, 0.0128337
2.90597, 2.90597, 0.0096254
2.98451, 2.90597, 0.00641713
3.06305, 2.90597, 0.00320864
0.0785398, 2.98451, 0.145651
0.15708, 2.98451, 0.135752
0.235619, 2.98451, 0.126664
0.314159, 2.98451, 0.118317
0.392699, 2.98451, 0.110648
0.471239, 2.98451, 0.103596
0.549779, 2.98451, 0.0971063
0.628319, 2.98451, 0.0911273
0.706858, 2.98451, 0.0856111
0.785398, 2.98451, 0.0805131
0.863938, 2.98451, 0.0757923
0.942478, 2.98451, 0.0714106
1.02102, 2.98451, 0.0673327
1.09956, 2.98451, 0.0635262
1.1781, 2.98451, 0.059961
1.25664, 2.98451, 0.0566098
1.33518, 2.98451, 0.0534473
1.41372, 2.98451, 0.0504502
1.49226, 2.98451, 0.0475977
1.5708, 2.98451, 0.0448706
1.64934, 2.98451, 0.0422514
1.72788, 2.98451, 0.0397247
1.80642, 2.98451, 0.0372763
1.88496, 2.98451, 0.0348937
1.9635, 2.98451, 0.032566
2.04204, 2.98451, 0.0302832
2.12058, 2.98451, 0.0280369
2.19911, 2.98451, 0.0258197
2.27765, 2.98451, 0.0236252
2.35619, 2.98451, 0.0214482
2.43473, 2.98451, 0.0192842
2.51327, 2.98451, 0.0171295
2.59181, 2.98451, 0.0149814
2.67035, 2.98451, 0.0128375
2.74889, 2.98451, 0.0106962
2.82743, 2.98451, 0.00855635
2.90597, 2.98451, 0.00641713
2.98451, 2.98451, 0.0042781
3.06305, 2.98451, 0.00213907
0.0785398, 3.06305, 0.0730473
0.15708, 3.06305, 0.0680793
0.235619, 3.06305, 0.0635178
0.314159, 3.06305, 0.0593284
0.392699, 3.06305, 0.0554787
0.471239, 3.06305, 0.051939
0.549779, 3.06305, 0.0486813
0.628319, 3.06305, 0.0456798
0.706858, 3.06305, 0.0429105
0.785398, 3.06305, 0.0403512
0.863938, 3.06305, 0.0379813
0.942478, 3.06305, 0.0357816
1.02102, 3.06305, 0.0337345
1.09956, 3.06305, 0.0318237
1.1781, 3.06305, 0.0300343
1.25664, 3.06305, 0.0283524
1.33518, 3.06305, 0.0267653
1.41372, 3.06305, 0.0252615
1.49226, 3.06305, 0.0238304
1.5708, 3.06305, 0.0224625
1.64934, 3.06305, 0.021149
1.72788, 3.06305, 0.0198821
1.80642, 3.06305, 0.0186548
1.88496, 3.06305, 0.0174607
1.9635, 3.06305, 0.0162944
2.04204, 3.06305, 0.0151509
2.12058, 3.06305, 0.0140259
2.19911, 3.06305, 0.0129157
2.27765, 3.06305, 0.0118171
2.35619, 3.06305, 0.0107275
2.43473, 3.06305, 0.00964453
2.51327, 3.06305, 0.00856648
2.59181, 3.06305, 0.00749184
2.67035, 3.06305, 0.00641947
2.74889, 3.06305, 0.00534852
2.82743, 3.06305, 0.00427838
2.90597, 3.06305, 0.00320864
2.98451, 3.06305, 0.00213907
3.06305, 3.06305, 0.00106954
