0.0698132, 0.0698132, 0.130073
0.139626, 0.0698132, 0.190389
0.20944, 0.0698132, 0.250368
0.279253, 0.0698132, 0.309678
0.349066, 0.0698132, 0.367993
0.418879, 0.0698132, 0.424994
0.488692, 0.0698132, 0.48037
0.558505, 0.0698132, 0.533822
0.628319, 0.0698132, 0.58506
0.698132, 0.0698132, 0.633809
0.767945, 0.0698132, 0.679807
0.837758, 0.0698132, 0.722806
0.907571, 0.0698132, 0.762575
0.977384, 0.0698132, 0.798901
1.0472, 0.0698132, 0.831587
1.11701, 0.0698132, 0.860458
1.18682, 0.0698132, 0.885355
1.25664, 0.0698132, 0.906143
1.32645, 0.0698132, 0.922706
1.39626, 0.0698132, 0.934949
1.46608, 0.0698132, 0.942801
1.53589, 0.0698132, 0.946212
1.6057, 0.0698132, 0.945153
1.67552, 0.0698132, 0.93962
1.74533, 0.0698132, 0.929631
1.81514, 0.0698132, 0.915223
1.88496, 0.0698132, 0.89646
1.95477, 0.0698132, 0.873425
2.02458, 0.0698132, 0.846222
2.0944, 0.0698132, 0.814977
2.16421, 0.0698132, 0.779834
2.23402, 0.0698132, 0.74096
2.30383, 0.0698132, 0.698537
2.37365, 0.0698132, 0.652766
2.44346, 0.0698132, 0.603864
2.51327, 0.0698132, 0.552065
2.58309, 0.0698132, 0.497616
2.6529, 0.0698132, 0.440777
2.72271, 0.0698132, 0.381821
2.79253, 0.0698132, 0.32103
2.86234, 0.0698132, 0.258696
2.93215, 0.0698132, 0.195119
3.00197, 0.0698132, 0.130603
3.07178, 0.0698132, 0.0654587
0.0698132, 0.139626, 0.190389
0.139626, 0.139626, 0.241941
0.20944, 0.139626, 0.293493
0.279253, 0.139626, 0.344714
0.349066, 0.139626, 0.395281
0.418879, 0.139626, 0.444876
0.488692, 0.139626, 0.493194
0.558505, 0.139626, 0.539938
0.628319, 0.139626, 0.584825
0.698132, 0.139626, 0.627583
0.767945, 0.139626, 0.667954
0.837758, 0.139626, 0.705696
0.907571, 0.139626, 0.740583
0.977384, 0.139626, 0.772403
1.0472, 0.139626, 0.800965
1.11701, 0.139626, 0.826095
1.18682, 0.139626, 0.847636
1.25664, 0.139626, 0.865455
1.32645, 0.139626, 0.879436
1.39626, 0.139626, 0.889483
1.46608, 0.139626, 0.895522
1.53589, 0.139626, 0.897502
1.6057, 0.139626, 0.89539
1.67552, 0.139626, 0.889176
1.74533, 0.139626, 0.878871
1.81514, 0.139626, 0.864507
1.88496, 0.139626, 0.846137
1.95477, 0.139626, 0.823834
2.02458, 0.139626, 0.797692
2.0944, 0.139626, 0.767825
2.16421, 0.139626, 0.734363
2.23402, 0.139626, 0.697458
2.30383, 0.139626, 0.657276
2.37365, 0.139626, 0.614003
2.44346, 0.139626, 0.567838
2.51327, 0.139626, 0.518995
2.58309, 0.139626, 0.467703
2.6529, 0.139626, 0.414201
2.72271, 0.139626, 0.358741
2.79253, 0.139626, 0.301583
2.86234, 0.139626, 0.242999
2.93215, 0.139626, 0.183263
3.00197, 0.139626, 0.12266
3.07178, 0.139626, 0.0614757
0.0698132, 0.20944, 0.250368
0.139626, 0.20944, 0.293493
0.20944, 0.20944, 0.336949
0.279253, 0.20944, 0.380406
0.349066, 0.20944, 0.423539
0.418879, 0.20944, 0.466035
0.488692, 0.20944, 0.50759
0.558505, 0.20944, 0.547912
0.628319, 0.20944, 0.586718
0.698132, 0.20944, 0.623743
0.767945, 0.20944, 0.65873
0.837758, 0.20944, 0.691443
0.907571, 0.20944, 0.721656
0.977384, 0.20944, 0.749164
1.0472, 0.20944, 0.773775
1.11701, 0.20944, 0.795319
1.18682, 0.20944, 0.813641
1.25664, 0.20944, 0.828606
1.32645, 0.20944, 0.840099
1.39626, 0.20944, 0.848023
1.46608, 0.20944, 0.852304
1.53589, 0.20944, 0.852884
1.6057, 0.20944, 0.849729
1.67552, 0.20944, 0.842823
1.74533, 0.20944, 0.83217
1.81514, 0.20944, 0.817796
1.88496, 0.20944, 0.799746
1.95477, 0.20944, 0.778082
2.02458, 0.20944, 0.752889
2.0944, 0.20944, 0.724267
2.16421, 0.20944, 0.692336
2.23402, 0.20944, 0.657232
2.30383, 0.20944, 0.619108
2.37365, 0.20944, 0.578133
2.44346, 0.20944, 0.534489
2.51327, 0.20944, 0.488375
2.58309, 0.20944, 0.439999
2.6529, 0.20944, 0.389582
2.72271, 0.20944, 0.337357
2.79253, 0.20944, 0.283564
2.86234, 0.20944, 0.228452
2.93215, 0.20944, 0.172277
3.00197, 0.20944, 0.115299
3.07178, 0.20944, 0.0577841
0.0698132, 0.279253, 0.309678
0.139626, 0.279253, 0.344714
0.20944, 0.279253, 0.380406
0.279253, 0.279253, 0.41642
0.349066, 0.279253, 0.452434
0.418879, 0.279253, 0.488135
0.488692, 0.279253, 0.523221
0.558505, 0.279253, 0.5574
0.628319, 0.279253, 0.590394
0.698132, 0.279253, 0.621939
0.767945, 0.279253, 0.651782
0.837758, 0.279253, 0.679688
0.907571, 0.279253, 0.705436
0.977384, 0.279253, 0.72882
1.0472, 0.279253, 0.749654
1.11701, 0.279253, 0.767765
1.18682, 0.279253, 0.783002
1.25664, 0.279253, 0.795228
1.32645, 0.279253, 0.80433
1.39626, 0.279253, 0.810208
1.46608, 0.279253, 0.812785
1.53589, 0.279253, 0.812001
1.6057, 0.279253, 0.807818
1.67552, 0.279253, 0.800215
1.74533, 0.279253, 0.789191
1.81514, 0.279253, 0.774763
1.88496, 0.279253, 0.756968
1.95477, 0.279253, 0.73586
2.02458, 0.279253, 0.711514
2.0944, 0.279253, 0.684018
2.16421, 0.279253, 0.653481
2.23402, 0.279253, 0.620025
2.30383, 0.279253, 0.583791
2.37365, 0.279253, 0.54493
2.44346, 0.279253, 0.503612
2.51327, 0.279253, 0.460016
2.58309, 0.279253, 0.414335
2.6529, 0.279253, 0.366773
2.72271, 0.279253, 0.317541
2.79253, 0.279253, 0.266864
2.86234, 0.279253, 0.214968
2.93215, 0.279253, 0.162092
3.00197, 0.279253, 0.108475
3.07178, 0.279253, 0.0543616
0.0698132, 0.349066, 0.367993
0.139626, 0.349066, 0.395281
0.20944, 0.349066, 0.423539
0.279253, 0.349066, 0.452434
0.349066, 0.349066, 0.481642
0.418879, 0.349066, 0.510851
0.488692, 0.349066, 0.539757
0.558505, 0.349066, 0.568073
0.628319, 0.349066, 0.59552
0.698132, 0.349066, 0.621836
0.767945, 0.349066, 0.646771
0.837758, 0.349066, 0.670092
0.907571, 0.349066, 0.691579
0.977384, 0.349066, 0.711028
1.0472, 0.349066, 0.728254
1.11701, 0.349066, 0.743086
1.18682, 0.349066, 0.755372
1.25664, 0.349066, 0.764977
1.32645, 0.349066, 0.771784
1.39626, 0.349066, 0.775693
1.46608, 0.349066, 0.776626
1.53589, 0.349066, 0.774519
1.6057, 0.349066, 0.769328
1.67552, 0.349066, 0.761029
1.74533, 0.349066, 0.749615
1.81514, 0.349066, 0.735096
1.88496, 0.349066, 0.717501
1.95477, 0.349066, 0.696877
2.02458, 0.349066, 0.673287
2.0944, 0.349066, 0.646811
2.16421, 0.349066, 0.617544
2.23402, 0.349066, 0.585598
2.30383, 0.349066, 0.551099
2.37365, 0.349066, 0.514186
2.44346, 0.349066, 0.475012
2.51327, 0.349066, 0.433743
2.58309, 0.349066, 0.390553
2.6529, 0.349066, 0.345631
2.72271, 0.349066, 0.299172
2.79253, 0.349066, 0.25138
2.86234, 0.349066, 0.202466
2.93215, 0.349066, 0.152648
3.00197, 0.349066, 0.102146
3.07178, 0.349066, 0.0511878
0.0698132, 0.418879, 0.424994
0.139626, 0.418879, 0.444876
0.20944, 0.418879, 0.466035
0.279253, 0.418879, 0.488135
0.349066, 0.418879, 0.510851
0.418879, 0.418879, 0.533868
0.488692, 0.418879, 0.556885
0.558505, 0.418879, 0.579614
0.628319, 0.418879, 0.601777
0.698132, 0.418879, 0.623114
0.767945, 0.418879, 0.643375
0.837758, 0.418879, 0.66233
0.907571, 0.418879, 0.679758
0.977384, 0.418879, 0.69546
1.0472, 0.418879, 0.709248
1.11701, 0.418879, 0.720953
1.18682, 0.418879, 0.730423
1.25664, 0.418879, 0.737523
1.32645, 0.418879, 0.742134
1.39626, 0.418879, 0.744156
1.46608, 0.418879, 0.743506
1.53589, 0.418879, 0.740119
1.6057, 0.418879, 0.733946
1.67552, 0.418879, 0.724959
1.74533, 0.418879, 0.713143
1.81514, 0.418879, 0.698505
1.88496, 0.418879, 0.681065
1.95477, 0.418879, 0.660861
2.02458, 0.418879, 0.637947
2.0944, 0.418879, 0.612394
2.16421, 0.418879, 0.584287
2.23402, 0.418879, 0.553725
2.30383, 0.418879, 0.520821
2.37365, 0.418879, 0.485703
2.44346, 0.418879, 0.448508
2.51327, 0.418879, 0.409388
2.58309, 0.418879, 0.368505
2.6529, 0.418879, 0.326027
2.72271, 0.418879, 0.282136
2.79253, 0.418879, 0.237019
2.86234, 0.418879, 0.190869
2.93215, 0.418879, 0.143886
3.00197, 0.418879, 0.0962752
3.07178, 0.418879, 0.0482431
0.0698132, 0.488692, 0.48037
0.139626, 0.488692, 0.493194
0.20944, 0.488692, 0.50759
0.279253, 0.488692, 0.523221
0.349066, 0.488692, 0.539757
0.418879, 0.488692, 0.556885
0.488692, 0.488692, 0.574302
0.558505, 0.488692, 0.591719
0.628319, 0.488692, 0.608861
0.698132, 0.488692, 0.625466
0.767945, 0.488692, 0.641287
0.837758, 0.488692, 0.656092
0.907571, 0.488692, 0.669665
0.977384, 0.488692, 0.681804
1.0472, 0.488692, 0.692324
1.11701, 0.488692, 0.701055
1.18682, 0.488692, 0.707845
1.25664, 0.488692, 0.712558
1.32645, 0.488692, 0.715074
1.39626, 0.488692, 0.715292
1.46608, 0.488692, 0.713124
1.53589, 0.488692, 0.708504
1.6057, 0.488692, 0.70138
1.67552, 0.488692, 0.691716
1.74533, 0.488692, 0.679495
1.81514, 0.488692, 0.664715
1.88496, 0.488692, 0.647391
1.95477, 0.488692, 0.627553
2.02458, 0.488692, 0.605247
2.0944, 0.488692, 0.580532
2.16421, 0.488692, 0.553484
2.23402, 0.488692, 0.524192
2.30383, 0.488692, 0.492758
2.37365, 0.488692, 0.459295
2.44346, 0.488692, 0.423929
2.51327, 0.488692, 0.386799
2.58309, 0.488692, 0.348049
2.6529, 0.488692, 0.307837
2.72271, 0.488692, 0.266327
2.79253, 0.488692, 0.22369
2.86234, 0.488692, 0.180104
2.93215, 0.488692, 0.135753
3.00197, 0.488692, 0.0908249
3.07178, 0.488692, 0.0455095
0.0698132, 0.558505, 0.533822
0.139626, 0.558505, 0.539938
0.20944, 0.558505, 0.547912
0.279253, 0.558505, 0.5574
0.349066, 0.558505, 0.568073
0.418879, 0.558505, 0.579614
0.488692, 0.558505, 0.591719
0.558505, 0.558505, 0.604101
0.628319, 0.558505, 0.616482
0.698132, 0.558505, 0.628602
0.767945, 0.558505, 0.640214
0.837758, 0.558505, 0.651088
0.907571, 0.558505, 0.661006
0.977384, 0.558505, 0.669768
1.0472, 0.558505, 0.677189
1.11701, 0.558505, 0.683098
1.18682, 0.558505, 0.687344
1.25664, 0.558505, 0.68979
1.32645, 0.558505, 0.690313
1.39626, 0.558505, 0.688811
1.46608, 0.558505, 0.685195
1.53589, 0.558505, 0.679394
1.6057, 0.558505, 0.671352
1.67552, 0.558505, 0.66103
1.74533, 0.558505, 0.648406
1.81514, 0.558505, 0.63347
1.88496, 0.558505, 0.616232
1.95477, 0.558505, 0.596714
2.02458, 0.558505, 0.574954
2.0944, 0.558505, 0.551003
2.16421, 0.558505, 0.524926
2.23402, 0.558505, 0.496802
2.30383, 0.558505, 0.466723
2.37365, 0.558505, 0.434789
2.44346, 0.558505, 0.401116
2.51327, 0.558505, 0.365827
2.58309, 0.558505, 0.329056
2.6529, 0.558505, 0.290945
2.72271, 0.558505, 0.251643
2.79253, 0.558505, 0.211309
2.86234, 0.558505, 0.170105
2.93215, 0.558505, 0.128198
3.00197, 0.558505, 0.0857616
3.07178, 0.558505, 0.0429699
0.0698132, 0.628319, 0.58506
0.139626, 0.628319, 0.584825
0.20944, 0.628319, 0.586718
0.279253, 0.628319, 0.590394
0.349066, 0.628319, 0.59552
0.418879, 0.628319, 0.601777
0.488692, 0.628319, 0.608861
0.558505, 0.628319, 0.616482
0.628319, 0.628319, 0.624364
0.698132, 0.628319, 0.632245
0.767945, 0.628319, 0.639881
0.837758, 0.628319, 0.647039
0.907571, 0.628319, 0.653503
0.977384, 0.628319, 0.659073
1.0472, 0.628319, 0.663564
1.11701, 0.628319, 0.666805
1.18682, 0.628319, 0.668644
1.25664, 0.628319, 0.668943
1.32645, 0.628319, 0.667578
1.39626, 0.628319, 0.664444
1.46608, 0.628319, 0.659451
1.53589, 0.628319, 0.652524
1.6057, 0.628319, 0.643604
1.67552, 0.628319, 0.632648
1.74533, 0.628319, 0.619627
1.81514, 0.628319, 0.604528
1.88496, 0.628319, 0.587353
1.95477, 0.628319, 0.568117
2.02458, 0.628319, 0.546852
2.0944, 0.628319, 0.523599
2.16421, 0.628319, 0.498415
2.23402, 0.628319, 0.471369
2.30383, 0.628319, 0.442541
2.37365, 0.628319, 0.412024
2.44346, 0.628319, 0.379919
2.51327, 0.628319, 0.346338
2.58309, 0.628319, 0.311403
2.6529, 0.628319, 0.275242
2.72271, 0.628319, 0.237993
2.79253, 0.628319, 0.199799
2.86234, 0.628319, 0.160807
2.93215, 0.628319, 0.121173
3.00197, 0.628319, 0.0810535
3.07178, 0.628319, 0.0406083
0.0698132, 0.698132, 0.633809
0.139626, 0.698132, 0.627583
0.20944, 0.698132, 0.623743
0.279253, 0.698132, 0.621939
0.349066, 0.698132, 0.621836
0.418879, 0.698132, 0.623114
0.488692, 0.698132, 0.625466
0.558505, 0.698132, 0.628602
0.628319, 0.698132, 0.632245
0.698132, 0.698132, 0.636135
0.767945, 0.698132, 0.640025
0.837758, 0.698132, 0.643683
0.907571, 0.698132, 0.646894
0.977384, 0.698132, 0.649458
1.0472, 0.698132, 0.651188
1.11701, 0.698132, 0.651915
1.18682, 0.698132, 0.651485
1.25664, 0.698132, 0.649758
1.32645, 0.698132, 0.646612
1.39626, 0.698132, 0.641937
1.46608, 0.698132, 0.635641
1.53589, 0.698132, 0.627647
1.6057, 0.698132, 0.617892
1.67552, 0.698132, 0.606329
1.74533, 0.698132, 0.592925
1.81514, 0.698132, 0.577661
1.88496, 0.698132, 0.560534
1.95477, 0.698132, 0.541551
2.02458, 0.698132, 0.520737
2.0944, 0.698132, 0.498125
2.16421, 0.698132, 0.473766
2.23402, 0.698132, 0.447717
2.30383, 0.698132, 0.420049
2.37365, 0.698132, 0.390846
2.44346, 0.698132, 0.360197
2.51327, 0.698132, 0.328203
2.58309, 0.698132, 0.294975
2.6529, 0.698132, 0.260629
2.72271, 0.698132, 0.225288
2.79253, 0.698132, 0.189085
2.86234, 0.698132, 0.152153
2.93215, 0.698132, 0.114634
3.00197, 0.698132, 0.0766706
3.07178, 0.698132, 0.0384099
0.0698132, 0.767945, 0.679807
0.139626, 0.767945, 0.667954
0.20944, 0.767945, 0.65873
0.279253, 0.767945, 0.651782
0.349066, 0.767945, 0.646771
0.418879, 0.767945, 0.643375
0.488692, 0.767945, 0.641287
0.558505, 0.767945, 0.640214
0.628319, 0.767945, 0.639881
0.698132, 0.767945, 0.640025
0.767945, 0.767945, 0.640399
0.837758, 0.767945, 0.640774
0.907571, 0.767945, 0.640933
0.977384, 0.767945, 0.640675
1.0472, 0.767945, 0.639815
1.11701, 0.767945, 0.638182
1.18682, 0.767945, 0.635622
1.25664, 0.767945, 0.631994
1.32645, 0.767945, 0.627173
1.39626, 0.767945, 0.62105
1.46608, 0.767945, 0.613529
1.53589, 0.767945, 0.604531
1.6057, 0.767945, 0.593989
1.67552, 0.767945, 0.581852
1.74533, 0.767945, 0.568083
1.81514, 0.767945, 0.552659
1.88496, 0.767945, 0.535569
1.95477, 0.767945, 0.516817
2.02458, 0.767945, 0.496418
2.0944, 0.767945, 0.474401
2.16421, 0.767945, 0.450805
2.23402, 0.767945, 0.425683
2.30383, 0.767945, 0.399094
2.37365, 0.767945, 0.371113
2.44346, 0.767945, 0.341819
2.51327, 0.767945, 0.311304
2.58309, 0.767945, 0.279665
2.6529, 0.767945, 0.247009
2.72271, 0.767945, 0.213447
2.79253, 0.767945, 0.179099
2.86234, 0.767945, 0.144087
2.93215, 0.767945, 0.108538
3.00197, 0.767945, 0.0725853
3.07178, 0.767945, 0.0363607
0.0698132, 0.837758, 0.722806
0.139626, 0.837758, 0.705696
0.20944, 0.837758, 0.691443
0.279253, 0.837758, 0.679688
0.349066, 0.837758, 0.670092
0.418879, 0.837758, 0.66233
0.488692, 0.837758, 0.656092
0.558505, 0.837758, 0.651088
0.628319, 0.837758, 0.647039
0.698132, 0.837758, 0.643683
0.767945, 0.837758, 0.640774
0.837758, 0.837758, 0.638081
0.907571, 0.837758, 0.635389
0.977384, 0.837758, 0.632495
1.0472, 0.837758, 0.629215
1.11701, 0.837758, 0.625377
1.18682, 0.837758, 0.620826
1.25664, 0.837758, 0.615422
1.32645, 0.837758, 0.609037
1.39626, 0.837758, 0.60156
1.46608, 0.837758, 0.592895
1.53589, 0.837758, 0.582958
1.6057, 0.837758, 0.57168
1.67552, 0.837758, 0.559007
1.74533, 0.837758, 0.544897
1.81514, 0.837758, 0.529322
1.88496, 0.837758, 0.512267
1.95477, 0.837758, 0.493729
2.02458, 0.837758, 0.473718
2.0944, 0.837758, 0.452255
2.16421, 0.837758, 0.429372
2.23402, 0.837758, 0.405114
2.30383, 0.837758, 0.379532
2.37365, 0.837758, 0.352691
2.44346, 0.837758, 0.324663
2.51327, 0.837758, 0.295527
2.58309, 0.837758, 0.265372
2.6529, 0.837758, 0.234294
2.72271, 0.837758, 0.202393
2.79253, 0.837758, 0.169776
2.86234, 0.837758, 0.136556
2.93215, 0.837758, 0.102848
3.00197, 0.837758, 0.0687714
3.07178, 0.837758, 0.0344477
0.0698132, 0.907571, 0.762575
0.139626, 0.907571, 0.740583
0.20944, 0.907571, 0.721656
0.279253, 0.907571, 0.705436
0.349066, 0.907571, 0.691579
0.418879, 0.907571, 0.679758
0.488692, 0.907571, 0.669665
0.558505, 0.907571, 0.661006
0.628319, 0.907571, 0.653503
0.698132, 0.907571, 0.646894
0.767945, 0.907571, 0.640933
0.837758, 0.907571, 0.635389
0.907571, 0.907571, 0.630045
0.977384, 0.907571, 0.624701
1.0472, 0.907571, 0.619171
1.11701, 0.907571, 0.613285
1.18682, 0.907571, 0.606885
1.25664, 0.907571, 0.59983
1.32645, 0.907571, 0.591993
1.39626, 0.907571, 0.58326
1.46608, 0.907571, 0.573532
1.53589, 0.907571, 0.562725
1.6057, 0.907571, 0.550767
1.67552, 0.907571, 0.537598
1.74533, 0.907571, 0.523175
1.81514, 0.907571, 0.507465
1.88496, 0.907571, 0.490447
1.95477, 0.907571, 0.472114
2.02458, 0.907571, 0.452469
2.0944, 0.907571, 0.431528
2.16421, 0.907571, 0.409315
2.23402, 0.907571, 0.385868
2.30383, 0.907571, 0.36123
2.37365, 0.907571, 0.335458
2.44346, 0.907571, 0.308614
2.51327, 0.907571, 0.28077
2.58309, 0.907571, 0.252004
2.6529, 0.907571, 0.222401
2.72271, 0.907571, 0.192053
2.79253, 0.907571, 0.161057
2.86234, 0.907571, 0.129513
2.93215, 0.907571, 0.0975262
3.00197, 0.907571, 0.0652046
3.07178, 0.907571, 0.0326586
0.0698132, 0.977384, 0.798901
0.139626, 0.977384, 0.772403
0.20944, 0.977384, 0.749164
0.279253, 0.977384, 0.72882
0.349066, 0.977384, 0.711028
0.418879, 0.977384, 0.69546
0.488692, 0.977384, 0.681804
0.558505, 0.977384, 0.669768
0.628319, 0.977384, 0.659073
0.698132, 0.977384, 0.649458
0.767945, 0.977384, 0.640675
0.837758, 0.977384, 0.632495
0.907571, 0.977384, 0.624701
0.977384, 0.977384, 0.617093
1.0472, 0.977384, 0.609485
1.11701, 0.977384, 0.601705
1.18682, 0.977384, 0.593598
1.25664, 0.977384, 0.58502
1.32645, 0.977384, 0.575843
1.39626, 0.977384, 0.565954
1.46608, 0.977384, 0.555249
1.53589, 0.977384, 0.543644
1.6057, 0.977384, 0.531063
1.67552, 0.977384, 0.517445
1.74533, 0.977384, 0.502741
1.81514, 0.977384, 0.486915
1.88496, 0.977384, 0.469942
1.95477, 0.977384, 0.45181
2.02458, 0.977384, 0.432517
2.0944, 0.977384, 0.412072
2.16421, 0.977384, 0.390493
2.23402, 0.977384, 0.367811
2.30383, 0.977384, 0.344063
2.37365, 0.977384, 0.319296
2.44346, 0.977384, 0.293565
2.51327, 0.977384, 0.266934
2.58309, 0.977384, 0.239471
2.6529, 0.977384, 0.211254
2.72271, 0.977384, 0.182363
2.79253, 0.977384, 0.152886
2.86234, 0.977384, 0.122913
2.93215, 0.977384, 0.0925391
3.00197, 0.977384, 0.0618623
3.07178, 0.977384, 0.0309821
0.0698132, 1.0472, 0.831587
0.139626, 1.0472, 0.800965
0.20944, 1.0472, 0.773775
0.279253, 1.0472, 0.749654
0.349066, 1.0472, 0.728254
0.418879, 1.0472, 0.709248
0.488692, 1.0472, 0.692324
0.558505, 1.0472, 0.677189
0.628319, 1.0472, 0.663564
0.698132, 1.0472, 0.651188
0.767945, 1.0472, 0.639815
0.837758, 1.0472, 0.629215
0.907571, 1.0472, 0.619171
0.977384, 1.0472, 0.609485
1.0472, 1.0472, 0.599969
1.11701, 1.0472, 0.590454
1.18682, 1.0472, 0.580782
1.25664, 1.0472, 0.570809
1.32645, 1.0472, 0.560408
1.39626, 1.0472, 0.549461
1.46608, 1.0472, 0.537868
1.53589, 1.0472, 0.525538
1.6057, 1.0472, 0.512396
1.67552, 1.0472, 0.498376
1.74533, 1.0472, 0.483428
1.81514, 1.0472, 0.467511
1.88496, 1.0472, 0.450597
1.95477, 1.0472, 0.432668
2.02458, 1.0472, 0.413718
2.0944, 1.0472, 0.393749
2.16421, 1.0472, 0.372776
2.23402, 1.0472, 0.35082
2.30383, 1.0472, 0.327914
2.37365, 1.0472, 0.304097
2.44346, 1.0472, 0.279417
2.51327, 1.0472, 0.253929
2.58309, 1.0472, 0.227694
2.6529, 1.0472, 0.20078
2.72271, 1.0472, 0.173259
2.79253, 1.0472, 0.14521
2.86234, 1.0472, 0.116713
2.93215, 1.0472, 0.0878551
3.00197, 1.0472, 0.0587232
3.07178, 1.0472, 0.0294077
0.0698132, 1.11701, 0.860458
0.139626, 1.11701, 0.826095
0.20944, 1.11701, 0.795319
0.279253, 1.11701, 0.767765
0.349066, 1.11701, 0.743086
0.418879, 1.11701, 0.720953
0.488692, 1.11701, 0.701055
0.558505, 1.11701, 0.683098
0.628319, 1.11701, 0.666805
0.698132, 1.11701, 0.651915
0.767945, 1.11701, 0.638182
0.837758, 1.11701, 0.625377
0.907571, 1.11701, 0.613285
0.977384, 1.11701, 0.601705
1.0472, 1.11701, 0.590454
1.11701, 1.11701, 0.579359
1.18682, 1.11701, 0.568265
1.25664, 1.11701, 0.557027
1.32645, 1.11701, 0.545516
1.39626, 1.11701, 0.533616
1.46608, 1.11701, 0.521222
1.53589, 1.11701, 0.508245
1.6057, 1.11701, 0.494605
1.67552, 1.11701, 0.480237
1.74533, 1.11701, 0.465084
1.81514, 1.11701, 0.449105
1.88496, 1.11701, 0.432266
1.95477, 1.11701, 0.414547
2.02458, 1.11701, 0.395936
2.0944, 1.11701, 0.376431
2.16421, 1.11701, 0.35604
2.23402, 1.11701, 0.33478
2.30383, 1.11701, 0.312676
2.37365, 1.11701, 0.289762
2.44346, 1.11701, 0.266078
2.51327, 1.11701, 0.241671
2.58309, 1.11701, 0.216596
2.6529, 1.11701, 0.190912
2.72271, 1.11701, 0.164684
2.79253, 1.11701, 0.137981
2.86234, 1.11701, 0.110875
2.93215, 1.11701, 0.0834448
3.00197, 1.11701, 0.0557678
3.07178, 1.11701, 0.0279254
0.0698132, 1.18682, 0.885355
0.139626, 1.18682, 0.847636
0.20944, 1.18682, 0.813641
0.279253, 1.18682, 0.783002
0.349066, 1.18682, 0.755372
0.418879, 1.18682, 0.730423
0.488692, 1.18682, 0.707845
0.558505, 1.18682, 0.687344
0.628319, 1.18682, 0.668644
0.698132, 1.18682, 0.651485
0.767945, 1.18682, 0.635622
0.837758, 1.18682, 0.620826
0.907571, 1.18682, 0.606885
0.977384, 1.18682, 0.593598
1.0472, 1.18682, 0.580782
1.11701, 1.18682, 0.568265
1.18682, 1.18682, 0.555891
1.25664, 1.18682, 0.543518
1.32645, 1.18682, 0.531014
1.39626, 1.18682, 0.518263
1.46608, 1.18682, 0.505161
1.53589, 1.18682, 0.491614
1.6057, 1.18682, 0.477544
1.67552, 1.18682, 0.46288
1.74533, 1.18682, 0.447567
1.81514, 1.18682, 0.431558
1.88496, 1.18682, 0.414817
1.95477, 1.18682, 0.397318
2.02458, 1.18682, 0.379047
2.0944, 1.18682, 0.359998
2.16421, 1.18682, 0.340172
2.23402, 1.18682, 0.319583
2.30383, 1.18682, 0.298248
2.37365, 1.18682, 0.276196
2.44346, 1.18682, 0.25346
2.51327, 1.18682, 0.230081
2.58309, 1.18682, 0.206107
2.6529, 1.18682, 0.181589
2.72271, 1.18682, 0.156584
2.79253, 1.18682, 0.131153
2.86234, 1.18682, 0.105363
2.93215, 1.18682, 0.0792809
3.00197, 1.18682, 0.0529777
3.07178, 1.18682, 0.0265261
0.0698132, 1.25664, 0.906143
0.139626, 1.25664, 0.865455
0.20944, 1.25664, 0.828606
0.279253, 1.25664, 0.795228
0.349066, 1.25664, 0.764977
0.418879, 1.25664, 0.737523
0.488692, 1.25664, 0.712558
0.558505, 1.25664, 0.68979
0.628319, 1.25664, 0.668943
0.698132, 1.25664, 0.649758
0.767945, 1.25664, 0.631994
0.837758, 1.25664, 0.615422
0.907571, 1.25664, 0.59983
0.977384, 1.25664, 0.58502
1.0472, 1.25664, 0.570809
1.11701, 1.25664, 0.557027
1.18682, 1.25664, 0.543518
1.25664, 1.25664, 0.530139
1.32645, 1.25664, 0.516759
1.39626, 1.25664, 0.503262
1.46608, 1.25664, 0.489543
1.53589, 1.25664, 0.475507
1.6057, 1.25664, 0.461075
1.67552, 1.25664, 0.446174
1.74533, 1.25664, 0.430746
1.81514, 1.25664, 0.414742
1.88496, 1.25664, 0.398124
1.95477, 1.25664, 0.380862
2.02458, 1.25664, 0.362938
2.0944, 1.25664, 0.344341
2.16421, 1.25664, 0.325069
2.23402, 1.25664, 0.30513
2.30383, 1.25664, 0.284538
2.37365, 1.25664, 0.263313
2.44346, 1.25664, 0.241485
2.51327, 1.25664, 0.219088
2.58309, 1.25664, 0.196161
2.6529, 1.25664, 0.172752
2.72271, 1.25664, 0.148908
2.79253, 1.25664, 0.124686
2.86234, 1.25664, 0.100142
2.93215, 1.25664, 0.0753381
3.00197, 1.25664, 0.0503361
3.07178, 1.25664, 0.0252014
0.0698132, 1.32645, 0.922706
0.139626, 1.32645, 0.879436
0.20944, 1.32645, 0.840099
0.279253, 1.32645, 0.80433
0.349066, 1.32645, 0.771784
0.418879, 1.32645, 0.742134
0.488692, 1.32645, 0.715074
0.558505, 1.32645, 0.690313
0.628319, 1.32645, 0.667578
0.698132, 1.32645, 0.646612
0.767945, 1.32645, 0.627173
0.837758, 1.32645, 0.609037
0.907571, 1.32645, 0.591993
0.977384, 1.32645, 0.575843
1.0472, 1.32645, 0.560408
1.11701, 1.32645, 0.545516
1.18682, 1.32645, 0.531014
1.25664, 1.32645, 0.516759
1.32645, 1.32645, 0.502622
1.39626, 1.32645, 0.488484
1.46608, 1.32645, 0.474241
1.53589, 1.32645, 0.459798
1.6057, 1.32645, 0.445073
1.67552, 1.32645, 0.429994
1.74533, 1.32645, 0.414501
1.81514, 1.32645, 0.398541
1.88496, 1.32645, 0.382074
1.95477, 1.32645, 0.365068
2.02458, 1.32645, 0.347501
2.0944, 1.32645, 0.329358
2.16421, 1.32645, 0.310634
2.23402, 1.32645, 0.291332
2.30383, 1.32645, 0.27146
2.37365, 1.32645, 0.251035
2.44346, 1.32645, 0.230079
2.51327, 1.32645, 0.208623
2.58309, 1.32645, 0.186699
2.6529, 1.32645, 0.164348
2.72271, 1.32645, 0.141612
2.79253, 1.32645, 0.11854
2.86234, 1.32645, 0.0951825
2.93215, 1.32645, 0.0715928
3.00197, 1.32645, 0.0478271
3.07178, 1.32645, 0.0239433
0.0698132, 1.39626, 0.934949
0.139626, 1.39626, 0.889483
0.20944, 1.39626, 0.848023
0.279253, 1.39626, 0.810208
0.349066, 1.39626, 0.775693
0.418879, 1.39626, 0.744156
0.488692, 1.39626, 0.715292
0.558505, 1.39626, 0.688811
0.628319, 1.39626, 0.664444
0.698132, 1.39626, 0.641937
0.767945, 1.39626, 0.62105
0.837758, 1.39626, 0.60156
0.907571, 1.39626, 0.58326
0.977384, 1.39626, 0.565954
1.0472, 1.39626, 0.549461
1.11701, 1.39626, 0.533616
1.18682, 1.39626, 0.518263
1.25664, 1.39626, 0.503262
1.32645, 1.39626, 0.488484
1.39626, 1.39626, 0.473811
1.46608, 1.39626, 0.459138
1.53589, 1.39626, 0.444371
1.6057, 1.39626, 0.429425
1.67552, 1.39626, 0.41423
1.74533, 1.39626, 0.398721
1.81514, 1.39626, 0.382846
1.88496, 1.39626, 0.366562
1.95477, 1.39626, 0.349835
2.02458, 1.39626, 0.332639
2.0944, 1.39626, 0.314956
2.16421, 1.39626, 0.296778
2.23402, 1.39626, 0.278102
2.30383, 1.39626, 0.258934
2.37365, 1.39626, 0.239286
2.44346, 1.39626, 0.219175
2.51327, 1.39626, 0.198625
2.58309, 1.39626, 0.177665
2.6529, 1.39626, 0.156328
2.72271, 1.39626, 0.134653
2.79253, 1.39626, 0.11268
2.86234, 1.39626, 0.0904544
2.93215, 1.39626, 0.0680234
3.00197, 1.39626, 0.0454364
3.07178, 1.39626, 0.0227445
0.0698132, 1.46608, 0.942801
0.139626, 1.46608, 0.895522
0.20944, 1.46608, 0.852304
0.279253, 1.46608, 0.812785
0.349066, 1.46608, 0.776626
0.418879, 1.46608, 0.743506
0.488692, 1.46608, 0.713124
0.558505, 1.46608, 0.685195
0.628319, 1.46608, 0.659451
0.698132, 1.46608, 0.635641
0.767945, 1.46608, 0.613529
0.837758, 1.46608, 0.592895
0.907571, 1.46608, 0.573532
0.977384, 1.46608, 0.555249
1.0472, 1.46608, 0.537868
1.11701, 1.46608, 0.521222
1.18682, 1.46608, 0.505161
1.25664, 1.46608, 0.489543
1.32645, 1.46608, 0.474241
1.39626, 1.46608, 0.459138
1.46608, 1.46608, 0.444129
1.53589, 1.46608, 0.429121
1.6057, 1.46608, 0.414028
1.67552, 1.46608, 0.398778
1.74533, 1.46608, 0.383307
1.81514, 1.46608, 0.367561
1.88496, 1.46608, 0.351494
1.95477, 1.46608, 0.335071
2.02458, 1.46608, 0.318263
2.0944, 1.46608, 0.301049
2.16421, 1.46608, 0.283418
2.23402, 1.46608, 0.265365
2.30383, 1.46608, 0.246889
2.37365, 1.46608, 0.227999
2.44346, 1.46608, 0.208709
2.51327, 1.46608, 0.189037
2.58309, 1.46608, 0.169007
2.6529, 1.46608, 0.148647
2.72271, 1.46608, 0.127991
2.79253, 1.46608, 0.107072
2.86234, 1.46608, 0.0859317
2.93215, 1.46608, 0.0646099
3.00197, 1.46608, 0.0431505
3.07178, 1.46608, 0.0215985
0.0698132, 1.53589, 0.946212
0.139626, 1.53589, 0.897502
0.20944, 1.53589, 0.852884
0.279253, 1.53589, 0.812001
0.349066, 1.53589, 0.774519
0.418879, 1.53589, 0.740119
0.488692, 1.53589, 0.708504
0.558505, 1.53589, 0.679394
0.628319, 1.53589, 0.652524
0.698132, 1.53589, 0.627647
0.767945, 1.53589, 0.604531
0.837758, 1.53589, 0.582958
0.907571, 1.53589, 0.562725
0.977384, 1.53589, 0.543644
1.0472, 1.53589, 0.525538
1.11701, 1.53589, 0.508245
1.18682, 1.53589, 0.491614
1.25664, 1.53589, 0.475507
1.32645, 1.53589, 0.459798
1.39626, 1.53589, 0.444371
1.46608, 1.53589, 0.429121
1.53589, 1.53589, 0.413954
1.6057, 1.53589, 0.398788
1.67552, 1.53589, 0.383547
1.74533, 1.53589, 0.368169
1.81514, 1.53589, 0.352596
1.88496, 1.53589, 0.336783
1.95477, 1.53589, 0.320692
2.02458, 1.53589, 0.304292
2.0944, 1.53589, 0.28756
2.16421, 1.53589, 0.270482
2.23402, 1.53589, 0.253049
2.30383, 1.53589, 0.235258
2.37365, 1.53589, 0.217113
2.44346, 1.53589, 0.198625
2.51327, 1.53589, 0.179807
2.58309, 1.53589, 0.160679
2.6529, 1.53589, 0.141264
2.72271, 1.53589, 0.12159
2.79253, 1.53589, 0.101687
2.86234, 1.53589, 0.08159
2.93215, 1.53589, 0.0613339
3.00197, 1.53589, 0.0409571
3.07178, 1.53589, 0.020499
0.0698132, 1.6057, 0.945153
0.139626, 1.6057, 0.89539
0.20944, 1.6057, 0.849729
0.279253, 1.6057, 0.807818
0.349066, 1.6057, 0.769328
0.418879, 1.6057, 0.733946
0.488692, 1.6057, 0.70138
0.558505, 1.6057, 0.671352
0.628319, 1.6057, 0.643604
0.698132, 1.6057, 0.617892
0.767945, 1.6057, 0.593989
0.837758, 1.6057, 0.57168
0.907571, 1.6057, 0.550767
0.977384, 1.6057, 0.531063
1.0472, 1.6057, 0.512396
1.11701, 1.6057, 0.494605
1.18682, 1.6057, 0.477544
1.25664, 1.6057, 0.461075
1.32645, 1.6057, 0.445073
1.39626, 1.6057, 0.429425
1.46608, 1.6057, 0.414028
1.53589, 1.6057, 0.398788
1.6057, 1.6057, 0.383621
1.67552, 1.6057, 0.368455
1.74533, 1.6057, 0.353223
1.81514, 1.6057, 0.337871
1.88496, 1.6057, 0.32235
1.95477, 1.6057, 0.306621
2.02458, 1.6057, 0.290652
2.0944, 1.6057, 0.274418
2.16421, 1.6057, 0.257901
2.23402, 1.6057, 0.24109
2.30383, 1.6057, 0.22398
2.37365, 1.6057, 0.206571
2.44346, 1.6057, 0.18887
2.51327, 1.6057, 0.170887
2.58309, 1.6057, 0.152637
2.6529, 1.6057, 0.134139
2.72271, 1.6057, 0.115417
2.79253, 1.6057, 0.0964969
2.86234, 1.6057, 0.077407
2.93215, 1.6057, 0.0581787
3.00197, 1.6057, 0.0388451
3.07178, 1.6057, 0.0194404
0.0698132, 1.67552, 0.93962
0.139626, 1.67552, 0.889176
0.20944, 1.67552, 0.842823
0.279253, 1.67552, 0.800215
0.349066, 1.67552, 0.761029
0.418879, 1.67552, 0.724959
0.488692, 1.67552, 0.691716
0.558505, 1.67552, 0.66103
0.628319, 1.67552, 0.632648
0.698132, 1.67552, 0.606329
0.767945, 1.67552, 0.581852
0.837758, 1.67552, 0.559007
0.907571, 1.67552, 0.537598
0.977384, 1.67552, 0.517445
1.0472, 1.67552, 0.498376
1.11701, 1.67552, 0.480237
1.18682, 1.67552, 0.46288
1.25664, 1.67552, 0.446174
1.32645, 1.67552, 0.429994
1.39626, 1.67552, 0.41423
1.46608, 1.67552, 0.398778
1.53589, 1.67552, 0.383547
1.6057, 1.67552, 0.368455
1.67552, 1.67552, 0.353427
1.74533, 1.67552, 0.338399
1.81514, 1.67552, 0.323315
1.88496, 1.67552, 0.308125
1.95477, 1.67552, 0.292791
2.02458, 1.67552, 0.277277
2.0944, 1.67552, 0.261558
2.16421, 1.67552, 0.245614
2.23402, 1.67552, 0.229431
2.30383, 1.67552, 0.213001
2.37365, 1.67552, 0.196322
2.44346, 1.67552, 0.179397
2.51327, 1.67552, 0.162233
2.58309, 1.67552, 0.144842
2.6529, 1.67552, 0.127239
2.72271, 1.67552, 0.109443
2.79253, 1.67552, 0.0914759
2.86234, 1.67552, 0.0733623
2.93215, 1.67552, 0.0551289
3.00197, 1.67552, 0.0368041
3.07178, 1.67552, 0.0184176
0.0698132, 1.74533, 0.929631
0.139626, 1.74533, 0.878871
0.20944, 1.74533, 0.83217
0.279253, 1.74533, 0.789191
0.349066, 1.74533, 0.749615
0.418879, 1.74533, 0.713143
0.488692, 1.74533, 0.679495
0.558505, 1.74533, 0.648406
0.628319, 1.74533, 0.619627
0.698132, 1.74533, 0.592925
0.767945, 1.74533, 0.568083
0.837758, 1.74533, 0.544897
0.907571, 1.74533, 0.523175
0.977384, 1.74533, 0.502741
1.0472, 1.74533, 0.483428
1.11701, 1.74533, 0.465084
1.18682, 1.74533, 0.447567
1.25664, 1.74533, 0.430746
1.32645, 1.74533, 0.414501
1.39626, 1.74533, 0.398721
1.46608, 1.74533, 0.383307
1.53589, 1.74533, 0.368169
1.6057, 1.74533, 0.353223
1.67552, 1.74533, 0.338399
1.74533, 1.74533, 0.323631
1.81514, 1.74533, 0.308863
1.88496, 1.74533, 0.294046
1.95477, 1.74533, 0.279139
2.02458, 1.74533, 0.264107
2.0944, 1.74533, 0.248923
2.16421, 1.74533, 0.233565
2.23402, 1.74533, 0.218017
2.30383, 1.74533, 0.20227
2.37365, 1.74533, 0.186319
2.44346, 1.74533, 0.170163
2.51327, 1.74533, 0.153807
2.58309, 1.74533, 0.137259
2.6529, 1.74533, 0.120532
2.72271, 1.74533, 0.10364
2.79253, 1.74533, 0.0866015
2.86234, 1.74533, 0.0694375
2.93215, 1.74533, 0.0521704
3.00197, 1.74533, 0.0348247
3.07178, 1.74533, 0.0174257
0.0698132, 1.81514, 0.915223
0.139626, 1.81514, 0.864507
0.20944, 1.81514, 0.817796
0.279253, 1.81514, 0.774763
0.349066, 1.81514, 0.735096
0.418879, 1.81514, 0.698505
0.488692, 1.81514, 0.664715
0.558505, 1.81514, 0.63347
0.628319, 1.81514, 0.604528
0.698132, 1.81514, 0.577661
0.767945, 1.81514, 0.552659
0.837758, 1.81514, 0.529322
0.907571, 1.81514, 0.507465
0.977384, 1.81514, 0.486915
1.0472, 1.81514, 0.467511
1.11701, 1.81514, 0.449105
1.18682, 1.81514, 0.431558
1.25664, 1.81514, 0.414742
1.32645, 1.81514, 0.398541
1.39626, 1.81514, 0.382846
1.46608, 1.81514, 0.367561
1.53589, 1.81514, 0.352596
1.6057, 1.81514, 0.337871
1.67552, 1.81514, 0.323315
1.74533, 1.81514, 0.308863
1.81514, 1.81514, 0.29446
1.88496, 1.81514, 0.280056
1.95477, 1.81514, 0.265611
2.02458, 1.81514, 0.251089
2.0944, 1.81514, 0.236462
2.16421, 1.81514, 0.221706
2.23402, 1.81514, 0.206804
2.30383, 1.81514, 0.191744
2.37365, 1.81514, 0.17652
2.44346, 1.81514, 0.161129
2.51327, 1.81514, 0.145573
2.58309, 1.81514, 0.129856
2.6529, 1.81514, 0.113989
2.72271, 1.81514, 0.0979828
2.79253, 1.81514, 0.0818527
2.86234, 1.81514, 0.0656156
2.93215, 1.81514, 0.0492906
3.00197, 1.81514, 0.0328984
3.07178, 1.81514, 0.0164607
0.0698132, 1.88496, 0.89646
0.139626, 1.88496, 0.846137
0.20944, 1.88496, 0.799746
0.279253, 1.88496, 0.756968
0.349066, 1.88496, 0.717501
0.418879, 1.88496, 0.681065
0.488692, 1.88496, 0.647391
0.558505, 1.88496, 0.616232
0.628319, 1.88496, 0.587353
0.698132, 1.88496, 0.560534
0.767945, 1.88496, 0.535569
0.837758, 1.88496, 0.512267
0.907571, 1.88496, 0.490447
0.977384, 1.88496, 0.469942
1.0472, 1.88496, 0.450597
1.11701, 1.88496, 0.432266
1.18682, 1.88496, 0.414817
1.25664, 1.88496, 0.398124
1.32645, 1.88496, 0.382074
1.39626, 1.88496, 0.366562
1.46608, 1.88496, 0.351494
1.53589, 1.88496, 0.336783
1.6057, 1.88496, 0.32235
1.67552, 1.88496, 0.308125
1.74533, 1.88496, 0.294046
1.81514, 1.88496, 0.280056
1.88496, 1.88496, 0.266108
1.95477, 1.88496, 0.252161
2.02458, 1.88496, 0.238177
2.0944, 1.88496, 0.224129
2.16421, 1.88496, 0.209992
2.23402, 1.88496, 0.195748
2.30383, 1.88496, 0.181383
2.37365, 1.88496, 0.166889
2.44346, 1.88496, 0.152261
2.51327, 1.88496, 0.137498
2.58309, 1.88496, 0.122604
2.6529, 1.88496, 0.107585
2.72271, 1.88496, 0.0924498
2.79253, 1.88496, 0.0772107
2.86234, 1.88496, 0.0618815
2.93215, 1.88496, 0.0464781
3.00197, 1.88496, 0.0310176
3.07178, 1.88496, 0.0155186
0.0698132, 1.95477, 0.873425
0.139626, 1.95477, 0.823834
0.20944, 1.95477, 0.778082
0.279253, 1.95477, 0.73586
0.349066, 1.95477, 0.696877
0.418879, 1.95477, 0.660861
0.488692, 1.95477, 0.627553
0.558505, 1.95477, 0.596714
0.628319, 1.95477, 0.568117
0.698132, 1.95477, 0.541551
0.767945, 1.95477, 0.516817
0.837758, 1.95477, 0.493729
0.907571, 1.95477, 0.472114
0.977384, 1.95477, 0.45181
1.0472, 1.95477, 0.432668
1.11701, 1.95477, 0.414547
1.18682, 1.95477, 0.397318
1.25664, 1.95477, 0.380862
1.32645, 1.95477, 0.365068
1.39626, 1.95477, 0.349835
1.46608, 1.95477, 0.335071
1.53589, 1.95477, 0.320692
1.6057, 1.95477, 0.306621
1.67552, 1.95477, 0.292791
1.74533, 1.95477, 0.279139
1.81514, 1.95477, 0.265611
1.88496, 1.95477, 0.252161
1.95477, 1.95477, 0.238745
2.02458, 1.95477, 0.22533
2.0944, 1.95477, 0.211884
2.16421, 1.95477, 0.198385
2.23402, 1.95477, 0.184812
2.30383, 1.95477, 0.17115
2.37365, 1.95477, 0.157391
2.44346, 1.95477, 0.143526
2.51327, 1.95477, 0.129554
2.58309, 1.95477, 0.115477
2.6529, 1.95477, 0.101296
2.72271, 1.95477, 0.0870207
2.79253, 1.95477, 0.0726588
2.86234, 1.95477, 0.0582217
2.93215, 1.95477, 0.0437225
3.00197, 1.95477, 0.0291754
3.07178, 1.95477, 0.0145959
0.0698132, 2.02458, 0.846222
0.139626, 2.02458, 0.797692
0.20944, 2.02458, 0.752889
0.279253, 2.02458, 0.711514
0.349066, 2.02458, 0.673287
0.418879, 2.02458, 0.637947
0.488692, 2.02458, 0.605247
0.558505, 2.02458, 0.574954
0.628319, 2.02458, 0.546852
0.698132, 2.02458, 0.520737
0.767945, 2.02458, 0.496418
0.837758, 2.02458, 0.473718
0.907571, 2.02458, 0.452469
0.977384, 2.02458, 0.432517
1.0472, 2.02458, 0.413718
1.11701, 2.02458, 0.395936
1.18682, 2.02458, 0.379047
1.25664, 2.02458, 0.362938
1.32645, 2.02458, 0.347501
1.39626, 2.02458, 0.332639
1.46608, 2.02458, 0.318263
1.53589, 2.02458, 0.304292
1.6057, 2.02458, 0.290652
1.67552, 2.02458, 0.277277
1.74533, 2.02458, 0.264107
1.81514, 2.02458, 0.251089
1.88496, 2.02458, 0.238177
1.95477, 2.02458, 0.22533
2.02458, 2.02458, 0.212512
2.0944, 2.02458, 0.199694
2.16421, 2.02458, 0.186851
2.23402, 2.02458, 0.173964
2.30383, 2.02458, 0.161017
2.37365, 2.02458, 0.147997
2.44346, 2.02458, 0.134899
2.51327, 2.02458, 0.121717
2.58309, 2.02458, 0.108451
2.6529, 2.02458, 0.0951034
2.72271, 2.02458, 0.081678
2.79253, 2.02458, 0.0681819
2.86234, 2.02458, 0.054624
2.93215, 2.02458, 0.0410147
3.00197, 2.02458, 0.0273657
3.07178, 2.02458, 0.0136897
0.0698132, 2.0944, 0.814977
0.139626, 2.0944, 0.767825
0.20944, 2.0944, 0.724267
0.279253, 2.0944, 0.684018
0.349066, 2.0944, 0.646811
0.418879, 2.0944, 0.612394
0.488692, 2.0944, 0.580532
0.558505, 2.0944, 0.551003
0.628319, 2.0944, 0.523599
0.698132, 2.0944, 0.498125
0.767945, 2.0944, 0.474401
0.837758, 2.0944, 0.452255
0.907571, 2.0944, 0.431528
0.977384, 2.0944, 0.412072
1.0472, 2.0944, 0.393749
1.11701, 2.0944, 0.376431
1.18682, 2.0944, 0.359998
1.25664, 2.0944, 0.344341
1.32645, 2.0944, 0.329358
1.39626, 2.0944, 0.314956
1.46608, 2.0944, 0.301049
1.53589, 2.0944, 0.28756
1.6057, 2.0944, 0.274418
1.67552, 2.0944, 0.261558
1.74533, 2.0944, 0.248923
1.81514, 2.0944, 0.236462
1.88496, 2.0944, 0.224129
1.95477, 2.0944, 0.211884
2.02458, 2.0944, 0.199694
2.0944, 2.0944, 0.187528
2.16421, 2.0944, 0.175363
2.23402, 2.0944, 0.163177
2.30383, 2.0944, 0.150954
2.37365, 2.0944, 0.138683
2.44346, 2.0944, 0.126355
2.51327, 2.0944, 0.113964
2.58309, 2.0944, 0.101508
2.6529, 2.0944, 0.0889879
2.72271, 2.0944, 0.0764058
2.79253, 2.0944, 0.0637668
2.86234, 2.0944, 0.0510777
2.93215, 2.0944, 0.0383466
3.00197, 2.0944, 0.0255829
3.07178, 2.0944, 0.0127971
0.0698132, 2.16421, 0.779834
0.139626, 2.16421, 0.734363
0.20944, 2.16421, 0.692336
0.279253, 2.16421, 0.653481
0.349066, 2.16421, 0.617544
0.418879, 2.16421, 0.584287
0.488692, 2.16421, 0.553484
0.558505, 2.16421, 0.524926
0.628319, 2.16421, 0.498415
0.698132, 2.16421, 0.473766
0.767945, 2.16421, 0.450805
0.837758, 2.16421, 0.429372
0.907571, 2.16421, 0.409315
0.977384, 2.16421, 0.390493
1.0472, 2.16421, 0.372776
1.11701, 2.16421, 0.35604
1.18682, 2.16421, 0.340172
1.25664, 2.16421, 0.325069
1.32645, 2.16421, 0.310634
1.39626, 2.16421, 0.296778
1.46608, 2.16421, 0.283418
1.53589, 2.16421, 0.270482
1.6057, 2.16421, 0.257901
1.67552, 2.16421, 0.245614
1.74533, 2.16421, 0.233565
1.81514, 2.16421, 0.221706
1.88496, 2.16421, 0.209992
1.95477, 2.16421, 0.198385
2.02458, 2.16421, 0.186851
2.0944, 2.16421, 0.175363
2.16421, 2.16421, 0.163894
2.23402, 2.16421, 0.152425
2.30383, 2.16421, 0.14094
2.37365, 2.16421, 0.129426
2.44346, 2.16421, 0.117873
2.51327, 2.16421, 0.106276
2.58309, 2.16421, 0.0946295
2.6529, 2.16421, 0.082934
2.72271, 2.16421, 0.0711904
2.79253, 2.16421, 0.0594018
2.86234, 2.16421, 0.0475733
2.93215, 2.16421, 0.0357109
3.00197, 2.16421, 0.0238223
3.07178, 2.16421, 0.0119157
0.0698132, 2.23402, 0.74096
0.139626, 2.23402, 0.697458
0.20944, 2.23402, 0.657232
0.279253, 2.23402, 0.620025
0.349066, 2.23402, 0.585598
0.418879, 2.23402, 0.553725
0.488692, 2.23402, 0.524192
0.558505, 2.23402, 0.496802
0.628319, 2.23402, 0.471369
0.698132, 2.23402, 0.447717
0.767945, 2.23402, 0.425683
0.837758, 2.23402, 0.405114
0.907571, 2.23402, 0.385868
0.977384, 2.23402, 0.367811
1.0472, 2.23402, 0.35082
1.11701, 2.23402, 0.33478
1.18682, 2.23402, 0.319583
1.25664, 2.23402, 0.30513
1.32645, 2.23402, 0.291332
1.39626, 2.23402, 0.278102
1.46608, 2.23402, 0.265365
1.53589, 2.23402, 0.253049
1.6057, 2.23402, 0.24109
1.67552, 2.23402, 0.229431
1.74533, 2.23402, 0.218017
1.81514, 2.23402, 0.206804
1.88496, 2.23402, 0.195748
1.95477, 2.23402, 0.184812
2.02458, 2.23402, 0.173964
2.0944, 2.23402, 0.163177
2.16421, 2.23402, 0.152425
2.23402, 2.23402, 0.14169
2.30383, 2.23402, 0.130955
2.37365, 2.23402, 0.120207
2.44346, 2.23402, 0.109436
2.51327, 2.23402, 0.0986355
2.58309, 2.23402, 0.0878001
2.6529, 2.23402, 0.0769283
2.72271, 2.23402, 0.0660199
2.79253, 2.23402, 0.0550769
2.86234, 2.23402, 0.0441025
2.93215, 2.23402, 0.0331015
3.00197, 2.23402, 0.0220797
3.07178, 2.23402, 0.0110435
0.0698132, 2.30383, 0.698537
0.139626, 2.30383, 0.657276
0.20944, 2.30383, 0.619108
0.279253, 2.30383, 0.583791
0.349066, 2.30383, 0.551099
0.418879, 2.30383, 0.520821
0.488692, 2.30383, 0.492758
0.558505, 2.30383, 0.466723
0.628319, 2.30383, 0.442541
0.698132, 2.30383, 0.420049
0.767945, 2.30383, 0.399094
0.837758, 2.30383, 0.379532
0.907571, 2.30383, 0.36123
0.977384, 2.30383, 0.344063
1.0472, 2.30383, 0.327914
1.11701, 2.30383, 0.312676
1.18682, 2.30383, 0.298248
1.25664, 2.30383, 0.284538
1.32645, 2.30383, 0.27146
1.39626, 2.30383, 0.258934
1.46608, 2.30383, 0.246889
1.53589, 2.30383, 0.235258
1.6057, 2.30383, 0.22398
1.67552, 2.30383, 0.213001
1.74533, 2.30383, 0.20227
1.81514, 2.30383, 0.191744
1.88496, 2.30383, 0.181383
1.95477, 2.30383, 0.17115
2.02458, 2.30383, 0.161017
2.0944, 2.30383, 0.150954
2.16421, 2.30383, 0.14094
2.23402, 2.30383, 0.130955
2.30383, 2.30383, 0.120984
2.37365, 2.30383, 0.111012
2.44346, 2.30383, 0.101029
2.51327, 2.30383, 0.0910297
2.58309, 2.30383, 0.0810071
2.6529, 2.30383, 0.0709589
2.72271, 2.30383, 0.060884
2.79253, 2.30383, 0.0507831
2.86234, 2.30383, 0.0406584
2.93215, 2.30383, 0.030513
3.00197, 2.30383, 0.0203514
3.07178, 2.30383, 0.0101786
0.0698132, 2.37365, 0.652766
0.139626, 2.37365, 0.614003
0.20944, 2.37365, 0.578133
0.279253, 2.37365, 0.54493
0.349066, 2.37365, 0.514186
0.418879, 2.37365, 0.485703
0.488692, 2.37365, 0.459295
0.558505, 2.37365, 0.434789
0.628319, 2.37365, 0.412024
0.698132, 2.37365, 0.390846
0.767945, 2.37365, 0.371113
0.837758, 2.37365, 0.352691
0.907571, 2.37365, 0.335458
0.977384, 2.37365, 0.319296
1.0472, 2.37365, 0.304097
1.11701, 2.37365, 0.289762
1.18682, 2.37365, 0.276196
1.25664, 2.37365, 0.263313
1.32645, 2.37365, 0.251035
1.39626, 2.37365, 0.239286
1.46608, 2.37365, 0.227999
1.53589, 2.37365, 0.217113
1.6057, 2.37365, 0.206571
1.67552, 2.37365, 0.196322
1.74533, 2.37365, 0.186319
1.81514, 2.37365, 0.17652
1.88496, 2.37365, 0.166889
1.95477, 2.37365, 0.157391
2.02458, 2.37365, 0.147997
2.0944, 2.37365, 0.138683
2.16421, 2.37365, 0.129426
2.23402, 2.37365, 0.120207
2.30383, 2.37365, 0.111012
2.37365, 2.37365, 0.101826
2.44346, 2.37365, 0.0926401
2.51327, 2.37365, 0.0834466
2.58309, 2.37365, 0.0742398
2.6529, 2.37365, 0.0650162
2.72271, 2.37365, 0.0557741
2.79253, 2.37365, 0.0465133
2.86234, 2.37365, 0.0372347
2.93215, 2.37365, 0.0279407
3.00197, 2.37365, 0.0186344
3.07178, 2.37365, 0.00931939
0.0698132, 2.44346, 0.603864
0.139626, 2.44346, 0.567838
0.20944, 2.44346, 0.534489
0.279253, 2.44346, 0.503612
0.349066, 2.44346, 0.475012
0.418879, 2.44346, 0.448508
0.488692, 2.44346, 0.423929
0.558505, 2.44346, 0.401116
0.628319, 2.44346, 0.379919
0.698132, 2.44346, 0.360197
0.767945, 2.44346, 0.341819
0.837758, 2.44346, 0.324663
0.907571, 2.44346, 0.308614
0.977384, 2.44346, 0.293565
1.0472, 2.44346, 0.279417
1.11701, 2.44346, 0.266078
1.18682, 2.44346, 0.25346
1.25664, 2.44346, 0.241485
1.32645, 2.44346, 0.230079
1.39626, 2.44346, 0.219175
1.46608, 2.44346, 0.208709
1.53589, 2.44346, 0.198625
1.6057, 2.44346, 0.18887
1.67552, 2.44346, 0.179397
1.74533, 2.44346, 0.170163
1.81514, 2.44346, 0.161129
1.88496, 2.44346, 0.152261
1.95477, 2.44346, 0.143526
2.02458, 2.44346, 0.134899
2.0944, 2.44346, 0.126355
2.16421, 2.44346, 0.117873
2.23402, 2.44346, 0.109436
2.30383, 2.44346, 0.101029
2.37365, 2.44346, 0.0926401
2.44346, 2.44346, 0.0842584
2.51327, 2.44346, 0.0758766
2.58309, 2.44346, 0.0674891
2.6529, 2.44346, 0.059092
2.72271, 2.44346, 0.0506829
2.79253, 2.44346, 0.042261
2.86234, 2.44346, 0.0338265
2.93215, 2.44346, 0.0253808
3.00197, 2.44346, 0.0169259
3.07178, 2.44346, 0.00846461
0.0698132, 2.51327, 0.552065
0.139626, 2.51327, 0.518995
0.20944, 2.51327, 0.488375
0.279253, 2.51327, 0.460016
0.349066, 2.51327, 0.433743
0.418879, 2.51327, 0.409388
0.488692, 2.51327, 0.386799
0.558505, 2.51327, 0.365827
0.628319, 2.51327, 0.346338
0.698132, 2.51327, 0.328203
0.767945, 2.51327, 0.311304
0.837758, 2.51327, 0.295527
0.907571, 2.51327, 0.28077
0.977384, 2.51327, 0.266934
1.0472, 2.51327, 0.253929
1.11701, 2.51327, 0.241671
1.18682, 2.51327, 0.230081
1.25664, 2.51327, 0.219088
1.32645, 2.51327, 0.208623
1.39626, 2.51327, 0.198625
1.46608, 2.51327, 0.189037
1.53589, 2.51327, 0.179807
1.6057, 2.51327, 0.170887
1.67552, 2.51327, 0.162233
1.74533, 2.51327, 0.153807
1.81514, 2.51327, 0.145573
1.88496, 2.51327, 0.137498
1.95477, 2.51327, 0.129554
2.02458, 2.51327, 0.121717
2.0944, 2.51327, 0.113964
2.16421, 2.51327, 0.106276
2.23402, 2.51327, 0.0986355
2.30383, 2.51327, 0.0910297
2.37365, 2.51327, 0.0834466
2.44346, 2.51327, 0.0758766
2.51327, 2.51327, 0.0683124
2.58309, 2.51327, 0.0607481
2.6529, 2.51327, 0.0531797
2.72271, 2.51327, 0.0456045
2.79253, 2.51327, 0.0380212
2.86234, 2.51327, 0.0304295
2.93215, 2.51327, 0.0228299
3.00197, 2.51327, 0.0152238
3.07178, 2.51327, 0.00761313
0.0698132, 2.58309, 0.497616
0.139626, 2.58309, 0.467703
0.20944, 2.58309, 0.439999
0.279253, 2.58309, 0.414335
0.349066, 2.58309, 0.390553
0.418879, 2.58309, 0.368505
0.488692, 2.58309, 0.348049
0.558505, 2.58309, 0.329056
0.628319, 2.58309, 0.311403
0.698132, 2.58309, 0.294975
0.767945, 2.58309, 0.279665
0.837758, 2.58309, 0.265372
0.907571, 2.58309, 0.252004
0.977384, 2.58309, 0.239471
1.0472, 2.58309, 0.227694
1.11701, 2.58309, 0.216596
1.18682, 2.58309, 0.206107
1.25664, 2.58309, 0.196161
1.32645, 2.58309, 0.186699
1.39626, 2.58309, 0.177665
1.46608, 2.58309, 0.169007
1.53589, 2.58309, 0.160679
1.6057, 2.58309, 0.152637
1.67552, 2.58309, 0.144842
1.74533, 2.58309, 0.137259
1.81514, 2.58309, 0.129856
1.88496, 2.58309, 0.122604
1.95477, 2.58309, 0.115477
2.02458, 2.58309, 0.108451
2.0944, 2.58309, 0.101508
2.16421, 2.58309, 0.0946295
2.23402, 2.58309, 0.0878001
2.30383, 2.58309, 0.0810071
2.37365, 2.58309, 0.0742398
2.44346, 2.58309, 0.0674891
2.51327, 2.58309, 0.0607481
2.58309, 2.58309, 0.0540111
2.6529, 2.58309, 0.0472741
2.72271, 2.58309, 0.0405342
2.79253, 2.58309, 0.0337899
2.86234, 2.58309, 0.0270403
2.93215, 2.58309, 0.0202856
3.00197, 2.58309, 0.0135264
3.07178, 2.58309, 0.00676405
0.0698132, 2.6529, 0.440777
0.139626, 2.6529, 0.414201
0.20944, 2.6529, 0.389582
0.279253, 2.6529, 0.366773
0.349066, 2.6529, 0.345631
0.418879, 2.6529, 0.326027
0.488692, 2.6529, 0.307837
0.558505, 2.6529, 0.290945
0.628319, 2.6529, 0.275242
0.698132, 2.6529, 0.260629
0.767945, 2.6529, 0.247009
0.837758, 2.6529, 0.234294
0.907571, 2.6529, 0.222401
0.977384, 2.6529, 0.211254
1.0472, 2.6529, 0.20078
1.11701, 2.6529, 0.190912
1.18682, 2.6529, 0.181589
1.25664, 2.6529, 0.172752
1.32645, 2.6529, 0.164348
1.39626, 2.6529, 0.156328
1.46608, 2.6529, 0.148647
1.53589, 2.6529, 0.141264
1.6057, 2.6529, 0.134139
1.67552, 2.6529, 0.127239
1.74533, 2.6529, 0.120532
1.81514, 2.6529, 0.113989
1.88496, 2.6529, 0.107585
1.95477, 2.6529, 0.101296
2.02458, 2.6529, 0.0951034
2.0944, 2.6529, 0.0889879
2.16421, 2.6529, 0.082934
2.23402, 2.6529, 0.0769283
2.30383, 2.6529, 0.0709589
2.37365, 2.6529, 0.0650162
2.44346, 2.6529, 0.059092
2.51327, 2.6529, 0.0531797
2.58309, 2.6529, 0.0472741
2.6529, 2.6529, 0.0413713
2.72271, 2.6529, 0.0354684
2.79253, 2.6529, 0.0295637
2.86234, 2.6529, 0.0236562
2.93215, 2.6529, 0.0177456
3.00197, 2.6529, 0.0118322
3.07178, 2.6529, 0.00591666
0.0698132, 2.72271, 0.381821
0.139626, 2.72271, 0.358741
0.20944, 2.72271, 0.337357
0.279253, 2.72271, 0.317541
0.349066, 2.72271, 0.299172
0.418879, 2.72271, 0.282136
0.488692, 2.72271, 0.266327
0.558505, 2.72271, 0.251643
0.628319, 2.72271, 0.237993
0.698132, 2.72271, 0.225288
0.767945, 2.72271, 0.213447
0.837758, 2.72271, 0.202393
0.907571, 2.72271, 0.192053
0.977384, 2.72271, 0.182363
1.0472, 2.72271, 0.173259
1.11701, 2.72271, 0.164684
1.18682, 2.72271, 0.156584
1.25664, 2.72271, 0.148908
1.32645, 2.72271, 0.141612
1.39626, 2.72271, 0.134653
1.46608, 2.72271, 0.127991
1.53589, 2.72271, 0.12159
1.6057, 2.72271, 0.115417
1.67552, 2.72271, 0.109443
1.74533, 2.72271, 0.10364
1.81514, 2.72271, 0.0979828
1.88496, 2.72271, 0.0924498
1.95477, 2.72271, 0.0870207
2.02458, 2.72271, 0.081678
2.0944, 2.72271, 0.0764058
2.16421, 2.72271, 0.0711904
2.23402, 2.72271, 0.0660199
2.30383, 2.72271, 0.060884
2.37365, 2.72271, 0.0557741
2.44346, 2.72271, 0.0506829
2.51327, 2.72271, 0.0456045
2.58309, 2.72271, 0.0405342
2.6529, 2.72271, 0.0354684
2.72271, 2.72271, 0.0304044
2.79253, 2.72271, 0.0253404
2.86234, 2.72271, 0.0202752
2.93215, 2.72271, 0.0152085
3.00197, 2.72271, 0.0101401
3.07178, 2.72271, 0.00507038
0.0698132, 2.79253, 0.32103
0.139626, 2.79253, 0.301583
0.20944, 2.79253, 0.283564
0.279253, 2.79253, 0.266864
0.349066, 2.79253, 0.25138
0.418879, 2.79253, 0.237019
0.488692, 2.79253, 0.22369
0.558505, 2.79253, 0.211309
0.628319, 2.79253, 0.199799
0.698132, 2.79253, 0.189085
0.767945, 2.79253, 0.179099
0.837758, 2.79253, 0.169776
0.907571, 2.79253, 0.161057
0.977384, 2.79253, 0.152886
1.0472, 2.79253, 0.14521
1.11701, 2.79253, 0.137981
1.18682, 2.79253, 0.131153
1.25664, 2.79253, 0.124686
1.32645, 2.79253, 0.11854
1.39626, 2.79253, 0.11268
1.46608, 2.79253, 0.107072
1.53589, 2.79253, 0.101687
1.6057, 2.79253, 0.0964969
1.67552, 2.79253, 0.0914759
1.74533, 2.79253, 0.0866015
1.81514, 2.79253, 0.0818527
1.88496, 2.79253, 0.0772107
1.95477, 2.79253, 0.0726588
2.02458, 2.79253, 0.0681819
2.0944, 2.79253, 0.0637668
2.16421, 2.79253, 0.0594018
2.23402, 2.79253, 0.0550769
2.30383, 2.79253, 0.0507831
2.37365, 2.79253, 0.0465133
2.44346, 2.79253, 0.042261
2.51327, 2.79253, 0.0380212
2.58309, 2.79253, 0.0337899
2.6529, 2.79253, 0.0295637
2.72271, 2.79253, 0.0253404
2.79253, 2.79253, 0.0211181
2.86234, 2.79253, 0.0168958
2.93215, 2.79253, 0.0126729
3.00197, 2.79253, 0.00844922
3.07178, 2.79253, 0.00422481
0.0698132, 2.86234, 0.258696
0.139626, 2.86234, 0.242999
0.20944, 2.86234, 0.228452
0.279253, 2.86234, 0.214968
0.349066, 2.86234, 0.202466
0.418879, 2.86234, 0.190869
0.488692, 2.86234, 0.180104
0.558505, 2.86234, 0.170105
0.628319, 2.86234, 0.160807
0.698132, 2.86234, 0.152153
0.767945, 2.86234, 0.144087
0.837758, 2.86234, 0.136556
0.907571, 2.86234, 0.129513
0.977384, 2.86234, 0.122913
1.0472, 2.86234, 0.116713
1.11701, 2.86234, 0.110875
1.18682, 2.86234, 0.105363
1.25664, 2.86234, 0.100142
1.32645, 2.86234, 0.0951825
1.39626, 2.86234, 0.0904544
1.46608, 2.86234, 0.0859317
1.53589, 2.86234, 0.08159
1.6057, 2.86234, 0.077407
1.67552, 2.86234, 0.0733623
1.74533, 2.86234, 0.0694375
1.81514, 2.86234, 0.0656156
1.88496, 2.86234, 0.0618815
1.95477, 2.86234, 0.0582217
2.02458, 2.86234, 0.054624
2.0944, 2.86234, 0.0510777
2.16421, 2.86234, 0.0475733
2.23402, 2.86234, 0.0441025
2.30383, 2.86234, 0.0406584
2.37365, 2.86234, 0.0372347
2.44346, 2.86234, 0.0338265
2.51327, 2.86234, 0.0304295
2.58309, 2.86234, 0.0270403
2.6529, 2.86234, 0.0236562
2.72271, 2.86234, 0.0202752
2.79253, 2.86234, 0.0168958
2.86234, 2.86234, 0.013517
2.93215, 2.86234, 0.0101382
3.00197, 2.86234, 0.00675907
3.07178, 2.86234, 0.00337963
0.0698132, 2.93215, 0.195119
0.139626, 2.93215, 0.183263
0.20944, 2.93215, 0.172277
0.279253, 2.93215, 0.162092
0.349066, 2.93215, 0.152648
0.418879, 2.93215, 0.143886
0.488692, 2.93215, 0.135753
0.558505, 2.93215, 0.128198
0.628319, 2.93215, 0.121173
0.698132, 2.93215, 0.114634
0.767945, 2.93215, 0.108538
0.837758, 2.93215, 0.102848
0.907571, 2.93215, 0.0975262
0.977384, 2.93215, 0.0925391
1.0472, 2.93215, 0.0878551
1.11701, 2.93215, 0.0834448
1.18682, 2.93215, 0.0792809
1.25664, 2.93215, 0.0753381
1.32645, 2.93215, 0.0715928
1.39626, 2.93215, 0.0680234
1.46608, 2.93215, 0.0646099
1.53589, 2.93215, 0.0613339
1.6057, 2.93215, 0.0581787
1.67552, 2.93215, 0.0551289
1.74533, 2.93215, 0.0521704
1.81514, 2.93215, 0.0492906
1.88496, 2.93215, 0.0464781
1.95477, 2.93215, 0.0437225
2.02458, 2.93215, 0.0410147
2.0944, 2.93215, 0.0383466
2.16421, 2.93215, 0.0357109
2.23402, 2.93215, 0.0331015
2.30383, 2.93215, 0.030513
2.37365, 2.93215, 0.0279407
2.44346, 2.93215, 0.0253808
2.51327, 2.93215, 0.0228299
2.58309, 2.93215, 0.0202856
2.6529, 2.93215, 0.0177456
2.72271, 2.93215, 0.0152085
2.79253, 2.93215, 0.0126729
2.86234, 2.93215, 0.0101382
2.93215, 2.93215, 0.0076037
3.00197, 2.93215, 0.00506923
3.07178, 2.93215, 0.00253466
0.0698132, 3.00197, 0.130603
0.139626, 3.00197, 0.12266
0.20944, 3.00197, 0.115299
0.279253, 3.00197, 0.108475
0.349066, 3.00197, 0.102146
0.418879, 3.00197, 0.0962752
0.488692, 3.00197, 0.0908249
0.558505, 3.00197, 0.0857616
0.628319, 3.00197, 0.0810535
0.698132, 3.00197, 0.0766706
0.767945, 3.00197, 0.0725853
0.837758, 3.00197, 0.0687714
0.907571, 3.00197, 0.0652046
0.977384, 3.00197, 0.0618623
1.0472, 3.00197, 0.0587232
1.11701, 3.00197, 0.0557678
1.18682, 3.00197, 0.0529777
1.25664, 3.00197, 0.0503361
1.32645, 3.00197, 0.0478271
1.39626, 3.00197, 0.0454364
1.46608, 3.00197, 0.0431505
1.53589, 3.00197, 0.0409571
1.6057, 3.00197, 0.0388451
1.67552, 3.00197, 0.0368041
1.74533, 3.00197, 0.0348247
1.81514, 3.00197, 0.0328984
1.88496, 3.00197, 0.0310176
1.95477, 3.00197, 0.0291754
2.02458, 3.00197, 0.0273657
2.0944, 3.00197, 0.0255829
2.16421, 3.00197, 0.0238223
2.23402, 3.00197, 0.0220797
2.30383, 3.00197, 0.0203514
2.37365, 3.00197, 0.0186344
2.44346, 3.00197, 0.0169259
2.51327, 3.00197, 0.0152238
2.58309, 3.00197, 0.0135264
2.6529, 3.00197, 0.0118322
2.72271, 3.00197, 0.0101401
2.79253, 3.00197, 0.00844922
2.86234, 3.00197, 0.00675907
2.93215, 3.00197, 0.00506923
3.00197, 3.00197, 0.0033795
3.07178, 3.00197, 0.00168976
0.0698132, 3.07178, 0.0654587
0.139626, 3.07178, 0.0614757
0.20944, 3.07178, 0.0577841
0.279253, 3.07178, 0.0543616
0.349066, 3.07178, 0.0511878
0.418879, 3.07178, 0.0482431
0.488692, 3.07178, 0.0455095
0.558505, 3.07178, 0.0429699
0.628319, 3.07178, 0.0406083
0.698132, 3.07178, 0.0384099
0.767945, 3.07178, 0.0363607
0.837758, 3.07178, 0.0344477
0.907571, 3.07178, 0.0326586
0.977384, 3.07178, 0.0309821
1.0472, 3.07178, 0.0294077
1.11701, 3.07178, 0.0279254
1.18682, 3.07178, 0.0265261
1.25664, 3.07178, 0.0252014
1.32645, 3.07178, 0.0239433
1.39626, 3.07178, 0.0227445
1.46608, 3.07178, 0.0215985
1.53589, 3.07178, 0.020499
1.6057, 3.07178, 0.0194404
1.67552, 3.07178, 0.0184176
1.74533, 3.07178, 0.0174257
1.81514, 3.07178, 0.0164607
1.88496, 3.07178, 0.0155186
1.95477, 3.07178, 0.0145959
2.02458, 3.07178, 0.0136897
2.0944, 3.07178, 0.0127971
2.16421, 3.07178, 0.0119157
2.23402, 3.07178, 0.0110435
2.30383, 3.07178, 0.0101786
2.37365, 3.07178, 0.00931939
2.44346, 3.07178, 0.00846461
2.51327, 3.07178, 0.00761313
2.58309, 3.07178, 0.00676405
2.6529, 3.07178, 0.00591666
2.72271, 3.07178, 0.00507038
2.79253, 3.07178, 0.00422481
2.86234, 3.07178, 0.00337963
2.93215, 3.07178, 0.00253466
3.00197, 3.07178, 0.00168976
3.07178, 3.07178, 0.000844879
