0.0628319, 0.0628319, 0.117906
0.125664, 0.0628319, 0.173022
0.188496, 0.0628319, 0.227892
0.251327, 0.0628319, 0.282272
0.314159, 0.0628319, 0.335924
0.376991, 0.0628319, 0.388611
0.439823, 0.0628319, 0.440104
0.502655, 0.0628319, 0.490178
0.565487, 0.0628319, 0.538617
0.628319, 0.0628319, 0.585211
0.69115, 0.0628319, 0.629758
0.753982, 0.0628319, 0.672067
0.816814, 0.0628319, 0.711955
0.879646, 0.0628319, 0.749251
0.942478, 0.0628319, 0.783794
1.00531, 0.0628319, 0.815434
1.06814, 0.0628319, 0.844036
1.13097, 0.0628319, 0.869474
1.19381, 0.0628319, 0.891639
1.25664, 0.0628319, 0.910432
1.31947, 0.0628319, 0.925771
1.3823, 0.0628319, 0.937584
1.44513, 0.0628319, 0.945819
1.50796, 0.0628319, 0.950434
1.5708, 0.0628319, 0.951404
1.63363, 0.0628319, 0.948719
1.69646, 0.0628319, 0.942381
1.75929, 0.0628319, 0.93241
1.82212, 0.0628319, 0.918839
1.88496, 0.0628319, 0.901717
1.94779, 0.0628319, 0.881105
2.01062, 0.0628319, 0.857081
2.07345, 0.0628319, 0.829733
2.13628, 0.0628319, 0.799166
2.19911, 0.0628319, 0.765496
2.26195, 0.0628319, 0.728852
2.32478, 0.0628319, 0.689373
2.38761, 0.0628319, 0.647214
2.45044, 0.0628319, 0.602536
2.51327, 0.0628319, 0.555511
2.57611, 0.0628319, 0.506324
2.63894, 0.0628319, 0.455163
2.70177, 0.0628319, 0.402229
2.7646, 0.0628319, 0.347727
2.82743, 0.0628319, 0.291869
2.89027, 0.0628319, 0.234873
2.9531, 0.0628319, 0.176961
3.01593, 0.0628319, 0.118359
3.07876, 0.0628319, 0.0592952
0.0628319, 0.125664, 0.173022
0.125664, 0.125664, 0.220957
0.188496, 0.125664, 0.268891
0.251327, 0.125664, 0.316584
0.314159, 0.125664, 0.363795
0.376991, 0.125664, 0.410292
0.439823, 0.125664, 0.455847
0.502655, 0.125664, 0.500239
0.565487, 0.125664, 0.543253
0.628319, 0.125664, 0.584682
0.69115, 0.125664, 0.62433
0.753982, 0.125664, 0.662007
0.816814, 0.125664, 0.697534
0.879646, 0.125664, 0.730741
0.942478, 0.125664, 0.761472
1.00531, 0.125664, 0.789579
1.06814, 0.125664, 0.814928
1.13097, 0.125664, 0.837396
1.19381, 0.125664, 0.856873
1.25664, 0.125664, 0.873263
1.31947, 0.125664, 0.886482
1.3823, 0.125664, 0.896461
1.44513, 0.125664, 0.903143
1.50796, 0.125664, 0.906487
1.5708, 0.125664, 0.906465
1.63363, 0.125664, 0.903062
1.69646, 0.125664, 0.89628
1.75929, 0.125664, 0.886132
1.82212, 0.125664, 0.872647
1.88496, 0.125664, 0.855866
1.94779, 0.125664, 0.835847
2.01062, 0.125664, 0.812657
2.07345, 0.125664, 0.786379
2.13628, 0.125664, 0.757107
2.19911, 0.125664, 0.724949
2.26195, 0.125664, 0.690023
2.32478, 0.125664, 0.65246
2.38761, 0.125664, 0.612399
2.45044, 0.125664, 0.569993
2.51327, 0.125664, 0.525401
2.57611, 0.125664, 0.478793
2.63894, 0.125664, 0.430347
2.70177, 0.125664, 0.380247
2.7646, 0.125664, 0.328686
2.82743, 0.125664, 0.27586
2.89027, 0.125664, 0.221973
2.9531, 0.125664, 0.167232
3.01593, 0.125664, 0.111847
3.07876, 0.125664, 0.0560313
0.0628319, 0.188496, 0.227892
0.125664, 0.188496, 0.268891
0.188496, 0.188496, 0.310134
0.251327, 0.188496, 0.351376
0.314159, 0.188496, 0.39238
0.376991, 0.188496, 0.432915
0.439823, 0.188496, 0.472753
0.502655, 0.188496, 0.511676
0.565487, 0.188496, 0.549472
0.628319, 0.188496, 0.585936
0.69115, 0.188496, 0.620874
0.753982, 0.188496, 0.654098
0.816814, 0.188496, 0.685432
0.879646, 0.188496, 0.714709
0.942478, 0.188496, 0.741774
1.00531, 0.188496, 0.766483
1.06814, 0.188496, 0.788701
1.13097, 0.188496, 0.808308
1.19381, 0.188496, 0.825194
1.25664, 0.188496, 0.839264
1.31947, 0.188496, 0.850434
1.3823, 0.188496, 0.858634
1.44513, 0.188496, 0.863806
1.50796, 0.188496, 0.865906
1.5708, 0.188496, 0.864905
1.63363, 0.188496, 0.860786
1.69646, 0.188496, 0.853544
1.75929, 0.188496, 0.843191
1.82212, 0.188496, 0.829749
1.88496, 0.188496, 0.813255
1.94779, 0.188496, 0.793759
2.01062, 0.188496, 0.771322
2.07345, 0.188496, 0.746018
2.13628, 0.188496, 0.717935
2.19911, 0.188496, 0.68717
2.26195, 0.188496, 0.653833
2.32478, 0.188496, 0.618043
2.38761, 0.188496, 0.579931
2.45044, 0.188496, 0.539636
2.51327, 0.188496, 0.497307
2.57611, 0.188496, 0.453101
2.63894, 0.188496, 0.407184
2.70177, 0.188496, 0.359727
2.7646, 0.188496, 0.310908
2.82743, 0.188496, 0.260912
2.89027, 0.188496, 0.209927
2.9531, 0.188496, 0.158146
3.01593, 0.188496, 0.105765
3.07876, 0.188496, 0.0529831
0.0628319, 0.251327, 0.282272
0.125664, 0.251327, 0.316584
0.188496, 0.251327, 0.351376
0.251327, 0.251327, 0.386406
0.314159, 0.251327, 0.421435
0.376991, 0.251327, 0.456234
0.439823, 0.251327, 0.490575
0.502655, 0.251327, 0.524242
0.565487, 0.251327, 0.557023
0.628319, 0.251327, 0.588717
0.69115, 0.251327, 0.61913
0.753982, 0.251327, 0.648078
0.816814, 0.251327, 0.675386
0.879646, 0.251327, 0.700889
0.942478, 0.251327, 0.724434
1.00531, 0.251327, 0.745876
1.06814, 0.251327, 0.765085
1.13097, 0.251327, 0.78194
1.19381, 0.251327, 0.796332
1.25664, 0.251327, 0.808166
1.31947, 0.251327, 0.817357
1.3823, 0.251327, 0.823834
1.44513, 0.251327, 0.82754
1.50796, 0.251327, 0.828427
1.5708, 0.251327, 0.826464
1.63363, 0.251327, 0.821631
1.69646, 0.251327, 0.813921
1.75929, 0.251327, 0.803339
1.82212, 0.251327, 0.789904
1.88496, 0.251327, 0.773647
1.94779, 0.251327, 0.754611
2.01062, 0.251327, 0.732852
2.07345, 0.251327, 0.708437
2.13628, 0.251327, 0.681445
2.19911, 0.251327, 0.651964
2.26195, 0.251327, 0.620095
2.32478, 0.251327, 0.585949
2.38761, 0.251327, 0.549645
2.45044, 0.251327, 0.511312
2.51327, 0.251327, 0.471089
2.57611, 0.251327, 0.429121
2.63894, 0.251327, 0.385561
2.70177, 0.251327, 0.340568
2.7646, 0.251327, 0.294308
2.82743, 0.251327, 0.246952
2.89027, 0.251327, 0.198676
2.9531, 0.251327, 0.14966
3.01593, 0.251327, 0.100085
3.07876, 0.251327, 0.0501359
0.0628319, 0.314159, 0.335924
0.125664, 0.314159, 0.363795
0.188496, 0.314159, 0.39238
0.251327, 0.314159, 0.421435
0.314159, 0.314159, 0.450722
0.376991, 0.314159, 0.480009
0.439823, 0.314159, 0.509072
0.502655, 0.314159, 0.537692
0.565487, 0.314159, 0.565661
0.628319, 0.314159, 0.592779
0.69115, 0.314159, 0.618852
0.753982, 0.314159, 0.643698
0.816814, 0.314159, 0.667145
0.879646, 0.314159, 0.689028
0.942478, 0.314159, 0.709195
1.00531, 0.314159, 0.727503
1.06814, 0.314159, 0.743823
1.13097, 0.314159, 0.758034
1.19381, 0.314159, 0.770028
1.25664, 0.314159, 0.779709
1.31947, 0.314159, 0.786993
1.3823, 0.314159, 0.791807
1.44513, 0.314159, 0.794091
1.50796, 0.314159, 0.793799
1.5708, 0.314159, 0.790894
1.63363, 0.314159, 0.785354
1.69646, 0.314159, 0.777169
1.75929, 0.314159, 0.76634
1.82212, 0.314159, 0.75288
1.88496, 0.314159, 0.736817
1.94779, 0.314159, 0.718187
2.01062, 0.314159, 0.697039
2.07345, 0.314159, 0.673434
2.13628, 0.314159, 0.647442
2.19911, 0.314159, 0.619145
2.26195, 0.314159, 0.588635
2.32478, 0.314159, 0.556012
2.38761, 0.314159, 0.521387
2.45044, 0.314159, 0.48488
2.51327, 0.314159, 0.446617
2.57611, 0.314159, 0.406733
2.63894, 0.314159, 0.36537
2.70177, 0.314159, 0.322676
2.7646, 0.314159, 0.278804
2.82743, 0.314159, 0.233913
2.89027, 0.314159, 0.188167
2.9531, 0.314159, 0.141732
3.01593, 0.314159, 0.0947776
3.07876, 0.314159, 0.0474759
0.0628319, 0.376991, 0.388611
0.125664, 0.376991, 0.410292
0.188496, 0.376991, 0.432915
0.251327, 0.376991, 0.456234
0.314159, 0.376991, 0.480009
0.376991, 0.376991, 0.50401
0.439823, 0.376991, 0.52801
0.502655, 0.376991, 0.551794
0.565487, 0.376991, 0.575152
0.628319, 0.376991, 0.597884
0.69115, 0.376991, 0.619801
0.753982, 0.376991, 0.640719
0.816814, 0.376991, 0.660467
0.879646, 0.376991, 0.678882
0.942478, 0.376991, 0.695814
1.00531, 0.376991, 0.71112
1.06814, 0.376991, 0.72467
1.13097, 0.376991, 0.736345
1.19381, 0.376991, 0.746038
1.25664, 0.376991, 0.75365
1.31947, 0.376991, 0.759098
1.3823, 0.376991, 0.762309
1.44513, 0.376991, 0.76322
1.50796, 0.376991, 0.761782
1.5708, 0.376991, 0.757958
1.63363, 0.376991, 0.751722
1.69646, 0.376991, 0.74306
1.75929, 0.376991, 0.73197
1.82212, 0.376991, 0.718461
1.88496, 0.376991, 0.702554
1.94779, 0.376991, 0.684281
2.01062, 0.376991, 0.663684
2.07345, 0.376991, 0.640817
2.13628, 0.376991, 0.615745
2.19911, 0.376991, 0.58854
2.26195, 0.376991, 0.559286
2.32478, 0.376991, 0.528077
2.38761, 0.376991, 0.495013
2.45044, 0.376991, 0.460203
2.51327, 0.376991, 0.423765
2.57611, 0.376991, 0.385824
2.63894, 0.376991, 0.34651
2.70177, 0.376991, 0.305961
2.7646, 0.376991, 0.264318
2.82743, 0.376991, 0.22173
2.89027, 0.376991, 0.178347
2.9531, 0.376991, 0.134324
3.01593, 0.376991, 0.0898181
3.07876, 0.376991, 0.0449899
0.0628319, 0.439823, 0.440104
0.125664, 0.439823, 0.455847
0.188496, 0.439823, 0.472753
0.251327, 0.439823, 0.490575
0.314159, 0.439823, 0.509072
0.376991, 0.439823, 0.52801
0.439823, 0.439823, 0.547165
0.502655, 0.439823, 0.56632
0.565487, 0.439823, 0.585267
0.628319, 0.439823, 0.603806
0.69115, 0.439823, 0.621747
0.753982, 0.439823, 0.638909
0.816814, 0.439823, 0.655121
0.879646, 0.439823, 0.670221
0.942478, 0.439823, 0.684058
1.00531, 0.439823, 0.696492
1.06814, 0.439823, 0.707392
1.13097, 0.439823, 0.71664
1.19381, 0.439823, 0.724127
1.25664, 0.439823, 0.729756
1.31947, 0.439823, 0.733442
1.3823, 0.439823, 0.73511
1.44513, 0.439823, 0.734697
1.50796, 0.439823, 0.732152
1.5708, 0.439823, 0.727435
1.63363, 0.439823, 0.720516
1.69646, 0.439823, 0.71138
1.75929, 0.439823, 0.70002
1.82212, 0.439823, 0.68644
1.88496, 0.439823, 0.670657
1.94779, 0.439823, 0.652697
2.01062, 0.439823, 0.632598
2.07345, 0.439823, 0.610406
2.13628, 0.439823, 0.586179
2.19911, 0.439823, 0.559983
2.26195, 0.439823, 0.531894
2.32478, 0.439823, 0.501997
2.38761, 0.439823, 0.470383
2.45044, 0.439823, 0.437154
2.51327, 0.439823, 0.402417
2.57611, 0.439823, 0.366288
2.63894, 0.439823, 0.328886
2.70177, 0.439823, 0.290339
2.7646, 0.439823, 0.250779
2.82743, 0.439823, 0.210341
2.89027, 0.439823, 0.169166
2.9531, 0.439823, 0.127397
3.01593, 0.439823, 0.0851813
3.07876, 0.439823, 0.0426657
0.0628319, 0.502655, 0.490178
0.125664, 0.502655, 0.500239
0.188496, 0.502655, 0.511676
0.251327, 0.502655, 0.524242
0.314159, 0.502655, 0.537692
0.376991, 0.502655, 0.551794
0.439823, 0.502655, 0.56632
0.502655, 0.502655, 0.581056
0.565487, 0.502655, 0.595791
0.628319, 0.502655, 0.610327
0.69115, 0.502655, 0.624473
0.753982, 0.502655, 0.63805
0.816814, 0.502655, 0.650887
0.879646, 0.502655, 0.662822
0.942478, 0.502655, 0.673706
1.00531, 0.502655, 0.683397
1.06814, 0.502655, 0.691767
1.13097, 0.502655, 0.698695
1.19381, 0.502655, 0.704074
1.25664, 0.502655, 0.707805
1.31947, 0.502655, 0.709803
1.3823, 0.502655, 0.709991
1.44513, 0.502655, 0.708306
1.50796, 0.502655, 0.704694
1.5708, 0.502655, 0.699112
1.63363, 0.502655, 0.691529
1.69646, 0.502655, 0.681924
1.75929, 0.502655, 0.670288
1.82212, 0.502655, 0.656622
1.88496, 0.502655, 0.640937
1.94779, 0.502655, 0.623254
2.01062, 0.502655, 0.603605
2.07345, 0.502655, 0.582031
2.13628, 0.502655, 0.558583
2.19911, 0.502655, 0.53332
2.26195, 0.502655, 0.506311
2.32478, 0.502655, 0.477632
2.38761, 0.502655, 0.447369
2.45044, 0.502655, 0.415612
2.51327, 0.502655, 0.382462
2.57611, 0.502655, 0.348023
2.63894, 0.502655, 0.312407
2.70177, 0.502655, 0.275731
2.7646, 0.502655, 0.238117
2.82743, 0.502655, 0.199689
2.89027, 0.502655, 0.160579
2.9531, 0.502655, 0.120919
3.01593, 0.502655, 0.080844
3.07876, 0.502655, 0.0404915
0.0628319, 0.565487, 0.538617
0.125664, 0.565487, 0.543253
0.188496, 0.565487, 0.549472
0.251327, 0.565487, 0.557023
0.314159, 0.565487, 0.565661
0.376991, 0.565487, 0.575152
0.439823, 0.565487, 0.585267
0.502655, 0.565487, 0.595791
0.565487, 0.565487, 0.606513
0.628319, 0.565487, 0.617236
0.69115, 0.565487, 0.627769
0.753982, 0.565487, 0.637932
0.816814, 0.565487, 0.647554
0.879646, 0.565487, 0.656475
0.942478, 0.565487, 0.664546
1.00531, 0.565487, 0.671625
1.06814, 0.565487, 0.677582
1.13097, 0.565487, 0.6823
1.19381, 0.565487, 0.685667
1.25664, 0.565487, 0.687588
1.31947, 0.565487, 0.687973
1.3823, 0.565487, 0.686747
1.44513, 0.565487, 0.683842
1.50796, 0.565487, 0.679205
1.5708, 0.565487, 0.67279
1.63363, 0.565487, 0.664562
1.69646, 0.565487, 0.654499
1.75929, 0.565487, 0.642587
1.82212, 0.565487, 0.628823
1.88496, 0.565487, 0.613214
1.94779, 0.565487, 0.595776
2.01062, 0.565487, 0.576536
2.07345, 0.565487, 0.55553
2.13628, 0.565487, 0.532801
2.19911, 0.565487, 0.508402
2.26195, 0.565487, 0.482397
2.32478, 0.565487, 0.454853
2.38761, 0.565487, 0.425848
2.45044, 0.565487, 0.395465
2.51327, 0.565487, 0.363795
2.57611, 0.565487, 0.330936
2.63894, 0.565487, 0.296989
2.70177, 0.565487, 0.262062
2.7646, 0.565487, 0.226267
2.82743, 0.565487, 0.18972
2.89027, 0.565487, 0.152542
2.9531, 0.565487, 0.114855
3.01593, 0.565487, 0.0767842
3.07876, 0.565487, 0.0384565
0.0628319, 0.628319, 0.585211
0.125664, 0.628319, 0.584682
0.188496, 0.628319, 0.585936
0.251327, 0.628319, 0.588717
0.314159, 0.628319, 0.592779
0.376991, 0.628319, 0.597884
0.439823, 0.628319, 0.603806
0.502655, 0.628319, 0.610327
0.565487, 0.628319, 0.617236
0.628319, 0.628319, 0.624335
0.69115, 0.628319, 0.631434
0.753982, 0.628319, 0.638353
0.816814, 0.628319, 0.644922
0.879646, 0.628319, 0.65098
0.942478, 0.628319, 0.656377
1.00531, 0.628319, 0.660973
1.06814, 0.628319, 0.664638
1.13097, 0.628319, 0.667253
1.19381, 0.628319, 0.668709
1.25664, 0.628319, 0.668905
1.31947, 0.628319, 0.667755
1.3823, 0.628319, 0.66518
1.44513, 0.628319, 0.661112
1.50796, 0.628319, 0.655494
1.5708, 0.628319, 0.64828
1.63363, 0.628319, 0.639432
1.69646, 0.628319, 0.628923
1.75929, 0.628319, 0.616738
1.82212, 0.628319, 0.60287
1.88496, 0.628319, 0.58732
1.94779, 0.628319, 0.570101
2.01062, 0.628319, 0.551234
2.07345, 0.628319, 0.53075
2.13628, 0.628319, 0.508687
2.19911, 0.628319, 0.485093
2.26195, 0.628319, 0.460021
2.32478, 0.628319, 0.433535
2.38761, 0.628319, 0.405704
2.45044, 0.628319, 0.376604
2.51327, 0.628319, 0.346319
2.57611, 0.628319, 0.314936
2.63894, 0.628319, 0.28255
2.70177, 0.628319, 0.24926
2.7646, 0.628319, 0.215169
2.82743, 0.628319, 0.180383
2.89027, 0.628319, 0.145014
2.9531, 0.628319, 0.109175
3.01593, 0.628319, 0.0729813
3.07876, 0.628319, 0.0365501
0.0628319, 0.69115, 0.629758
0.125664, 0.69115, 0.62433
0.188496, 0.69115, 0.620874
0.251327, 0.69115, 0.61913
0.314159, 0.69115, 0.618852
0.376991, 0.69115, 0.619801
0.439823, 0.69115, 0.621747
0.502655, 0.69115, 0.624473
0.565487, 0.69115, 0.627769
0.628319, 0.69115, 0.631434
0.69115, 0.69115, 0.63528
0.753982, 0.69115, 0.639125
0.816814, 0.69115, 0.6428
0.879646, 0.69115, 0.646145
0.942478, 0.69115, 0.649009
1.00531, 0.69115, 0.651252
1.06814, 0.69115, 0.652745
1.13097, 0.69115, 0.653367
1.19381, 0.69115, 0.653008
1.25664, 0.69115, 0.65157
1.31947, 0.69115, 0.648962
1.3823, 0.69115, 0.645105
1.44513, 0.69115, 0.639931
1.50796, 0.69115, 0.63338
1.5708, 0.69115, 0.625403
1.63363, 0.69115, 0.615961
1.69646, 0.69115, 0.605024
1.75929, 0.69115, 0.592573
1.82212, 0.69115, 0.578597
1.88496, 0.69115, 0.563094
1.94779, 0.69115, 0.546073
2.01062, 0.69115, 0.52755
2.07345, 0.69115, 0.50755
2.13628, 0.69115, 0.486106
2.19911, 0.69115, 0.46326
2.26195, 0.69115, 0.43906
2.32478, 0.69115, 0.413561
2.38761, 0.69115, 0.386828
2.45044, 0.69115, 0.358929
2.51327, 0.69115, 0.329939
2.57611, 0.69115, 0.29994
2.63894, 0.69115, 0.269016
2.70177, 0.69115, 0.237259
2.7646, 0.69115, 0.204764
2.82743, 0.69115, 0.171629
2.89027, 0.69115, 0.137956
2.9531, 0.69115, 0.10385
3.01593, 0.69115, 0.0694157
3.07876, 0.69115, 0.0347627
0.0628319, 0.753982, 0.672067
0.125664, 0.753982, 0.662007
0.188496, 0.753982, 0.654098
0.251327, 0.753982, 0.648078
0.314159, 0.753982, 0.643698
0.376991, 0.753982, 0.640719
0.439823, 0.753982, 0.638909
0.502655, 0.753982, 0.63805
0.565487, 0.753982, 0.637932
0.628319, 0.753982, 0.638353
0.69115, 0.753982, 0.639125
0.753982, 0.753982, 0.640067
0.816814, 0.753982, 0.641009
0.879646, 0.753982, 0.641791
0.942478, 0.753982, 0.642262
1.00531, 0.753982, 0.642282
1.06814, 0.753982, 0.641722
1.13097, 0.753982, 0.640461
1.19381, 0.753982, 0.638388
1.25664, 0.753982, 0.635403
1.31947, 0.753982, 0.631417
1.3823, 0.753982, 0.626348
1.44513, 0.753982, 0.620127
1.50796, 0.753982, 0.612692
1.5708, 0.753982, 0.603991
1.63363, 0.753982, 0.593985
1.69646, 0.753982, 0.58264
1.75929, 0.753982, 0.569933
1.82212, 0.753982, 0.55585
1.88496, 0.753982, 0.540387
1.94779, 0.753982, 0.523547
2.01062, 0.753982, 0.505342
2.07345, 0.753982, 0.485793
2.13628, 0.753982, 0.464927
2.19911, 0.753982, 0.442781
2.26195, 0.753982, 0.419396
2.32478, 0.753982, 0.394823
2.38761, 0.753982, 0.369119
2.45044, 0.753982, 0.342345
2.51327, 0.753982, 0.314569
2.57611, 0.753982, 0.285867
2.63894, 0.753982, 0.256315
2.70177, 0.753982, 0.225997
2.7646, 0.753982, 0.195
2.82743, 0.753982, 0.163414
2.89027, 0.753982, 0.131332
2.9531, 0.753982, 0.0988514
3.01593, 0.753982, 0.0660691
3.07876, 0.753982, 0.0330851
0.0628319, 0.816814, 0.711955
0.125664, 0.816814, 0.697534
0.188496, 0.816814, 0.685432
0.251327, 0.816814, 0.675386
0.314159, 0.816814, 0.667145
0.376991, 0.816814, 0.660467
0.439823, 0.816814, 0.655121
0.502655, 0.816814, 0.650887
0.565487, 0.816814, 0.647554
0.628319, 0.816814, 0.644922
0.69115, 0.816814, 0.6428
0.753982, 0.816814, 0.641009
0.816814, 0.816814, 0.639378
0.879646, 0.816814, 0.637747
0.942478, 0.816814, 0.635965
1.00531, 0.816814, 0.633893
1.06814, 0.816814, 0.6314
1.13097, 0.816814, 0.628366
1.19381, 0.816814, 0.624679
1.25664, 0.816814, 0.620239
1.31947, 0.816814, 0.614954
1.3823, 0.816814, 0.608744
1.44513, 0.816814, 0.601536
1.50796, 0.816814, 0.593268
1.5708, 0.816814, 0.583886
1.63363, 0.816814, 0.573347
1.69646, 0.816814, 0.561616
1.75929, 0.816814, 0.548668
1.82212, 0.816814, 0.534484
1.88496, 0.816814, 0.519057
1.94779, 0.816814, 0.502386
2.01062, 0.816814, 0.484479
2.07345, 0.816814, 0.465353
2.13628, 0.816814, 0.445029
2.19911, 0.816814, 0.423539
2.26195, 0.816814, 0.40092
2.32478, 0.816814, 0.377217
2.38761, 0.816814, 0.352478
2.45044, 0.816814, 0.326761
2.51327, 0.816814, 0.300127
2.57611, 0.816814, 0.272643
2.63894, 0.816814, 0.24438
2.70177, 0.816814, 0.215414
2.7646, 0.816814, 0.185824
2.82743, 0.816814, 0.155693
2.89027, 0.816814, 0.125108
2.9531, 0.816814, 0.0941544
3.01593, 0.816814, 0.0629243
3.07876, 0.816814, 0.0315087
0.0628319, 0.879646, 0.749251
0.125664, 0.879646, 0.730741
0.188496, 0.879646, 0.714709
0.251327, 0.879646, 0.700889
0.314159, 0.879646, 0.689028
0.376991, 0.879646, 0.678882
0.439823, 0.879646, 0.670221
0.502655, 0.879646, 0.662822
0.565487, 0.879646, 0.656475
0.628319, 0.879646, 0.65098
0.69115, 0.879646, 0.646145
0.753982, 0.879646, 0.641791
0.816814, 0.879646, 0.637747
0.879646, 0.879646, 0.633853
0.942478, 0.879646, 0.629959
1.00531, 0.879646, 0.625925
1.06814, 0.879646, 0.62162
1.13097, 0.879646, 0.616923
1.19381, 0.879646, 0.611723
1.25664, 0.879646, 0.605919
1.31947, 0.879646, 0.599418
1.3823, 0.879646, 0.592138
1.44513, 0.879646, 0.584006
1.50796, 0.879646, 0.574958
1.5708, 0.879646, 0.564938
1.63363, 0.879646, 0.553902
1.69646, 0.879646, 0.541811
1.75929, 0.879646, 0.528637
1.82212, 0.879646, 0.514361
1.88496, 0.879646, 0.49897
1.94779, 0.879646, 0.482461
2.01062, 0.879646, 0.464836
2.07345, 0.879646, 0.446109
2.13628, 0.879646, 0.426297
2.19911, 0.879646, 0.405427
2.26195, 0.879646, 0.38353
2.32478, 0.879646, 0.360645
2.38761, 0.879646, 0.336816
2.45044, 0.879646, 0.312095
2.51327, 0.879646, 0.286535
2.57611, 0.879646, 0.260198
2.63894, 0.879646, 0.233148
2.70177, 0.879646, 0.205455
2.7646, 0.879646, 0.177189
2.82743, 0.879646, 0.148428
2.89027, 0.879646, 0.11925
2.9531, 0.879646, 0.0897345
3.01593, 0.879646, 0.059965
3.07876, 0.879646, 0.0300252
0.0628319, 0.942478, 0.783794
0.125664, 0.942478, 0.761472
0.188496, 0.942478, 0.741774
0.251327, 0.942478, 0.724434
0.314159, 0.942478, 0.709195
0.376991, 0.942478, 0.695814
0.439823, 0.942478, 0.684058
0.502655, 0.942478, 0.673706
0.565487, 0.942478, 0.664546
0.628319, 0.942478, 0.656377
0.69115, 0.942478, 0.649009
0.753982, 0.942478, 0.642262
0.816814, 0.942478, 0.635965
0.879646, 0.942478, 0.629959
0.942478, 0.942478, 0.624093
1.00531, 0.942478, 0.618228
1.06814, 0.942478, 0.612231
1.13097, 0.942478, 0.605983
1.19381, 0.942478, 0.599371
1.25664, 0.942478, 0.592295
1.31947, 0.942478, 0.58466
1.3823, 0.942478, 0.576384
1.44513, 0.942478, 0.567392
1.50796, 0.942478, 0.557618
1.5708, 0.942478, 0.547007
1.63363, 0.942478, 0.53551
1.69646, 0.942478, 0.523088
1.75929, 0.942478, 0.50971
1.82212, 0.942478, 0.495353
1.88496, 0.942478, 0.480002
1.94779, 0.942478, 0.46365
2.01062, 0.942478, 0.446296
2.07345, 0.942478, 0.42795
2.13628, 0.942478, 0.408624
2.19911, 0.942478, 0.388341
2.26195, 0.942478, 0.367127
2.32478, 0.942478, 0.345016
2.38761, 0.942478, 0.322047
2.45044, 0.942478, 0.298266
2.51327, 0.942478, 0.27372
2.57611, 0.942478, 0.248466
2.63894, 0.942478, 0.22256
2.70177, 0.942478, 0.196067
2.7646, 0.942478, 0.169051
2.82743, 0.942478, 0.141581
2.89027, 0.942478, 0.113729
2.9531, 0.942478, 0.0855688
3.01593, 0.942478, 0.0571759
3.07876, 0.942478, 0.028627
0.0628319, 1.00531, 0.815434
0.125664, 1.00531, 0.789579
0.188496, 1.00531, 0.766483
0.251327, 1.00531, 0.745876
0.314159, 1.00531, 0.727503
0.376991, 1.00531, 0.71112
0.439823, 1.00531, 0.696492
0.502655, 1.00531, 0.683397
0.565487, 1.00531, 0.671625
0.628319, 1.00531, 0.660973
0.69115, 1.00531, 0.651252
0.753982, 1.00531, 0.642282
0.816814, 1.00531, 0.633893
0.879646, 1.00531, 0.625925
0.942478, 1.00531, 0.618228
1.00531, 1.00531, 0.610661
1.06814, 1.00531, 0.603094
1.13097, 1.00531, 0.595406
1.19381, 1.00531, 0.587485
1.25664, 1.00531, 0.579229
1.31947, 1.00531, 0.570543
1.3823, 1.00531, 0.561345
1.44513, 1.00531, 0.551558
1.50796, 1.00531, 0.541117
1.5708, 1.00531, 0.529962
1.63363, 1.00531, 0.518044
1.69646, 1.00531, 0.505321
1.75929, 1.00531, 0.491761
1.82212, 1.00531, 0.477338
1.88496, 1.00531, 0.462035
1.94779, 1.00531, 0.445839
2.01062, 1.00531, 0.42875
2.07345, 1.00531, 0.41077
2.13628, 1.00531, 0.391909
2.19911, 1.00531, 0.372185
2.26195, 1.00531, 0.351621
2.32478, 1.00531, 0.330245
2.38761, 1.00531, 0.308092
2.45044, 1.00531, 0.2852
2.51327, 1.00531, 0.261615
2.57611, 1.00531, 0.237384
2.63894, 1.00531, 0.212561
2.70177, 1.00531, 0.187201
2.7646, 1.00531, 0.161365
2.82743, 1.00531, 0.135115
2.89027, 1.00531, 0.108516
2.9531, 1.00531, 0.0816359
3.01593, 1.00531, 0.0545427
3.07876, 1.00531, 0.0273071
0.0628319, 1.06814, 0.844036
0.125664, 1.06814, 0.814928
0.188496, 1.06814, 0.788701
0.251327, 1.06814, 0.765085
0.314159, 1.06814, 0.743823
0.376991, 1.06814, 0.72467
0.439823, 1.06814, 0.707392
0.502655, 1.06814, 0.691767
0.565487, 1.06814, 0.677582
0.628319, 1.06814, 0.664638
0.69115, 1.06814, 0.652745
0.753982, 1.06814, 0.641722
0.816814, 1.06814, 0.6314
0.879646, 1.06814, 0.62162
0.942478, 1.06814, 0.612231
1.00531, 1.06814, 0.603094
1.06814, 1.06814, 0.594078
1.13097, 1.06814, 0.585062
1.19381, 1.06814, 0.575934
1.25664, 1.06814, 0.566591
1.31947, 1.06814, 0.55694
1.3823, 1.06814, 0.546895
1.44513, 1.06814, 0.53638
1.50796, 1.06814, 0.525328
1.5708, 1.06814, 0.513679
1.63363, 1.06814, 0.501381
1.69646, 1.06814, 0.488392
1.75929, 1.06814, 0.474676
1.82212, 1.06814, 0.460205
1.88496, 1.06814, 0.444958
1.94779, 1.06814, 0.428923
2.01062, 1.06814, 0.412094
2.07345, 1.06814, 0.394469
2.13628, 1.06814, 0.376057
2.19911, 1.06814, 0.35687
2.26195, 1.06814, 0.336927
2.32478, 1.06814, 0.316251
2.38761, 1.06814, 0.294874
2.45044, 1.06814, 0.272829
2.51327, 1.06814, 0.250155
2.57611, 1.06814, 0.226895
2.63894, 1.06814, 0.203097
2.70177, 1.06814, 0.178812
2.7646, 1.06814, 0.154094
2.82743, 1.06814, 0.128998
2.89027, 1.06814, 0.103585
2.9531, 1.06814, 0.0779156
3.01593, 1.06814, 0.052052
3.07876, 1.06814, 0.0260586
0.0628319, 1.13097, 0.869474
0.125664, 1.13097, 0.837396
0.188496, 1.13097, 0.808308
0.251327, 1.13097, 0.78194
0.314159, 1.13097, 0.758034
0.376991, 1.13097, 0.736345
0.439823, 1.13097, 0.71664
0.502655, 1.13097, 0.698695
0.565487, 1.13097, 0.6823
0.628319, 1.13097, 0.667253
0.69115, 1.13097, 0.653367
0.753982, 1.13097, 0.640461
0.816814, 1.13097, 0.628366
0.879646, 1.13097, 0.616923
0.942478, 1.13097, 0.605983
1.00531, 1.13097, 0.595406
1.06814, 1.13097, 0.585062
1.13097, 1.13097, 0.57483
1.19381, 1.13097, 0.564597
1.25664, 1.13097, 0.554262
1.31947, 1.13097, 0.54373
1.3823, 1.13097, 0.532915
1.44513, 1.13097, 0.52174
1.50796, 1.13097, 0.510136
1.5708, 1.13097, 0.498044
1.63363, 1.13097, 0.48541
1.69646, 1.13097, 0.472189
1.75929, 1.13097, 0.458345
1.82212, 1.13097, 0.443846
1.88496, 1.13097, 0.428671
1.94779, 1.13097, 0.412802
2.01062, 1.13097, 0.396232
2.07345, 1.13097, 0.378957
2.13628, 1.13097, 0.36098
2.19911, 1.13097, 0.342311
2.26195, 1.13097, 0.322964
2.32478, 1.13097, 0.30296
2.38761, 1.13097, 0.282324
2.45044, 1.13097, 0.261086
2.51327, 1.13097, 0.23928
2.57611, 1.13097, 0.216944
2.63894, 1.13097, 0.194121
2.70177, 1.13097, 0.170857
2.7646, 1.13097, 0.147199
2.82743, 1.13097, 0.123199
2.89027, 1.13097, 0.0989107
2.9531, 1.13097, 0.0743891
3.01593, 1.13097, 0.0496912
3.07876, 1.13097, 0.0248753
0.0628319, 1.19381, 0.891639
0.125664, 1.19381, 0.856873
0.188496, 1.19381, 0.825194
0.251327, 1.19381, 0.796332
0.314159, 1.19381, 0.770028
0.376991, 1.19381, 0.746038
0.439823, 1.19381, 0.724127
0.502655, 1.19381, 0.704074
0.565487, 1.19381, 0.685667
0.628319, 1.19381, 0.668709
0.69115, 1.19381, 0.653008
0.753982, 1.19381, 0.638388
0.816814, 1.19381, 0.624679
0.879646, 1.19381, 0.611723
0.942478, 1.19381, 0.599371
1.00531, 1.19381, 0.587485
1.06814, 1.19381, 0.575934
1.13097, 1.19381, 0.564597
1.19381, 1.19381, 0.553364
1.25664, 1.19381, 0.54213
1.31947, 1.19381, 0.530802
1.3823, 1.19381, 0.519294
1.44513, 1.19381, 0.507527
1.50796, 1.19381, 0.495434
1.5708, 1.19381, 0.482951
1.63363, 1.19381, 0.470026
1.69646, 1.19381, 0.456611
1.75929, 1.19381, 0.442668
1.82212, 1.19381, 0.428164
1.88496, 1.19381, 0.413076
1.94779, 1.19381, 0.397383
2.01062, 1.19381, 0.381075
2.07345, 1.19381, 0.364146
2.13628, 1.19381, 0.346595
2.19911, 1.19381, 0.328429
2.26195, 1.19381, 0.309658
2.32478, 1.19381, 0.2903
2.38761, 1.19381, 0.270376
2.45044, 1.19381, 0.24991
2.51327, 1.19381, 0.228934
2.57611, 1.19381, 0.20748
2.63894, 1.19381, 0.185587
2.70177, 1.19381, 0.163294
2.7646, 1.19381, 0.140646
2.82743, 1.19381, 0.117689
2.89027, 1.19381, 0.0944693
2.9531, 1.19381, 0.0710388
3.01593, 1.19381, 0.0474486
3.07876, 1.19381, 0.0237512
0.0628319, 1.25664, 0.910432
0.125664, 1.25664, 0.873263
0.188496, 1.25664, 0.839264
0.251327, 1.25664, 0.808166
0.314159, 1.25664, 0.779709
0.376991, 1.25664, 0.75365
0.439823, 1.25664, 0.729756
0.502655, 1.25664, 0.707805
0.565487, 1.25664, 0.687588
0.628319, 1.25664, 0.668905
0.69115, 1.25664, 0.65157
0.753982, 1.25664, 0.635403
0.816814, 1.25664, 0.620239
0.879646, 1.25664, 0.605919
0.942478, 1.25664, 0.592295
1.00531, 1.25664, 0.579229
1.06814, 1.25664, 0.566591
1.13097, 1.25664, 0.554262
1.19381, 1.25664, 0.54213
1.25664, 1.25664, 0.530092
1.31947, 1.25664, 0.518054
1.3823, 1.25664, 0.50593
1.44513, 1.25664, 0.493642
1.50796, 1.25664, 0.48112
1.5708, 1.25664, 0.468301
1.63363, 1.25664, 0.45513
1.69646, 1.25664, 0.44156
1.75929, 1.25664, 0.427551
1.82212, 1.25664, 0.413068
1.88496, 1.25664, 0.398084
1.94779, 1.25664, 0.382579
2.01062, 1.25664, 0.366539
2.07345, 1.25664, 0.349956
2.13628, 1.25664, 0.332825
2.19911, 1.25664, 0.315151
2.26195, 1.25664, 0.296941
2.32478, 1.25664, 0.278207
2.38761, 1.25664, 0.258969
2.45044, 1.25664, 0.239246
2.51327, 1.25664, 0.219065
2.57611, 1.25664, 0.198456
2.63894, 1.25664, 0.177452
2.70177, 1.25664, 0.156088
2.7646, 1.25664, 0.134403
2.82743, 1.25664, 0.112439
2.89027, 1.25664, 0.0902392
2.9531, 1.25664, 0.0678483
3.01593, 1.25664, 0.045313
3.07876, 1.25664, 0.0226808
0.0628319, 1.31947, 0.925771
0.125664, 1.31947, 0.886482
0.188496, 1.31947, 0.850434
0.251327, 1.31947, 0.817357
0.314159, 1.31947, 0.786993
0.376991, 1.31947, 0.759098
0.439823, 1.31947, 0.733442
0.502655, 1.31947, 0.709803
0.565487, 1.31947, 0.687973
0.628319, 1.31947, 0.667755
0.69115, 1.31947, 0.648962
0.753982, 1.31947, 0.631417
0.816814, 1.31947, 0.614954
0.879646, 1.31947, 0.599418
0.942478, 1.31947, 0.58466
1.00531, 1.31947, 0.570543
1.06814, 1.31947, 0.55694
1.13097, 1.31947, 0.54373
1.19381, 1.31947, 0.530802
1.25664, 1.31947, 0.518054
1.31947, 1.31947, 0.505393
1.3823, 1.31947, 0.492731
1.44513, 1.31947, 0.479991
1.50796, 1.31947, 0.467103
1.5708, 1.31947, 0.454002
1.63363, 1.31947, 0.440634
1.69646, 1.31947, 0.42695
1.75929, 1.31947, 0.412907
1.82212, 1.31947, 0.398471
1.88496, 1.31947, 0.383614
1.94779, 1.31947, 0.368311
2.01062, 1.31947, 0.352548
2.07345, 1.31947, 0.336312
2.13628, 1.31947, 0.319599
2.19911, 1.31947, 0.302409
2.26195, 1.31947, 0.284746
2.32478, 1.31947, 0.26662
2.38761, 1.31947, 0.248045
2.45044, 1.31947, 0.229039
2.51327, 1.31947, 0.209625
2.57611, 1.31947, 0.189828
2.63894, 1.31947, 0.169676
2.70177, 1.31947, 0.149202
2.7646, 1.31947, 0.128439
2.82743, 1.31947, 0.107426
2.89027, 1.31947, 0.0862
2.9531, 1.31947, 0.0648022
3.01593, 1.31947, 0.0432743
3.07876, 1.31947, 0.0216591
0.0628319, 1.3823, 0.937584
0.125664, 1.3823, 0.896461
0.188496, 1.3823, 0.858634
0.251327, 1.3823, 0.823834
0.314159, 1.3823, 0.791807
0.376991, 1.3823, 0.762309
0.439823, 1.3823, 0.73511
0.502655, 1.3823, 0.709991
0.565487, 1.3823, 0.686747
0.628319, 1.3823, 0.66518
0.69115, 1.3823, 0.645105
0.753982, 1.3823, 0.626348
0.816814, 1.3823, 0.608744
0.879646, 1.3823, 0.592138
0.942478, 1.3823, 0.576384
1.00531, 1.3823, 0.561345
1.06814, 1.3823, 0.546895
1.13097, 1.3823, 0.532915
1.19381, 1.3823, 0.519294
1.25664, 1.3823, 0.50593
1.31947, 1.3823, 0.492731
1.3823, 1.3823, 0.47961
1.44513, 1.3823, 0.466489
1.50796, 1.3823, 0.453297
1.5708, 1.3823, 0.439971
1.63363, 1.3823, 0.426454
1.69646, 1.3823, 0.412697
1.75929, 1.3823, 0.398657
1.82212, 1.3823, 0.384297
1.88496, 1.3823, 0.369587
1.94779, 1.3823, 0.354504
2.01062, 1.3823, 0.339027
2.07345, 1.3823, 0.323146
2.13628, 1.3823, 0.30685
2.19911, 1.3823, 0.290139
2.26195, 1.3823, 0.273014
2.32478, 1.3823, 0.255481
2.38761, 1.3823, 0.237552
2.45044, 1.3823, 0.219242
2.51327, 1.3823, 0.200568
2.57611, 1.3823, 0.181553
2.63894, 1.3823, 0.162222
2.70177, 1.3823, 0.142603
2.7646, 1.3823, 0.122727
2.82743, 1.3823, 0.102625
2.89027, 1.3823, 0.0823327
2.9531, 1.3823, 0.0618862
3.01593, 1.3823, 0.0413229
3.07876, 1.3823, 0.0206811
0.0628319, 1.44513, 0.945819
0.125664, 1.44513, 0.903143
0.188496, 1.44513, 0.863806
0.251327, 1.44513, 0.82754
0.314159, 1.44513, 0.794091
0.376991, 1.44513, 0.76322
0.439823, 1.44513, 0.734697
0.502655, 1.44513, 0.708306
0.565487, 1.44513, 0.683842
0.628319, 1.44513, 0.661112
0.69115, 1.44513, 0.639931
0.753982, 1.44513, 0.620127
0.816814, 1.44513, 0.601536
0.879646, 1.44513, 0.584006
0.942478, 1.44513, 0.567392
1.00531, 1.44513, 0.551558
1.06814, 1.44513, 0.53638
1.13097, 1.44513, 0.52174
1.19381, 1.44513, 0.507527
1.25664, 1.44513, 0.493642
1.31947, 1.44513, 0.479991
1.3823, 1.44513, 0.466489
1.44513, 1.44513, 0.453057
1.50796, 1.44513, 0.439625
1.5708, 1.44513, 0.42613
1.63363, 1.44513, 0.412514
1.69646, 1.44513, 0.398727
1.75929, 1.44513, 0.384726
1.82212, 1.44513, 0.370472
1.88496, 1.44513, 0.355935
1.94779, 1.44513, 0.341089
2.01062, 1.44513, 0.325913
2.07345, 1.44513, 0.310392
2.13628, 1.44513, 0.294517
2.19911, 1.44513, 0.278283
2.26195, 1.44513, 0.261689
2.32478, 1.44513, 0.244739
2.38761, 1.44513, 0.227441
2.45044, 1.44513, 0.209807
2.51327, 1.44513, 0.191852
2.57611, 1.44513, 0.173595
2.63894, 1.44513, 0.155057
2.70177, 1.44513, 0.136263
2.7646, 1.44513, 0.117239
2.82743, 1.44513, 0.0980143
2.89027, 1.44513, 0.0786197
2.9531, 1.44513, 0.0590871
3.01593, 1.44513, 0.0394499
3.07876, 1.44513, 0.0197426
0.0628319, 1.50796, 0.950434
0.125664, 1.50796, 0.906487
0.188496, 1.50796, 0.865906
0.251327, 1.50796, 0.828427
0.314159, 1.50796, 0.793799
0.376991, 1.50796, 0.761782
0.439823, 1.50796, 0.732152
0.502655, 1.50796, 0.704694
0.565487, 1.50796, 0.679205
0.628319, 1.50796, 0.655494
0.69115, 1.50796, 0.63338
0.753982, 1.50796, 0.612692
0.816814, 1.50796, 0.593268
0.879646, 1.50796, 0.574958
0.942478, 1.50796, 0.557618
1.00531, 1.50796, 0.541117
1.06814, 1.50796, 0.525328
1.13097, 1.50796, 0.510136
1.19381, 1.50796, 0.495434
1.25664, 1.50796, 0.48112
1.31947, 1.50796, 0.467103
1.3823, 1.50796, 0.453297
1.44513, 1.50796, 0.439625
1.50796, 1.50796, 0.426017
1.5708, 1.50796, 0.412409
1.63363, 1.50796, 0.398744
1.69646, 1.50796, 0.384971
1.75929, 1.50796, 0.371046
1.82212, 1.50796, 0.356931
1.88496, 1.50796, 0.342592
1.94779, 1.50796, 0.328003
2.01062, 1.50796, 0.313143
2.07345, 1.50796, 0.297993
2.13628, 1.50796, 0.282544
2.19911, 1.50796, 0.266787
2.26195, 1.50796, 0.25072
2.32478, 1.50796, 0.234345
2.38761, 1.50796, 0.217666
2.45044, 1.50796, 0.200693
2.51327, 1.50796, 0.183438
2.57611, 1.50796, 0.165917
2.63894, 1.50796, 0.148148
2.70177, 1.50796, 0.130152
2.7646, 1.50796, 0.111952
2.82743, 1.50796, 0.0935738
2.89027, 1.50796, 0.0750445
2.9531, 1.50796, 0.0563924
3.01593, 1.50796, 0.0376471
3.07876, 1.50796, 0.0188393
0.0628319, 1.5708, 0.951404
0.125664, 1.5708, 0.906465
0.188496, 1.5708, 0.864905
0.251327, 1.5708, 0.826464
0.314159, 1.5708, 0.790894
0.376991, 1.5708, 0.757958
0.439823, 1.5708, 0.727435
0.502655, 1.5708, 0.699112
0.565487, 1.5708, 0.67279
0.628319, 1.5708, 0.64828
0.69115, 1.5708, 0.625403
0.753982, 1.5708, 0.603991
0.816814, 1.5708, 0.583886
0.879646, 1.5708, 0.564938
0.942478, 1.5708, 0.547007
1.00531, 1.5708, 0.529962
1.06814, 1.5708, 0.513679
1.13097, 1.5708, 0.498044
1.19381, 1.5708, 0.482951
1.25664, 1.5708, 0.468301
1.31947, 1.5708, 0.454002
1.3823, 1.5708, 0.439971
1.44513, 1.5708, 0.42613
1.50796, 1.5708, 0.412409
1.5708, 1.5708, 0.398746
1.63363, 1.5708, 0.385082
1.69646, 1.5708, 0.371368
1.75929, 1.5708, 0.357558
1.82212, 1.5708, 0.343613
1.88496, 1.5708, 0.329499
1.94779, 1.5708, 0.31519
2.01062, 1.5708, 0.300661
2.07345, 1.5708, 0.285895
2.13628, 1.5708, 0.270878
2.19911, 1.5708, 0.255601
2.26195, 1.5708, 0.24006
2.32478, 1.5708, 0.224253
2.38761, 1.5708, 0.208185
2.45044, 1.5708, 0.19186
2.51327, 1.5708, 0.17529
2.57611, 1.5708, 0.158486
2.63894, 1.5708, 0.141465
2.70177, 1.5708, 0.124244
2.7646, 1.5708, 0.106843
2.82743, 1.5708, 0.0892846
2.89027, 1.5708, 0.0715921
2.9531, 1.5708, 0.0537908
3.01593, 1.5708, 0.0359069
3.07876, 1.5708, 0.0179674
0.0628319, 1.63363, 0.948719
0.125664, 1.63363, 0.903062
0.188496, 1.63363, 0.860786
0.251327, 1.63363, 0.821631
0.314159, 1.63363, 0.785354
0.376991, 1.63363, 0.751722
0.439823, 1.63363, 0.720516
0.502655, 1.63363, 0.691529
0.565487, 1.63363, 0.664562
0.628319, 1.63363, 0.639432
0.69115, 1.63363, 0.615961
0.753982, 1.63363, 0.593985
0.816814, 1.63363, 0.573347
0.879646, 1.63363, 0.553902
0.942478, 1.63363, 0.53551
1.00531, 1.63363, 0.518044
1.06814, 1.63363, 0.501381
1.13097, 1.63363, 0.48541
1.19381, 1.63363, 0.470026
1.25664, 1.63363, 0.45513
1.31947, 1.63363, 0.440634
1.3823, 1.63363, 0.426454
1.44513, 1.63363, 0.412514
1.50796, 1.63363, 0.398744
1.5708, 1.63363, 0.385082
1.63363, 1.63363, 0.371471
1.69646, 1.63363, 0.35786
1.75929, 1.63363, 0.344203
1.82212, 1.63363, 0.330462
1.88496, 1.63363, 0.316603
1.94779, 1.63363, 0.302595
2.01062, 1.63363, 0.288416
2.07345, 1.63363, 0.274047
2.13628, 1.63363, 0.259471
2.19911, 1.63363, 0.244679
2.26195, 1.63363, 0.229664
2.32478, 1.63363, 0.214424
2.38761, 1.63363, 0.198959
2.45044, 1.63363, 0.183274
2.51327, 1.63363, 0.167375
2.57611, 1.63363, 0.151274
2.63894, 1.63363, 0.134983
2.70177, 1.63363, 0.118516
2.7646, 1.63363, 0.101892
2.82743, 1.63363, 0.0851293
2.89027, 1.63363, 0.0682485
2.9531, 1.63363, 0.0512718
3.01593, 1.63363, 0.0342221
3.07876, 1.63363, 0.0171234
0.0628319, 1.69646, 0.942381
0.125664, 1.69646, 0.89628
0.188496, 1.69646, 0.853544
0.251327, 1.69646, 0.813921
0.314159, 1.69646, 0.777169
0.376991, 1.69646, 0.74306
0.439823, 1.69646, 0.71138
0.502655, 1.69646, 0.681924
0.565487, 1.69646, 0.654499
0.628319, 1.69646, 0.628923
0.69115, 1.69646, 0.605024
0.753982, 1.69646, 0.58264
0.816814, 1.69646, 0.561616
0.879646, 1.69646, 0.541811
0.942478, 1.69646, 0.523088
1.00531, 1.69646, 0.505321
1.06814, 1.69646, 0.488392
1.13097, 1.69646, 0.472189
1.19381, 1.69646, 0.456611
1.25664, 1.69646, 0.44156
1.31947, 1.69646, 0.42695
1.3823, 1.69646, 0.412697
1.44513, 1.69646, 0.398727
1.50796, 1.69646, 0.384971
1.5708, 1.69646, 0.371368
1.63363, 1.69646, 0.35786
1.69646, 1.69646, 0.344397
1.75929, 1.69646, 0.330933
1.82212, 1.69646, 0.317431
1.88496, 1.69646, 0.303853
1.94779, 1.69646, 0.290172
2.01062, 1.69646, 0.276363
2.07345, 1.69646, 0.262404
2.13628, 1.69646, 0.24828
2.19911, 1.69646, 0.23398
2.26195, 1.69646, 0.219494
2.32478, 1.69646, 0.204819
2.38761, 1.69646, 0.189954
2.45044, 1.69646, 0.1749
2.51327, 1.69646, 0.159663
2.57611, 1.69646, 0.144252
2.63894, 1.69646, 0.128675
2.70177, 1.69646, 0.112946
2.7646, 1.69646, 0.0970796
2.82743, 1.69646, 0.0810919
2.89027, 1.69646, 0.0650009
2.9531, 1.69646, 0.0488257
3.01593, 1.69646, 0.0325864
3.07876, 1.69646, 0.016304
0.0628319, 1.75929, 0.93241
0.125664, 1.75929, 0.886132
0.188496, 1.75929, 0.843191
0.251327, 1.75929, 0.803339
0.314159, 1.75929, 0.76634
0.376991, 1.75929, 0.73197
0.439823, 1.75929, 0.70002
0.502655, 1.75929, 0.670288
0.565487, 1.75929, 0.642587
0.628319, 1.75929, 0.616738
0.69115, 1.75929, 0.592573
0.753982, 1.75929, 0.569933
0.816814, 1.75929, 0.548668
0.879646, 1.75929, 0.528637
0.942478, 1.75929, 0.50971
1.00531, 1.75929, 0.491761
1.06814, 1.75929, 0.474676
1.13097, 1.75929, 0.458345
1.19381, 1.75929, 0.442668
1.25664, 1.75929, 0.427551
1.31947, 1.75929, 0.412907
1.3823, 1.75929, 0.398657
1.44513, 1.75929, 0.384726
1.50796, 1.75929, 0.371046
1.5708, 1.75929, 0.357558
1.63363, 1.75929, 0.344203
1.69646, 1.75929, 0.330933
1.75929, 1.75929, 0.317703
1.82212, 1.75929, 0.304473
1.88496, 1.75929, 0.291208
1.94779, 1.75929, 0.277878
2.01062, 1.75929, 0.264458
2.07345, 1.75929, 0.250926
2.13628, 1.75929, 0.237267
2.19911, 1.75929, 0.223465
2.26195, 1.75929, 0.209513
2.32478, 1.75929, 0.195405
2.38761, 1.75929, 0.181137
2.45044, 1.75929, 0.166709
2.51327, 1.75929, 0.152127
2.57611, 1.75929, 0.137394
2.63894, 1.75929, 0.122519
2.70177, 1.75929, 0.107513
2.7646, 1.75929, 0.0923883
2.82743, 1.75929, 0.0771578
2.89027, 1.75929, 0.0618374
2.9531, 1.75929, 0.0464435
3.01593, 1.75929, 0.0309938
3.07876, 1.75929, 0.0155064
0.0628319, 1.82212, 0.918839
0.125664, 1.82212, 0.872647
0.188496, 1.82212, 0.829749
0.251327, 1.82212, 0.789904
0.314159, 1.82212, 0.75288
0.376991, 1.82212, 0.718461
0.439823, 1.82212, 0.68644
0.502655, 1.82212, 0.656622
0.565487, 1.82212, 0.628823
0.628319, 1.82212, 0.60287
0.69115, 1.82212, 0.578597
0.753982, 1.82212, 0.55585
0.816814, 1.82212, 0.534484
0.879646, 1.82212, 0.514361
0.942478, 1.82212, 0.495353
1.00531, 1.82212, 0.477338
1.06814, 1.82212, 0.460205
1.13097, 1.82212, 0.443846
1.19381, 1.82212, 0.428164
1.25664, 1.82212, 0.413068
1.31947, 1.82212, 0.398471
1.3823, 1.82212, 0.384297
1.44513, 1.82212, 0.370472
1.50796, 1.82212, 0.356931
1.5708, 1.82212, 0.343613
1.63363, 1.82212, 0.330462
1.69646, 1.82212, 0.317431
1.75929, 1.82212, 0.304473
1.82212, 1.82212, 0.29155
1.88496, 1.82212, 0.278627
1.94779, 1.82212, 0.265673
2.01062, 1.82212, 0.252664
2.07345, 1.82212, 0.239577
2.13628, 1.82212, 0.226394
2.19911, 1.82212, 0.213102
2.26195, 1.82212, 0.199689
2.32478, 1.82212, 0.186149
2.38761, 1.82212, 0.172478
2.45044, 1.82212, 0.158675
2.51327, 1.82212, 0.14474
2.57611, 1.82212, 0.130678
2.63894, 1.82212, 0.116495
2.70177, 1.82212, 0.1022
2.7646, 1.82212, 0.0878022
2.82743, 1.82212, 0.0733136
2.89027, 1.82212, 0.0587472
2.9531, 1.82212, 0.0441173
3.01593, 1.82212, 0.0294388
3.07876, 1.82212, 0.0147276
0.0628319, 1.88496, 0.901717
0.125664, 1.88496, 0.855866
0.188496, 1.88496, 0.813255
0.251327, 1.88496, 0.773647
0.314159, 1.88496, 0.736817
0.376991, 1.88496, 0.702554
0.439823, 1.88496, 0.670657
0.502655, 1.88496, 0.640937
0.565487, 1.88496, 0.613214
0.628319, 1.88496, 0.58732
0.69115, 1.88496, 0.563094
0.753982, 1.88496, 0.540387
0.816814, 1.88496, 0.519057
0.879646, 1.88496, 0.49897
0.942478, 1.88496, 0.480002
1.00531, 1.88496, 0.462035
1.06814, 1.88496, 0.444958
1.13097, 1.88496, 0.428671
1.19381, 1.88496, 0.413076
1.25664, 1.88496, 0.398084
1.31947, 1.88496, 0.383614
1.3823, 1.88496, 0.369587
1.44513, 1.88496, 0.355935
1.50796, 1.88496, 0.342592
1.5708, 1.88496, 0.329499
1.63363, 1.88496, 0.316603
1.69646, 1.88496, 0.303853
1.75929, 1.88496, 0.291208
1.82212, 1.88496, 0.278627
1.88496, 1.88496, 0.266076
1.94779, 1.88496, 0.253525
2.01062, 1.88496, 0.240948
2.07345, 1.88496, 0.228323
2.13628, 1.88496, 0.215631
2.19911, 1.88496, 0.202858
2.26195, 1.88496, 0.189992
2.32478, 1.88496, 0.177025
2.38761, 1.88496, 0.163952
2.45044, 1.88496, 0.150771
2.51327, 1.88496, 0.13748
2.57611, 1.88496, 0.124083
2.63894, 1.88496, 0.110584
2.70177, 1.88496, 0.0969889
2.7646, 1.88496, 0.0833069
2.82743, 1.88496, 0.0695471
2.89027, 1.88496, 0.0557207
2.9531, 1.88496, 0.0418395
3.01593, 1.88496, 0.0279166
3.07876, 1.88496, 0.0139654
0.0628319, 1.94779, 0.881105
0.125664, 1.94779, 0.835847
0.188496, 1.94779, 0.793759
0.251327, 1.94779, 0.754611
0.314159, 1.94779, 0.718187
0.376991, 1.94779, 0.684281
0.439823, 1.94779, 0.652697
0.502655, 1.94779, 0.623254
0.565487, 1.94779, 0.595776
0.628319, 1.94779, 0.570101
0.69115, 1.94779, 0.546073
0.753982, 1.94779, 0.523547
0.816814, 1.94779, 0.502386
0.879646, 1.94779, 0.482461
0.942478, 1.94779, 0.46365
1.00531, 1.94779, 0.445839
1.06814, 1.94779, 0.428923
1.13097, 1.94779, 0.412802
1.19381, 1.94779, 0.397383
1.25664, 1.94779, 0.382579
1.31947, 1.94779, 0.368311
1.3823, 1.94779, 0.354504
1.44513, 1.94779, 0.341089
1.50796, 1.94779, 0.328003
1.5708, 1.94779, 0.31519
1.63363, 1.94779, 0.302595
1.69646, 1.94779, 0.290172
1.75929, 1.94779, 0.277878
1.82212, 1.94779, 0.265673
1.88496, 1.94779, 0.253525
1.94779, 1.94779, 0.241403
2.01062, 1.94779, 0.22928
2.07345, 1.94779, 0.217135
2.13628, 1.94779, 0.204949
2.19911, 1.94779, 0.192707
2.26195, 1.94779, 0.180396
2.32478, 1.94779, 0.168008
2.38761, 1.94779, 0.155535
2.45044, 1.94779, 0.142975
2.51327, 1.94779, 0.130326
2.57611, 1.94779, 0.117589
2.63894, 1.94779, 0.104767
2.70177, 1.94779, 0.0918651
2.7646, 1.94779, 0.0788892
2.82743, 1.94779, 0.0658474
2.89027, 1.94779, 0.0527488
2.9531, 1.94779, 0.0396035
3.01593, 1.94779, 0.0264225
3.07876, 1.94779, 0.0132173
0.0628319, 2.01062, 0.857081
0.125664, 2.01062, 0.812657
0.188496, 2.01062, 0.771322
0.251327, 2.01062, 0.732852
0.314159, 2.01062, 0.697039
0.376991, 2.01062, 0.663684
0.439823, 2.01062, 0.632598
0.502655, 2.01062, 0.603605
0.565487, 2.01062, 0.576536
0.628319, 2.01062, 0.551234
0.69115, 2.01062, 0.52755
0.753982, 2.01062, 0.505342
0.816814, 2.01062, 0.484479
0.879646, 2.01062, 0.464836
0.942478, 2.01062, 0.446296
1.00531, 2.01062, 0.42875
1.06814, 2.01062, 0.412094
1.13097, 2.01062, 0.396232
1.19381, 2.01062, 0.381075
1.25664, 2.01062, 0.366539
1.31947, 2.01062, 0.352548
1.3823, 2.01062, 0.339027
1.44513, 2.01062, 0.325913
1.50796, 2.01062, 0.313143
1.5708, 2.01062, 0.300661
1.63363, 2.01062, 0.288416
1.69646, 2.01062, 0.276363
1.75929, 2.01062, 0.264458
1.82212, 2.01062, 0.252664
1.88496, 2.01062, 0.240948
1.94779, 2.01062, 0.22928
2.01062, 2.01062, 0.217634
2.07345, 2.01062, 0.205988
2.13628, 2.01062, 0.194324
2.19911, 2.01062, 0.182624
2.26195, 2.01062, 0.170877
2.32478, 2.01062, 0.159074
2.38761, 2.01062, 0.147206
2.45044, 2.01062, 0.135269
2.51327, 2.01062, 0.123261
2.57611, 2.01062, 0.111181
2.63894, 2.01062, 0.0990312
2.70177, 2.01062, 0.0868151
2.7646, 2.01062, 0.0745374
2.82743, 2.01062, 0.0622044
2.89027, 2.01062, 0.0498235
2.9531, 2.01062, 0.0374032
3.01593, 2.01062, 0.0249526
3.07876, 2.01062, 0.0124815
0.0628319, 2.07345, 0.829733
0.125664, 2.07345, 0.786379
0.188496, 2.07345, 0.746018
0.251327, 2.07345, 0.708437
0.314159, 2.07345, 0.673434
0.376991, 2.07345, 0.640817
0.439823, 2.07345, 0.610406
0.502655, 2.07345, 0.582031
0.565487, 2.07345, 0.55553
0.628319, 2.07345, 0.53075
0.69115, 2.07345, 0.50755
0.753982, 2.07345, 0.485793
0.816814, 2.07345, 0.465353
0.879646, 2.07345, 0.446109
0.942478, 2.07345, 0.42795
1.00531, 2.07345, 0.41077
1.06814, 2.07345, 0.394469
1.13097, 2.07345, 0.378957
1.19381, 2.07345, 0.364146
1.25664, 2.07345, 0.349956
1.31947, 2.07345, 0.336312
1.3823, 2.07345, 0.323146
1.44513, 2.07345, 0.310392
1.50796, 2.07345, 0.297993
1.5708, 2.07345, 0.285895
1.63363, 2.07345, 0.274047
1.69646, 2.07345, 0.262404
1.75929, 2.07345, 0.250926
1.82212, 2.07345, 0.239577
1.88496, 2.07345, 0.228323
1.94779, 2.07345, 0.217135
2.01062, 2.07345, 0.205988
2.07345, 2.07345, 0.194861
2.13628, 2.07345, 0.183733
2.19911, 2.07345, 0.172589
2.26195, 2.07345, 0.161416
2.32478, 2.07345, 0.150204
2.38761, 2.07345, 0.138945
2.45044, 2.07345, 0.127633
2.51327, 2.07345, 0.116266
2.57611, 2.07345, 0.104842
2.63894, 2.07345, 0.0933616
2.70177, 2.07345, 0.0818266
2.7646, 2.07345, 0.0702408
2.82743, 2.07345, 0.0586092
2.89027, 2.07345, 0.0469376
2.9531, 2.07345, 0.0352331
3.01593, 2.07345, 0.0235031
3.07876, 2.07345, 0.0117559
0.0628319, 2.13628, 0.799166
0.125664, 2.13628, 0.757107
0.188496, 2.13628, 0.717935
0.251327, 2.13628, 0.681445
0.314159, 2.13628, 0.647442
0.376991, 2.13628, 0.615745
0.439823, 2.13628, 0.586179
0.502655, 2.13628, 0.558583
0.565487, 2.13628, 0.532801
0.628319, 2.13628, 0.508687
0.69115, 2.13628, 0.486106
0.753982, 2.13628, 0.464927
0.816814, 2.13628, 0.445029
0.879646, 2.13628, 0.426297
0.942478, 2.13628, 0.408624
1.00531, 2.13628, 0.391909
1.06814, 2.13628, 0.376057
1.13097, 2.13628, 0.36098
1.19381, 2.13628, 0.346595
1.25664, 2.13628, 0.332825
1.31947, 2.13628, 0.319599
1.3823, 2.13628, 0.30685
1.44513, 2.13628, 0.294517
1.50796, 2.13628, 0.282544
1.5708, 2.13628, 0.270878
1.63363, 2.13628, 0.259471
1.69646, 2.13628, 0.24828
1.75929, 2.13628, 0.237267
1.82212, 2.13628, 0.226394
1.88496, 2.13628, 0.215631
1.94779, 2.13628, 0.204949
2.01062, 2.13628, 0.194324
2.07345, 2.13628, 0.183733
2.13628, 2.13628, 0.173157
2.19911, 2.13628, 0.162582
2.26195, 2.13628, 0.151993
2.32478, 2.13628, 0.141381
2.38761, 2.13628, 0.130736
2.45044, 2.13628, 0.120054
2.51327, 2.13628, 0.109329
2.57611, 2.13628, 0.09856
2.63894, 2.13628, 0.0877462
2.70177, 2.13628, 0.0768887
2.7646, 2.13628, 0.06599
2.82743, 2.13628, 0.0550538
2.89027, 2.13628, 0.0440848
2.9531, 2.13628, 0.0330884
3.01593, 2.13628, 0.0220709
3.07876, 2.13628, 0.0110391
0.0628319, 2.19911, 0.765496
0.125664, 2.19911, 0.724949
0.188496, 2.19911, 0.68717
0.251327, 2.19911, 0.651964
0.314159, 2.19911, 0.619145
0.376991, 2.19911, 0.58854
0.439823, 2.19911, 0.559983
0.502655, 2.19911, 0.53332
0.565487, 2.19911, 0.508402
0.628319, 2.19911, 0.485093
0.69115, 2.19911, 0.46326
0.753982, 2.19911, 0.442781
0.816814, 2.19911, 0.423539
0.879646, 2.19911, 0.405427
0.942478, 2.19911, 0.388341
1.00531, 2.19911, 0.372185
1.06814, 2.19911, 0.35687
1.13097, 2.19911, 0.342311
1.19381, 2.19911, 0.328429
1.25664, 2.19911, 0.315151
1.31947, 2.19911, 0.302409
1.3823, 2.19911, 0.290139
1.44513, 2.19911, 0.278283
1.50796, 2.19911, 0.266787
1.5708, 2.19911, 0.255601
1.63363, 2.19911, 0.244679
1.69646, 2.19911, 0.23398
1.75929, 2.19911, 0.223465
1.82212, 2.19911, 0.213102
1.88496, 2.19911, 0.202858
1.94779, 2.19911, 0.192707
2.01062, 2.19911, 0.182624
2.07345, 2.19911, 0.172589
2.13628, 2.19911, 0.162582
2.19911, 2.19911, 0.152588
2.26195, 2.19911, 0.142595
2.32478, 2.19911, 0.13259
2.38761, 2.19911, 0.122566
2.45044, 2.19911, 0.112516
2.51327, 2.19911, 0.102436
2.57611, 2.19911, 0.0923225
2.63894, 2.19911, 0.0821744
2.70177, 2.19911, 0.071992
2.7646, 2.19911, 0.0617768
2.82743, 2.19911, 0.0515313
2.89027, 2.19911, 0.0412592
2.9531, 2.19911, 0.0309647
3.01593, 2.19911, 0.020653
3.07876, 2.19911, 0.0103295
0.0628319, 2.26195, 0.728852
0.125664, 2.26195, 0.690023
0.188496, 2.26195, 0.653833
0.251327, 2.26195, 0.620095
0.314159, 2.26195, 0.588635
0.376991, 2.26195, 0.559286
0.439823, 2.26195, 0.531894
0.502655, 2.26195, 0.506311
0.565487, 2.26195, 0.482397
0.628319, 2.26195, 0.460021
0.69115, 2.26195, 0.43906
0.753982, 2.26195, 0.419396
0.816814, 2.26195, 0.40092
0.879646, 2.26195, 0.38353
0.942478, 2.26195, 0.367127
1.00531, 2.26195, 0.351621
1.06814, 2.26195, 0.336927
1.13097, 2.26195, 0.322964
1.19381, 2.26195, 0.309658
1.25664, 2.26195, 0.296941
1.31947, 2.26195, 0.284746
1.3823, 2.26195, 0.273014
1.44513, 2.26195, 0.261689
1.50796, 2.26195, 0.25072
1.5708, 2.26195, 0.24006
1.63363, 2.26195, 0.229664
1.69646, 2.26195, 0.219494
1.75929, 2.26195, 0.209513
1.82212, 2.26195, 0.199689
1.88496, 2.26195, 0.189992
1.94779, 2.26195, 0.180396
2.01062, 2.26195, 0.170877
2.07345, 2.26195, 0.161416
2.13628, 2.26195, 0.151993
2.19911, 2.26195, 0.142595
2.26195, 2.26195, 0.133206
2.32478, 2.26195, 0.123818
2.38761, 2.26195, 0.114421
2.45044, 2.26195, 0.105009
2.51327, 2.26195, 0.0955762
2.57611, 2.26195, 0.0861194
2.63894, 2.26195, 0.0766369
2.70177, 2.26195, 0.0671281
2.7646, 2.26195, 0.0575937
2.82743, 2.26195, 0.0480354
2.89027, 2.26195, 0.0384558
2.9531, 2.26195, 0.0288584
3.01593, 2.26195, 0.0192469
3.07876, 2.26195, 0.00962588
0.0628319, 2.32478, 0.689373
0.125664, 2.32478, 0.65246
0.188496, 2.32478, 0.618043
0.251327, 2.32478, 0.585949
0.314159, 2.32478, 0.556012
0.376991, 2.32478, 0.528077
0.439823, 2.32478, 0.501997
0.502655, 2.32478, 0.477632
0.565487, 2.32478, 0.454853
0.628319, 2.32478, 0.433535
0.69115, 2.32478, 0.413561
0.753982, 2.32478, 0.394823
0.816814, 2.32478, 0.377217
0.879646, 2.32478, 0.360645
0.942478, 2.32478, 0.345016
1.00531, 2.32478, 0.330245
1.06814, 2.32478, 0.316251
1.13097, 2.32478, 0.30296
1.19381, 2.32478, 0.2903
1.25664, 2.32478, 0.278207
1.31947, 2.32478, 0.26662
1.3823, 2.32478, 0.255481
1.44513, 2.32478, 0.244739
1.50796, 2.32478, 0.234345
1.5708, 2.32478, 0.224253
1.63363, 2.32478, 0.214424
1.69646, 2.32478, 0.204819
1.75929, 2.32478, 0.195405
1.82212, 2.32478, 0.186149
1.88496, 2.32478, 0.177025
1.94779, 2.32478, 0.168008
2.01062, 2.32478, 0.159074
2.07345, 2.32478, 0.150204
2.13628, 2.32478, 0.141381
2.19911, 2.32478, 0.13259
2.26195, 2.32478, 0.123818
2.32478, 2.32478, 0.115055
2.38761, 2.32478, 0.106292
2.45044, 2.32478, 0.0975224
2.51327, 2.32478, 0.0887402
2.57611, 2.32478, 0.079942
2.63894, 2.32478, 0.0711256
2.70177, 2.32478, 0.0622897
2.7646, 2.32478, 0.0534345
2.82743, 2.32478, 0.0445608
2.89027, 2.32478, 0.0356704
2.9531, 2.32478, 0.0267659
3.01593, 2.32478, 0.0178503
3.07876, 2.32478, 0.00892711
0.0628319, 2.38761, 0.647214
0.125664, 2.38761, 0.612399
0.188496, 2.38761, 0.579931
0.251327, 2.38761, 0.549645
0.314159, 2.38761, 0.521387
0.376991, 2.38761, 0.495013
0.439823, 2.38761, 0.470383
0.502655, 2.38761, 0.447369
0.565487, 2.38761, 0.425848
0.628319, 2.38761, 0.405704
0.69115, 2.38761, 0.386828
0.753982, 2.38761, 0.369119
0.816814, 2.38761, 0.352478
0.879646, 2.38761, 0.336816
0.942478, 2.38761, 0.322047
1.00531, 2.38761, 0.308092
1.06814, 2.38761, 0.294874
1.13097, 2.38761, 0.282324
1.19381, 2.38761, 0.270376
1.25664, 2.38761, 0.258969
1.31947, 2.38761, 0.248045
1.3823, 2.38761, 0.237552
1.44513, 2.38761, 0.227441
1.50796, 2.38761, 0.217666
1.5708, 2.38761, 0.208185
1.63363, 2.38761, 0.198959
1.69646, 2.38761, 0.189954
1.75929, 2.38761, 0.181137
1.82212, 2.38761, 0.172478
1.88496, 2.38761, 0.163952
1.94779, 2.38761, 0.155535
2.01062, 2.38761, 0.147206
2.07345, 2.38761, 0.138945
2.13628, 2.38761, 0.130736
2.19911, 2.38761, 0.122566
2.26195, 2.38761, 0.114421
2.32478, 2.38761, 0.106292
2.38761, 2.38761, 0.0981701
2.45044, 2.38761, 0.0900477
2.51327, 2.38761, 0.08192
2.57611, 2.38761, 0.0737829
2.63894, 2.38761, 0.0656336
2.70177, 2.38761, 0.0574707
2.7646, 2.38761, 0.0492936
2.82743, 2.38761, 0.0411027
2.89027, 2.38761, 0.0328991
2.9531, 2.38761, 0.0246846
3.01593, 2.38761, 0.0164614
3.07876, 2.38761, 0.00823221
0.0628319, 2.45044, 0.602536
0.125664, 2.45044, 0.569993
0.188496, 2.45044, 0.539636
0.251327, 2.45044, 0.511312
0.314159, 2.45044, 0.48488
0.376991, 2.45044, 0.460203
0.439823, 2.45044, 0.437154
0.502655, 2.45044, 0.415612
0.565487, 2.45044, 0.395465
0.628319, 2.45044, 0.376604
0.69115, 2.45044, 0.358929
0.753982, 2.45044, 0.342345
0.816814, 2.45044, 0.326761
0.879646, 2.45044, 0.312095
0.942478, 2.45044, 0.298266
1.00531, 2.45044, 0.2852
1.06814, 2.45044, 0.272829
1.13097, 2.45044, 0.261086
1.19381, 2.45044, 0.24991
1.25664, 2.45044, 0.239246
1.31947, 2.45044, 0.229039
1.3823, 2.45044, 0.219242
1.44513, 2.45044, 0.209807
1.50796, 2.45044, 0.200693
1.5708, 2.45044, 0.19186
1.63363, 2.45044, 0.183274
1.69646, 2.45044, 0.1749
1.75929, 2.45044, 0.166709
1.82212, 2.45044, 0.158675
1.88496, 2.45044, 0.150771
1.94779, 2.45044, 0.142975
2.01062, 2.45044, 0.135269
2.07345, 2.45044, 0.127633
2.13628, 2.45044, 0.120054
2.19911, 2.45044, 0.112516
2.26195, 2.45044, 0.105009
2.32478, 2.45044, 0.0975224
2.38761, 2.45044, 0.0900477
2.45044, 2.45044, 0.0825785
2.51327, 2.45044, 0.0751092
2.57611, 2.45044, 0.0676358
2.63894, 2.45044, 0.0601553
2.70177, 2.45044, 0.0526659
2.7646, 2.45044, 0.0451666
2.82743, 2.45044, 0.0376573
2.89027, 2.45044, 0.0301387
2.9531, 2.45044, 0.0226118
3.01593, 2.45044, 0.0150784
3.07876, 2.45044, 0.00754037
0.0628319, 2.51327, 0.555511
0.125664, 2.51327, 0.525401
0.188496, 2.51327, 0.497307
0.251327, 2.51327, 0.471089
0.314159, 2.51327, 0.446617
0.376991, 2.51327, 0.423765
0.439823, 2.51327, 0.402417
0.502655, 2.51327, 0.382462
0.565487, 2.51327, 0.363795
0.628319, 2.51327, 0.346319
0.69115, 2.51327, 0.329939
0.753982, 2.51327, 0.314569
0.816814, 2.51327, 0.300127
0.879646, 2.51327, 0.286535
0.942478, 2.51327, 0.27372
1.00531, 2.51327, 0.261615
1.06814, 2.51327, 0.250155
1.13097, 2.51327, 0.23928
1.19381, 2.51327, 0.228934
1.25664, 2.51327, 0.219065
1.31947, 2.51327, 0.209625
1.3823, 2.51327, 0.200568
1.44513, 2.51327, 0.191852
1.50796, 2.51327, 0.183438
1.5708, 2.51327, 0.17529
1.63363, 2.51327, 0.167375
1.69646, 2.51327, 0.159663
1.75929, 2.51327, 0.152127
1.82212, 2.51327, 0.14474
1.88496, 2.51327, 0.13748
1.94779, 2.51327, 0.130326
2.01062, 2.51327, 0.123261
2.07345, 2.51327, 0.116266
2.13628, 2.51327, 0.109329
2.19911, 2.51327, 0.102436
2.26195, 2.51327, 0.0955762
2.32478, 2.51327, 0.0887402
2.38761, 2.51327, 0.08192
2.45044, 2.51327, 0.0751092
2.51327, 2.51327, 0.0683024
2.57611, 2.51327, 0.0614956
2.63894, 2.51327, 0.0546858
2.70177, 2.51327, 0.0478708
2.7646, 2.51327, 0.0410495
2.82743, 2.51327, 0.0342213
2.89027, 2.51327, 0.0273865
2.9531, 2.51327, 0.0205456
3.01593, 2.51327, 0.0137
3.07876, 2.51327, 0.00685086
0.0628319, 2.57611, 0.506324
0.125664, 2.57611, 0.478793
0.188496, 2.57611, 0.453101
0.251327, 2.57611, 0.429121
0.314159, 2.57611, 0.406733
0.376991, 2.57611, 0.385824
0.439823, 2.57611, 0.366288
0.502655, 2.57611, 0.348023
0.565487, 2.57611, 0.330936
0.628319, 2.57611, 0.314936
0.69115, 2.57611, 0.29994
0.753982, 2.57611, 0.285867
0.816814, 2.57611, 0.272643
0.879646, 2.57611, 0.260198
0.942478, 2.57611, 0.248466
1.00531, 2.57611, 0.237384
1.06814, 2.57611, 0.226895
1.13097, 2.57611, 0.216944
1.19381, 2.57611, 0.20748
1.25664, 2.57611, 0.198456
1.31947, 2.57611, 0.189828
1.3823, 2.57611, 0.181553
1.44513, 2.57611, 0.173595
1.50796, 2.57611, 0.165917
1.5708, 2.57611, 0.158486
1.63363, 2.57611, 0.151274
1.69646, 2.57611, 0.144252
1.75929, 2.57611, 0.137394
1.82212, 2.57611, 0.130678
1.88496, 2.57611, 0.124083
1.94779, 2.57611, 0.117589
2.01062, 2.57611, 0.111181
2.07345, 2.57611, 0.104842
2.13628, 2.57611, 0.09856
2.19911, 2.57611, 0.0923225
2.26195, 2.57611, 0.0861194
2.32478, 2.57611, 0.079942
2.38761, 2.57611, 0.0737829
2.45044, 2.57611, 0.0676358
2.51327, 2.57611, 0.0614956
2.57611, 2.57611, 0.0553585
2.63894, 2.57611, 0.0492214
2.70177, 2.57611, 0.0430821
2.7646, 2.57611, 0.0369392
2.82743, 2.57611, 0.0307919
2.89027, 2.57611, 0.0246402
2.9531, 2.57611, 0.0184843
3.01593, 2.57611, 0.0123249
3.07876, 2.57611, 0.00616311
0.0628319, 2.63894, 0.455163
0.125664, 2.63894, 0.430347
0.188496, 2.63894, 0.407184
0.251327, 2.63894, 0.385561
0.314159, 2.63894, 0.36537
0.376991, 2.63894, 0.34651
0.439823, 2.63894, 0.328886
0.502655, 2.63894, 0.312407
0.565487, 2.63894, 0.296989
0.628319, 2.63894, 0.28255
0.69115, 2.63894, 0.269016
0.753982, 2.63894, 0.256315
0.816814, 2.63894, 0.24438
0.879646, 2.63894, 0.233148
0.942478, 2.63894, 0.22256
1.00531, 2.63894, 0.212561
1.06814, 2.63894, 0.203097
1.13097, 2.63894, 0.194121
1.19381, 2.63894, 0.185587
1.25664, 2.63894, 0.177452
1.31947, 2.63894, 0.169676
1.3823, 2.63894, 0.162222
1.44513, 2.63894, 0.155057
1.50796, 2.63894, 0.148148
1.5708, 2.63894, 0.141465
1.63363, 2.63894, 0.134983
1.69646, 2.63894, 0.128675
1.75929, 2.63894, 0.122519
1.82212, 2.63894, 0.116495
1.88496, 2.63894, 0.110584
1.94779, 2.63894, 0.104767
2.01062, 2.63894, 0.0990312
2.07345, 2.63894, 0.0933616
2.13628, 2.63894, 0.0877462
2.19911, 2.63894, 0.0821744
2.26195, 2.63894, 0.0766369
2.32478, 2.63894, 0.0711256
2.38761, 2.63894, 0.0656336
2.45044, 2.63894, 0.0601553
2.51327, 2.63894, 0.0546858
2.57611, 2.63894, 0.0492214
2.63894, 2.63894, 0.0437592
2.70177, 2.63894, 0.0382969
2.7646, 2.63894, 0.0328332
2.82743, 2.63894, 0.027367
2.89027, 2.63894, 0.0218981
2.9531, 2.63894, 0.0164264
3.01593, 2.63894, 0.0109524
3.07876, 2.63894, 0.00547664
0.0628319, 2.70177, 0.402229
0.125664, 2.70177, 0.380247
0.188496, 2.70177, 0.359727
0.251327, 2.70177, 0.340568
0.314159, 2.70177, 0.322676
0.376991, 2.70177, 0.305961
0.439823, 2.70177, 0.290339
0.502655, 2.70177, 0.275731
0.565487, 2.70177, 0.262062
0.628319, 2.70177, 0.24926
0.69115, 2.70177, 0.237259
0.753982, 2.70177, 0.225997
0.816814, 2.70177, 0.215414
0.879646, 2.70177, 0.205455
0.942478, 2.70177, 0.196067
1.00531, 2.70177, 0.187201
1.06814, 2.70177, 0.178812
1.13097, 2.70177, 0.170857
1.19381, 2.70177, 0.163294
1.25664, 2.70177, 0.156088
1.31947, 2.70177, 0.149202
1.3823, 2.70177, 0.142603
1.44513, 2.70177, 0.136263
1.50796, 2.70177, 0.130152
1.5708, 2.70177, 0.124244
1.63363, 2.70177, 0.118516
1.69646, 2.70177, 0.112946
1.75929, 2.70177, 0.107513
1.82212, 2.70177, 0.1022
1.88496, 2.70177, 0.0969889
1.94779, 2.70177, 0.0918651
2.01062, 2.70177, 0.0868151
2.07345, 2.70177, 0.0818266
2.13628, 2.70177, 0.0768887
2.19911, 2.70177, 0.071992
2.26195, 2.70177, 0.0671281
2.32478, 2.70177, 0.0622897
2.38761, 2.70177, 0.0574707
2.45044, 2.70177, 0.0526659
2.51327, 2.70177, 0.0478708
2.57611, 2.70177, 0.0430821
2.63894, 2.70177, 0.0382969
2.70177, 2.70177, 0.0335132
2.7646, 2.70177, 0.0287295
2.82743, 2.70177, 0.0239449
2.89027, 2.70177, 0.0191587
2.9531, 2.70177, 0.0143708
3.01593, 2.70177, 0.00958151
3.07876, 2.70177, 0.00479105
0.0628319, 2.7646, 0.347727
0.125664, 2.7646, 0.328686
0.188496, 2.7646, 0.310908
0.251327, 2.7646, 0.294308
0.314159, 2.7646, 0.278804
0.376991, 2.7646, 0.264318
0.439823, 2.7646, 0.250779
0.502655, 2.7646, 0.238117
0.565487, 2.7646, 0.226267
0.628319, 2.7646, 0.215169
0.69115, 2.7646, 0.204764
0.753982, 2.7646, 0.195
0.816814, 2.7646, 0.185824
0.879646, 2.7646, 0.177189
0.942478, 2.7646, 0.169051
1.00531, 2.7646, 0.161365
1.06814, 2.7646, 0.154094
1.13097, 2.7646, 0.147199
1.19381, 2.7646, 0.140646
1.25664, 2.7646, 0.134403
1.31947, 2.7646, 0.128439
1.3823, 2.7646, 0.122727
1.44513, 2.7646, 0.117239
1.50796, 2.7646, 0.111952
1.5708, 2.7646, 0.106843
1.63363, 2.7646, 0.101892
1.69646, 2.7646, 0.0970796
1.75929, 2.7646, 0.0923883
1.82212, 2.7646, 0.0878022
1.88496, 2.7646, 0.0833069
1.94779, 2.7646, 0.0788892
2.01062, 2.7646, 0.0745374
2.07345, 2.7646, 0.0702408
2.13628, 2.7646, 0.06599
2.19911, 2.7646, 0.0617768
2.26195, 2.7646, 0.0575937
2.32478, 2.7646, 0.0534345
2.38761, 2.7646, 0.0492936
2.45044, 2.7646, 0.0451666
2.51327, 2.7646, 0.0410495
2.57611, 2.7646, 0.0369392
2.63894, 2.7646, 0.0328332
2.70177, 2.7646, 0.0287295
2.7646, 2.7646, 0.0246269
2.82743, 2.7646, 0.0205242
2.89027, 2.7646, 0.0164209
2.9531, 2.7646, 0.0123168
3.01593, 2.7646, 0.00821176
3.07876, 2.7646, 0.00410607
0.0628319, 2.82743, 0.291869
0.125664, 2.82743, 0.27586
0.188496, 2.82743, 0.260912
0.251327, 2.82743, 0.246952
0.314159, 2.82743, 0.233913
0.376991, 2.82743, 0.22173
0.439823, 2.82743, 0.210341
0.502655, 2.82743, 0.199689
0.565487, 2.82743, 0.18972
0.628319, 2.82743, 0.180383
0.69115, 2.82743, 0.171629
0.753982, 2.82743, 0.163414
0.816814, 2.82743, 0.155693
0.879646, 2.82743, 0.148428
0.942478, 2.82743, 0.141581
1.00531, 2.82743, 0.135115
1.06814, 2.82743, 0.128998
1.13097, 2.82743, 0.123199
1.19381, 2.82743, 0.117689
1.25664, 2.82743, 0.112439
1.31947, 2.82743, 0.107426
1.3823, 2.82743, 0.102625
1.44513, 2.82743, 0.0980143
1.50796, 2.82743, 0.0935738
1.5708, 2.82743, 0.0892846
1.63363, 2.82743, 0.0851293
1.69646, 2.82743, 0.0810919
1.75929, 2.82743, 0.0771578
1.82212, 2.82743, 0.0733136
1.88496, 2.82743, 0.0695471
1.94779, 2.82743, 0.0658474
2.01062, 2.82743, 0.0622044
2.07345, 2.82743, 0.0586092
2.13628, 2.82743, 0.0550538
2.19911, 2.82743, 0.0515313
2.26195, 2.82743, 0.0480354
2.32478, 2.82743, 0.0445608
2.38761, 2.82743, 0.0411027
2.45044, 2.82743, 0.0376573
2.51327, 2.82743, 0.0342213
2.57611, 2.82743, 0.0307919
2.63894, 2.82743, 0.027367
2.70177, 2.82743, 0.0239449
2.7646, 2.82743, 0.0205242
2.82743, 2.82743, 0.0171041
2.89027, 2.82743, 0.013684
2.9531, 2.82743, 0.0102636
3.01593, 2.82743, 0.00684269
3.07876, 2.82743, 0.00342145
0.0628319, 2.89027, 0.234873
0.125664, 2.89027, 0.221973
0.188496, 2.89027, 0.209927
0.251327, 2.89027, 0.198676
0.314159, 2.89027, 0.188167
0.376991, 2.89027, 0.178347
0.439823, 2.89027, 0.169166
0.502655, 2.89027, 0.160579
0.565487, 2.89027, 0.152542
0.628319, 2.89027, 0.145014
0.69115, 2.89027, 0.137956
0.753982, 2.89027, 0.131332
0.816814, 2.89027, 0.125108
0.879646, 2.89027, 0.11925
0.942478, 2.89027, 0.113729
1.00531, 2.89027, 0.108516
1.06814, 2.89027, 0.103585
1.13097, 2.89027, 0.0989107
1.19381, 2.89027, 0.0944693
1.25664, 2.89027, 0.0902392
1.31947, 2.89027, 0.0862
1.3823, 2.89027, 0.0823327
1.44513, 2.89027, 0.0786197
1.50796, 2.89027, 0.0750445
1.5708, 2.89027, 0.0715921
1.63363, 2.89027, 0.0682485
1.69646, 2.89027, 0.0650009
1.75929, 2.89027, 0.0618374
1.82212, 2.89027, 0.0587472
1.88496, 2.89027, 0.0557207
1.94779, 2.89027, 0.0527488
2.01062, 2.89027, 0.0498235
2.07345, 2.89027, 0.0469376
2.13628, 2.89027, 0.0440848
2.19911, 2.89027, 0.0412592
2.26195, 2.89027, 0.0384558
2.32478, 2.89027, 0.0356704
2.38761, 2.89027, 0.0328991
2.45044, 2.89027, 0.0301387
2.51327, 2.89027, 0.0273865
2.57611, 2.89027, 0.0246402
2.63894, 2.89027, 0.0218981
2.70177, 2.89027, 0.0191587
2.7646, 2.89027, 0.0164209
2.82743, 2.89027, 0.013684
2.89027, 2.89027, 0.0109474
2.9531, 2.89027, 0.00821076
3.01593, 2.89027, 0.00547399
3.07876, 2.89027, 0.00273705
0.0628319, 2.9531, 0.176961
0.125664, 2.9531, 0.167232
0.188496, 2.9531, 0.158146
0.251327, 2.9531, 0.14966
0.314159, 2.9531, 0.141732
0.376991, 2.9531, 0.134324
0.439823, 2.9531, 0.127397
0.502655, 2.9531, 0.120919
0.565487, 2.9531, 0.114855
0.628319, 2.9531, 0.109175
0.69115, 2.9531, 0.10385
0.753982, 2.9531, 0.0988514
0.816814, 2.9531, 0.0941544
0.879646, 2.9531, 0.0897345
0.942478, 2.9531, 0.0855688
1.00531, 2.9531, 0.0816359
1.06814, 2.9531, 0.0779156
1.13097, 2.9531, 0.0743891
1.19381, 2.9531, 0.0710388
1.25664, 2.9531, 0.0678483
1.31947, 2.9531, 0.0648022
1.3823, 2.9531, 0.0618862
1.44513, 2.9531, 0.0590871
1.50796, 2.9531, 0.0563924
1.5708, 2.9531, 0.0537908
1.63363, 2.9531, 0.0512718
1.69646, 2.9531, 0.0488257
1.75929, 2.9531, 0.0464435
1.82212, 2.9531, 0.0441173
1.88496, 2.9531, 0.0418395
1.94779, 2.9531, 0.0396035
2.01062, 2.9531, 0.0374032
2.07345, 2.9531, 0.0352331
2.13628, 2.9531, 0.0330884
2.19911, 2.9531, 0.0309647
2.26195, 2.9531, 0.0288584
2.32478, 2.9531, 0.0267659
2.38761, 2.9531, 0.0246846
2.45044, 2.9531, 0.0226118
2.51327, 2.9531, 0.0205456
2.57611, 2.9531, 0.0184843
2.63894, 2.9531, 0.0164264
2.70177, 2.9531, 0.0143708
2.7646, 2.9531, 0.0123168
2.82743, 2.9531, 0.0102636
2.89027, 2.9531, 0.00821076
2.9531, 2.9531, 0.00615811
3.01593, 2.9531, 0.00410546
3.07876, 2.9531, 0.00205275
0.0628319, 3.01593, 0.118359
0.125664, 3.01593, 0.111847
0.188496, 3.01593, 0.105765
0.251327, 3.01593, 0.100085
0.314159, 3.01593, 0.0947776
0.376991, 3.01593, 0.0898181
0.439823, 3.01593, 0.0851813
0.502655, 3.01593, 0.080844
0.565487, 3.01593, 0.0767842
0.628319, 3.01593, 0.0729813
0.69115, 3.01593, 0.0694157
0.753982, 3.01593, 0.0660691
0.816814, 3.01593, 0.0629243
0.879646, 3.01593, 0.059965
0.942478, 3.01593, 0.0571759
1.00531, 3.01593, 0.0545427
1.06814, 3.01593, 0.052052
1.13097, 3.01593, 0.0496912
1.19381, 3.01593, 0.0474486
1.25664, 3.01593, 0.045313
1.31947, 3.01593, 0.0432743
1.3823, 3.01593, 0.0413229
1.44513, 3.01593, 0.0394499
1.50796, 3.01593, 0.0376471
1.5708, 3.01593, 0.0359069
1.63363, 3.01593, 0.0342221
1.69646, 3.01593, 0.0325864
1.75929, 3.01593, 0.0309938
1.82212, 3.01593, 0.0294388
1.88496, 3.01593, 0.0279166
1.94779, 3.01593, 0.0264225
2.01062, 3.01593, 0.0249526
2.07345, 3.01593, 0.0235031
2.13628, 3.01593, 0.0220709
2.19911, 3.01593, 0.020653
2.26195, 3.01593, 0.0192469
2.32478, 3.01593, 0.0178503
2.38761, 3.01593, 0.0164614
2.45044, 3.01593, 0.0150784
2.51327, 3.01593, 0.0137
2.57611, 3.01593, 0.0123249
2.63894, 3.01593, 0.0109524
2.70177, 3.01593, 0.00958151
2.7646, 3.01593, 0.00821176
2.82743, 3.01593, 0.00684269
2.89027, 3.01593, 0.00547399
2.9531, 3.01593, 0.00410546
3.01593, 3.01593, 0.00273698
3.07876, 3.01593, 0.00136849
0.0628319, 3.07876, 0.0592952
0.125664, 3.07876, 0.0560313
0.188496, 3.07876, 0.0529831
0.251327, 3.07876, 0.0501359
0.314159, 3.07876, 0.0474759
0.376991, 3.07876, 0.0449899
0.439823, 3.07876, 0.0426657
0.502655, 3.07876, 0.0404915
0.565487, 3.07876, 0.0384565
0.628319, 3.07876, 0.0365501
0.69115, 3.07876, 0.0347627
0.753982, 3.07876, 0.0330851
0.816814, 3.07876, 0.0315087
0.879646, 3.07876, 0.0300252
0.942478, 3.07876, 0.028627
1.00531, 3.07876, 0.0273071
1.06814, 3.07876, 0.0260586
1.13097, 3.07876, 0.0248753
1.19381, 3.07876, 0.0237512
1.25664, 3.07876, 0.0226808
1.31947, 3.07876, 0.0216591
1.3823, 3.07876, 0.0206811
1.44513, 3.07876, 0.0197426
1.50796, 3.07876, 0.0188393
1.5708, 3.07876, 0.0179674
1.63363, 3.07876, 0.0171234
1.69646, 3.07876, 0.016304
1.75929, 3.07876, 0.0155064
1.82212, 3.07876, 0.0147276
1.88496, 3.07876, 0.0139654
1.94779, 3.07876, 0.0132173
2.01062, 3.07876, 0.0124815
2.07345, 3.07876, 0.0117559
2.13628, 3.07876, 0.0110391
2.19911, 3.07876, 0.0103295
2.26195, 3.07876, 0.00962588
2.32478, 3.07876, 0.00892711
2.38761, 3.07876, 0.00823221
2.45044, 3.07876, 0.00754037
2.51327, 3.07876, 0.00685086
2.57611, 3.07876, 0.00616311
2.63894, 3.07876, 0.00547664
2.70177, 3.07876, 0.00479105
2.7646, 3.07876, 0.00410607
2.82743, 3.07876, 0.00342145
2.89027, 3.07876, 0.00273705
2.9531, 3.07876, 0.00205275
3.01593, 3.07876, 0.00136849
3.07876, 3.07876, 0.000684247
