0.0628319, 0.0628319, 0.117906
0.125664, 0.0628319, 0.173022
0.188496, 0.0628319, 0.227892
0.251327, 0.0628319, 0.282272
0.314159, 0.0628319, 0.335924
0.376991, 0.0628319, 0.388611
0.439823, 0.0628319, 0.440104
0.502655, 0.0628319, 0.490178
0.565487, 0.0628319, 0.538617
0.628319, 0.0628319, 0.58521
0.69115, 0.0628319, 0.629758
0.753982, 0.0628319, 0.672066
0.816814, 0.0628319, 0.711955
0.879646, 0.0628319, 0.74925
0.942478, 0.0628319, 0.783793
1.00531, 0.0628319, 0.815434
1.06814, 0.0628319, 0.844035
1.13097, 0.0628319, 0.869474
1.19381, 0.0628319, 0.891638
1.25664, 0.0628319, 0.910432
1.31947, 0.0628319, 0.92577
1.3823, 0.0628319, 0.937584
1.44513, 0.0628319, 0.945819
1.50796, 0.0628319, 0.950434
1.5708, 0.0628319, 0.951404
1.63363, 0.0628319, 0.948718
1.69646, 0.0628319, 0.94238
1.75929, 0.0628319, 0.932409
1.82212, 0.0628319, 0.918838
1.88496, 0.0628319, 0.901716
1.94779, 0.0628319, 0.881105
2.01062, 0.0628319, 0.85708
2.07345, 0.0628319, 0.829733
2.13628, 0.0628319, 0.799166
2.19911, 0.0628319, 0.765495
2.26195, 0.0628319, 0.728851
2.32478, 0.0628319, 0.689373
2.38761, 0.0628319, 0.647213
2.45044, 0.0628319, 0.602535
2.51327, 0.0628319, 0.555511
2.57611, 0.0628319, 0.506323
2.63894, 0.0628319, 0.455163
2.70177, 0.0628319, 0.402229
2.7646, 0.0628319, 0.347727
2.82743, 0.0628319, 0.291869
2.89027, 0.0628319, 0.234873
2.9531, 0.0628319, 0.176961
3.01593, 0.0628319, 0.118359
3.07876, 0.0628319, 0.0592952
0.0628319, 0.125664, 0.173022
0.125664, 0.125664, 0.220957
0.188496, 0.125664, 0.268891
0.251327, 0.125664, 0.316583
0.314159, 0.125664, 0.363795
0.376991, 0.125664, 0.410291
0.439823, 0.125664, 0.455846
0.502655, 0.125664, 0.500238
0.565487, 0.125664, 0.543252
0.628319, 0.125664, 0.584682
0.69115, 0.125664, 0.62433
0.753982, 0.125664, 0.662006
0.816814, 0.125664, 0.697533
0.879646, 0.125664, 0.730741
0.942478, 0.125664, 0.761471
1.00531, 0.125664, 0.789578
1.06814, 0.125664, 0.814927
1.13097, 0.125664, 0.837395
1.19381, 0.125664, 0.856872
1.25664, 0.125664, 0.873262
1.31947, 0.125664, 0.886481
1.3823, 0.125664, 0.89646
1.44513, 0.125664, 0.903142
1.50796, 0.125664, 0.906486
1.5708, 0.125664, 0.906464
1.63363, 0.125664, 0.903061
1.69646, 0.125664, 0.896279
1.75929, 0.125664, 0.886131
1.82212, 0.125664, 0.872645
1.88496, 0.125664, 0.855865
1.94779, 0.125664, 0.835846
2.01062, 0.125664, 0.812656
2.07345, 0.125664, 0.786378
2.13628, 0.125664, 0.757106
2.19911, 0.125664, 0.724948
2.26195, 0.125664, 0.690022
2.32478, 0.125664, 0.652459
2.38761, 0.125664, 0.612398
2.45044, 0.125664, 0.569992
2.51327, 0.125664, 0.5254
2.57611, 0.125664, 0.478793
2.63894, 0.125664, 0.430346
2.70177, 0.125664, 0.380247
2.7646, 0.125664, 0.328685
2.82743, 0.125664, 0.27586
2.89027, 0.125664, 0.221973
2.9531, 0.125664, 0.167232
3.01593, 0.125664, 0.111847
3.07876, 0.125664, 0.0560312
0.0628319, 0.188496, 0.227892
0.125664, 0.188496, 0.268891
0.188496, 0.188496, 0.310133
0.251327, 0.188496, 0.351375
0.314159, 0.188496, 0.39238
0.376991, 0.188496, 0.432914
0.439823, 0.188496, 0.472753
0.502655, 0.188496, 0.511676
0.565487, 0.188496, 0.549471
0.628319, 0.188496, 0.585935
0.69115, 0.188496, 0.620872
0.753982, 0.188496, 0.654096
0.816814, 0.188496, 0.68543
0.879646, 0.188496, 0.714708
0.942478, 0.188496, 0.741773
1.00531, 0.188496, 0.766481
1.06814, 0.188496, 0.788699
1.13097, 0.188496, 0.808306
1.19381, 0.188496, 0.825192
1.25664, 0.188496, 0.839262
1.31947, 0.188496, 0.850432
1.3823, 0.188496, 0.858632
1.44513, 0.188496, 0.863804
1.50796, 0.188496, 0.865905
1.5708, 0.188496, 0.864904
1.63363, 0.188496, 0.860784
1.69646, 0.188496, 0.853543
1.75929, 0.188496, 0.843189
1.82212, 0.188496, 0.829747
1.88496, 0.188496, 0.813254
1.94779, 0.188496, 0.793757
2.01062, 0.188496, 0.77132
2.07345, 0.188496, 0.746017
2.13628, 0.188496, 0.717934
2.19911, 0.188496, 0.687169
2.26195, 0.188496, 0.653831
2.32478, 0.188496, 0.618042
2.38761, 0.188496, 0.579929
2.45044, 0.188496, 0.539635
2.51327, 0.188496, 0.497306
2.57611, 0.188496, 0.4531
2.63894, 0.188496, 0.407183
2.70177, 0.188496, 0.359726
2.7646, 0.188496, 0.310907
2.82743, 0.188496, 0.260911
2.89027, 0.188496, 0.209926
2.9531, 0.188496, 0.158145
3.01593, 0.188496, 0.105765
3.07876, 0.188496, 0.0529829
0.0628319, 0.251327, 0.282272
0.125664, 0.251327, 0.316583
0.188496, 0.251327, 0.351375
0.251327, 0.251327, 0.386405
0.314159, 0.251327, 0.421435
0.376991, 0.251327, 0.456233
0.439823, 0.251327, 0.490574
0.502655, 0.251327, 0.524241
0.565487, 0.251327, 0.557022
0.628319, 0.251327, 0.588716
0.69115, 0.251327, 0.619129
0.753982, 0.251327, 0.648076
0.816814, 0.251327, 0.675384
0.879646, 0.251327, 0.700887
0.942478, 0.251327, 0.724432
1.00531, 0.251327, 0.745874
1.06814, 0.251327, 0.765083
1.13097, 0.251327, 0.781938
1.19381, 0.251327, 0.79633
1.25664, 0.251327, 0.808163
1.31947, 0.251327, 0.817354
1.3823, 0.251327, 0.823832
1.44513, 0.251327, 0.827537
1.50796, 0.251327, 0.828425
1.5708, 0.251327, 0.826462
1.63363, 0.251327, 0.821629
1.69646, 0.251327, 0.813918
1.75929, 0.251327, 0.803336
1.82212, 0.251327, 0.789902
1.88496, 0.251327, 0.773645
1.94779, 0.251327, 0.754609
2.01062, 0.251327, 0.73285
2.07345, 0.251327, 0.708435
2.13628, 0.251327, 0.681443
2.19911, 0.251327, 0.651962
2.26195, 0.251327, 0.620093
2.32478, 0.251327, 0.585947
2.38761, 0.251327, 0.549643
2.45044, 0.251327, 0.511311
2.51327, 0.251327, 0.471088
2.57611, 0.251327, 0.42912
2.63894, 0.251327, 0.385559
2.70177, 0.251327, 0.340567
2.7646, 0.251327, 0.294307
2.82743, 0.251327, 0.246952
2.89027, 0.251327, 0.198676
2.9531, 0.251327, 0.149659
3.01593, 0.251327, 0.100084
3.07876, 0.251327, 0.0501357
0.0628319, 0.314159, 0.335924
0.125664, 0.314159, 0.363795
0.188496, 0.314159, 0.39238
0.251327, 0.314159, 0.421435
0.314159, 0.314159, 0.450722
0.376991, 0.314159, 0.480008
0.439823, 0.314159, 0.50907
0.502655, 0.314159, 0.537691
0.565487, 0.314159, 0.56566
0.628319, 0.314159, 0.592777
0.69115, 0.314159, 0.61885
0.753982, 0.314159, 0.643696
0.816814, 0.314159, 0.667142
0.879646, 0.314159, 0.689025
0.942478, 0.314159, 0.709192
1.00531, 0.314159, 0.727501
1.06814, 0.314159, 0.743821
1.13097, 0.314159, 0.758031
1.19381, 0.314159, 0.770026
1.25664, 0.314159, 0.779706
1.31947, 0.314159, 0.78699
1.3823, 0.314159, 0.791804
1.44513, 0.314159, 0.794088
1.50796, 0.314159, 0.793796
1.5708, 0.314159, 0.790891
1.63363, 0.314159, 0.785351
1.69646, 0.314159, 0.777166
1.75929, 0.314159, 0.766337
1.82212, 0.314159, 0.752878
1.88496, 0.314159, 0.736814
1.94779, 0.314159, 0.718184
2.01062, 0.314159, 0.697037
2.07345, 0.314159, 0.673431
2.13628, 0.314159, 0.64744
2.19911, 0.314159, 0.619143
2.26195, 0.314159, 0.588632
2.32478, 0.314159, 0.55601
2.38761, 0.314159, 0.521385
2.45044, 0.314159, 0.484878
2.51327, 0.314159, 0.446615
2.57611, 0.314159, 0.406731
2.63894, 0.314159, 0.365368
2.70177, 0.314159, 0.322674
2.7646, 0.314159, 0.278803
2.82743, 0.314159, 0.233912
2.89027, 0.314159, 0.188166
2.9531, 0.314159, 0.141731
3.01593, 0.314159, 0.0947773
3.07876, 0.314159, 0.0474757
0.0628319, 0.376991, 0.388611
0.125664, 0.376991, 0.410291
0.188496, 0.376991, 0.432914
0.251327, 0.376991, 0.456233
0.314159, 0.376991, 0.480008
0.376991, 0.376991, 0.504008
0.439823, 0.376991, 0.528009
0.502655, 0.376991, 0.551792
0.565487, 0.376991, 0.57515
0.628319, 0.376991, 0.597882
0.69115, 0.376991, 0.619798
0.753982, 0.376991, 0.640716
0.816814, 0.376991, 0.660464
0.879646, 0.376991, 0.67888
0.942478, 0.376991, 0.695811
1.00531, 0.376991, 0.711117
1.06814, 0.376991, 0.724667
1.13097, 0.376991, 0.736342
1.19381, 0.376991, 0.746034
1.25664, 0.376991, 0.753647
1.31947, 0.376991, 0.759095
1.3823, 0.376991, 0.762305
1.44513, 0.376991, 0.763216
1.50796, 0.376991, 0.761779
1.5708, 0.376991, 0.757955
1.63363, 0.376991, 0.751719
1.69646, 0.376991, 0.743057
1.75929, 0.376991, 0.731967
1.82212, 0.376991, 0.718458
1.88496, 0.376991, 0.702551
1.94779, 0.376991, 0.684277
2.01062, 0.376991, 0.663681
2.07345, 0.376991, 0.640814
2.13628, 0.376991, 0.615742
2.19911, 0.376991, 0.588537
2.26195, 0.376991, 0.559284
2.32478, 0.376991, 0.528074
2.38761, 0.376991, 0.49501
2.45044, 0.376991, 0.460201
2.51327, 0.376991, 0.423763
2.57611, 0.376991, 0.385822
2.63894, 0.376991, 0.346508
2.70177, 0.376991, 0.305959
2.7646, 0.376991, 0.264317
2.82743, 0.376991, 0.221729
2.89027, 0.376991, 0.178346
2.9531, 0.376991, 0.134323
3.01593, 0.376991, 0.0898176
3.07876, 0.376991, 0.0449897
0.0628319, 0.439823, 0.440104
0.125664, 0.439823, 0.455846
0.188496, 0.439823, 0.472753
0.251327, 0.439823, 0.490574
0.314159, 0.439823, 0.50907
0.376991, 0.439823, 0.528009
0.439823, 0.439823, 0.547164
0.502655, 0.439823, 0.566319
0.565487, 0.439823, 0.585265
0.628319, 0.439823, 0.603804
0.69115, 0.439823, 0.621745
0.753982, 0.439823, 0.638907
0.816814, 0.439823, 0.655118
0.879646, 0.439823, 0.670218
0.942478, 0.439823, 0.684055
1.00531, 0.439823, 0.696488
1.06814, 0.439823, 0.707389
1.13097, 0.439823, 0.716636
1.19381, 0.439823, 0.724123
1.25664, 0.439823, 0.729752
1.31947, 0.439823, 0.733438
1.3823, 0.439823, 0.735106
1.44513, 0.439823, 0.734693
1.50796, 0.439823, 0.732148
1.5708, 0.439823, 0.72743
1.63363, 0.439823, 0.720512
1.69646, 0.439823, 0.711376
1.75929, 0.439823, 0.700016
1.82212, 0.439823, 0.686436
1.88496, 0.439823, 0.670653
1.94779, 0.439823, 0.652694
2.01062, 0.439823, 0.632594
2.07345, 0.439823, 0.610403
2.13628, 0.439823, 0.586176
2.19911, 0.439823, 0.55998
2.26195, 0.439823, 0.531891
2.32478, 0.439823, 0.501994
2.38761, 0.439823, 0.47038
2.45044, 0.439823, 0.437151
2.51327, 0.439823, 0.402415
2.57611, 0.439823, 0.366285
2.63894, 0.439823, 0.328884
2.70177, 0.439823, 0.290337
2.7646, 0.439823, 0.250777
2.82743, 0.439823, 0.21034
2.89027, 0.439823, 0.169165
2.9531, 0.439823, 0.127397
3.01593, 0.439823, 0.0851808
3.07876, 0.439823, 0.0426654
0.0628319, 0.502655, 0.490178
0.125664, 0.502655, 0.500238
0.188496, 0.502655, 0.511676
0.251327, 0.502655, 0.524241
0.314159, 0.502655, 0.537691
0.376991, 0.502655, 0.551792
0.439823, 0.502655, 0.566319
0.502655, 0.502655, 0.581053
0.565487, 0.502655, 0.595788
0.628319, 0.502655, 0.610324
0.69115, 0.502655, 0.62447
0.753982, 0.502655, 0.638047
0.816814, 0.502655, 0.650884
0.879646, 0.502655, 0.662819
0.942478, 0.502655, 0.673702
1.00531, 0.502655, 0.683393
1.06814, 0.502655, 0.691763
1.13097, 0.502655, 0.698691
1.19381, 0.502655, 0.704069
1.25664, 0.502655, 0.707801
1.31947, 0.502655, 0.709798
1.3823, 0.502655, 0.709987
1.44513, 0.502655, 0.708301
1.50796, 0.502655, 0.704689
1.5708, 0.502655, 0.699107
1.63363, 0.502655, 0.691524
1.69646, 0.502655, 0.681919
1.75929, 0.502655, 0.670284
1.82212, 0.502655, 0.656618
1.88496, 0.502655, 0.640932
1.94779, 0.502655, 0.623249
2.01062, 0.502655, 0.6036
2.07345, 0.502655, 0.582027
2.13628, 0.502655, 0.558579
2.19911, 0.502655, 0.533316
2.26195, 0.502655, 0.506307
2.32478, 0.502655, 0.477629
2.38761, 0.502655, 0.447366
2.45044, 0.502655, 0.415609
2.51327, 0.502655, 0.382459
2.57611, 0.502655, 0.348021
2.63894, 0.502655, 0.312405
2.70177, 0.502655, 0.275729
2.7646, 0.502655, 0.238115
2.82743, 0.502655, 0.199688
2.89027, 0.502655, 0.160578
2.9531, 0.502655, 0.120918
3.01593, 0.502655, 0.0808434
3.07876, 0.502655, 0.0404912
0.0628319, 0.565487, 0.538617
0.125664, 0.565487, 0.543252
0.188496, 0.565487, 0.549471
0.251327, 0.565487, 0.557022
0.314159, 0.565487, 0.56566
0.376991, 0.565487, 0.57515
0.439823, 0.565487, 0.585265
0.502655, 0.565487, 0.595788
0.565487, 0.565487, 0.606511
0.628319, 0.565487, 0.617233
0.69115, 0.565487, 0.627766
0.753982, 0.565487, 0.637928
0.816814, 0.565487, 0.64755
0.879646, 0.565487, 0.656472
0.942478, 0.565487, 0.664542
1.00531, 0.565487, 0.67162
1.06814, 0.565487, 0.677578
1.13097, 0.565487, 0.682295
1.19381, 0.565487, 0.685663
1.25664, 0.565487, 0.687583
1.31947, 0.565487, 0.687968
1.3823, 0.565487, 0.686741
1.44513, 0.565487, 0.683837
1.50796, 0.565487, 0.6792
1.5708, 0.565487, 0.672784
1.63363, 0.565487, 0.664557
1.69646, 0.565487, 0.654494
1.75929, 0.565487, 0.642582
1.82212, 0.565487, 0.628818
1.88496, 0.565487, 0.613209
1.94779, 0.565487, 0.595771
2.01062, 0.565487, 0.576531
2.07345, 0.565487, 0.555525
2.13628, 0.565487, 0.532796
2.19911, 0.565487, 0.508398
2.26195, 0.565487, 0.482393
2.32478, 0.565487, 0.454849
2.38761, 0.565487, 0.425844
2.45044, 0.565487, 0.395461
2.51327, 0.565487, 0.363792
2.57611, 0.565487, 0.330933
2.63894, 0.565487, 0.296986
2.70177, 0.565487, 0.262059
2.7646, 0.565487, 0.226265
2.82743, 0.565487, 0.189719
2.89027, 0.565487, 0.152541
2.9531, 0.565487, 0.114854
3.01593, 0.565487, 0.0767835
3.07876, 0.565487, 0.0384561
0.0628319, 0.628319, 0.58521
0.125664, 0.628319, 0.584682
0.188496, 0.628319, 0.585935
0.251327, 0.628319, 0.588716
0.314159, 0.628319, 0.592777
0.376991, 0.628319, 0.597882
0.439823, 0.628319, 0.603804
0.502655, 0.628319, 0.610324
0.565487, 0.628319, 0.617233
0.628319, 0.628319, 0.624332
0.69115, 0.628319, 0.631431
0.753982, 0.628319, 0.638349
0.816814, 0.628319, 0.644918
0.879646, 0.628319, 0.650975
0.942478, 0.628319, 0.656372
1.00531, 0.628319, 0.660968
1.06814, 0.628319, 0.664634
1.13097, 0.628319, 0.667248
1.19381, 0.628319, 0.668703
1.25664, 0.628319, 0.6689
1.31947, 0.628319, 0.667749
1.3823, 0.628319, 0.665174
1.44513, 0.628319, 0.661106
1.50796, 0.628319, 0.655488
1.5708, 0.628319, 0.648274
1.63363, 0.628319, 0.639426
1.69646, 0.628319, 0.628918
1.75929, 0.628319, 0.616733
1.82212, 0.628319, 0.602864
1.88496, 0.628319, 0.587314
1.94779, 0.628319, 0.570095
2.01062, 0.628319, 0.551229
2.07345, 0.628319, 0.530745
2.13628, 0.628319, 0.508682
2.19911, 0.628319, 0.485088
2.26195, 0.628319, 0.460016
2.32478, 0.628319, 0.43353
2.38761, 0.628319, 0.4057
2.45044, 0.628319, 0.3766
2.51327, 0.628319, 0.346315
2.57611, 0.628319, 0.314933
2.63894, 0.628319, 0.282547
2.70177, 0.628319, 0.249257
2.7646, 0.628319, 0.215166
2.82743, 0.628319, 0.180381
2.89027, 0.628319, 0.145013
2.9531, 0.628319, 0.109174
3.01593, 0.628319, 0.0729805
3.07876, 0.628319, 0.0365497
0.0628319, 0.69115, 0.629758
0.125664, 0.69115, 0.62433
0.188496, 0.69115, 0.620872
0.251327, 0.69115, 0.619129
0.314159, 0.69115, 0.61885
0.376991, 0.69115, 0.619798
0.439823, 0.69115, 0.621745
0.502655, 0.69115, 0.62447
0.565487, 0.69115, 0.627766
0.628319, 0.69115, 0.631431
0.69115, 0.69115, 0.635276
0.753982, 0.69115, 0.639121
0.816814, 0.69115, 0.642796
0.879646, 0.69115, 0.64614
0.942478, 0.69115, 0.649004
1.00531, 0.69115, 0.651247
1.06814, 0.69115, 0.65274
1.13097, 0.69115, 0.653361
1.19381, 0.69115, 0.653002
1.25664, 0.69115, 0.651564
1.31947, 0.69115, 0.648956
1.3823, 0.69115, 0.645099
1.44513, 0.69115, 0.639925
1.50796, 0.69115, 0.633374
1.5708, 0.69115, 0.625397
1.63363, 0.69115, 0.615955
1.69646, 0.69115, 0.605018
1.75929, 0.69115, 0.592567
1.82212, 0.69115, 0.578591
1.88496, 0.69115, 0.563088
1.94779, 0.69115, 0.546067
2.01062, 0.69115, 0.527544
2.07345, 0.69115, 0.507544
2.13628, 0.69115, 0.486101
2.19911, 0.69115, 0.463255
2.26195, 0.69115, 0.439055
2.32478, 0.69115, 0.413557
2.38761, 0.69115, 0.386824
2.45044, 0.69115, 0.358925
2.51327, 0.69115, 0.329935
2.57611, 0.69115, 0.299936
2.63894, 0.69115, 0.269013
2.70177, 0.69115, 0.237257
2.7646, 0.69115, 0.204762
2.82743, 0.69115, 0.171627
2.89027, 0.69115, 0.137955
2.9531, 0.69115, 0.103848
3.01593, 0.69115, 0.0694149
3.07876, 0.69115, 0.0347623
0.0628319, 0.753982, 0.672066
0.125664, 0.753982, 0.662006
0.188496, 0.753982, 0.654096
0.251327, 0.753982, 0.648076
0.314159, 0.753982, 0.643696
0.376991, 0.753982, 0.640716
0.439823, 0.753982, 0.638907
0.502655, 0.753982, 0.638047
0.565487, 0.753982, 0.637928
0.628319, 0.753982, 0.638349
0.69115, 0.753982, 0.639121
0.753982, 0.753982, 0.640062
0.816814, 0.753982, 0.641004
0.879646, 0.753982, 0.641786
0.942478, 0.753982, 0.642257
1.00531, 0.753982, 0.642277
1.06814, 0.753982, 0.641716
1.13097, 0.753982, 0.640455
1.19381, 0.753982, 0.638382
1.25664, 0.753982, 0.635397
1.31947, 0.753982, 0.631411
1.3823, 0.753982, 0.626342
1.44513, 0.753982, 0.62012
1.50796, 0.753982, 0.612685
1.5708, 0.753982, 0.603985
1.63363, 0.753982, 0.593978
1.69646, 0.753982, 0.582633
1.75929, 0.753982, 0.569926
1.82212, 0.753982, 0.555844
1.88496, 0.753982, 0.540381
1.94779, 0.753982, 0.523541
2.01062, 0.753982, 0.505336
2.07345, 0.753982, 0.485787
2.13628, 0.753982, 0.464921
2.19911, 0.753982, 0.442775
2.26195, 0.753982, 0.419391
2.32478, 0.753982, 0.394818
2.38761, 0.753982, 0.369114
2.45044, 0.753982, 0.34234
2.51327, 0.753982, 0.314565
2.57611, 0.753982, 0.285863
2.63894, 0.753982, 0.256312
2.70177, 0.753982, 0.225994
2.7646, 0.753982, 0.194997
2.82743, 0.753982, 0.163412
2.89027, 0.753982, 0.131331
2.9531, 0.753982, 0.0988501
3.01593, 0.753982, 0.0660682
3.07876, 0.753982, 0.0330847
0.0628319, 0.816814, 0.711955
0.125664, 0.816814, 0.697533
0.188496, 0.816814, 0.68543
0.251327, 0.816814, 0.675384
0.314159, 0.816814, 0.667142
0.376991, 0.816814, 0.660464
0.439823, 0.816814, 0.655118
0.502655, 0.816814, 0.650884
0.565487, 0.816814, 0.64755
0.628319, 0.816814, 0.644918
0.69115, 0.816814, 0.642796
0.753982, 0.816814, 0.641004
0.816814, 0.816814, 0.639373
0.879646, 0.816814, 0.637741
0.942478, 0.816814, 0.63596
1.00531, 0.816814, 0.633887
1.06814, 0.816814, 0.631394
1.13097, 0.816814, 0.628359
1.19381, 0.816814, 0.624672
1.25664, 0.816814, 0.620232
1.31947, 0.816814, 0.614948
1.3823, 0.816814, 0.608737
1.44513, 0.816814, 0.601529
1.50796, 0.816814, 0.593261
1.5708, 0.816814, 0.583879
1.63363, 0.816814, 0.57334
1.69646, 0.816814, 0.561609
1.75929, 0.816814, 0.548661
1.82212, 0.816814, 0.534477
1.88496, 0.816814, 0.51905
1.94779, 0.816814, 0.502379
2.01062, 0.816814, 0.484473
2.07345, 0.816814, 0.465346
2.13628, 0.816814, 0.445023
2.19911, 0.816814, 0.423533
2.26195, 0.816814, 0.400915
2.32478, 0.816814, 0.377211
2.38761, 0.816814, 0.352473
2.45044, 0.816814, 0.326756
2.51327, 0.816814, 0.300123
2.57611, 0.816814, 0.272639
2.63894, 0.816814, 0.244377
2.70177, 0.816814, 0.215411
2.7646, 0.816814, 0.185821
2.82743, 0.816814, 0.155691
2.89027, 0.816814, 0.125106
2.9531, 0.816814, 0.094153
3.01593, 0.816814, 0.0629234
3.07876, 0.816814, 0.0315082
0.0628319, 0.879646, 0.74925
0.125664, 0.879646, 0.730741
0.188496, 0.879646, 0.714708
0.251327, 0.879646, 0.700887
0.314159, 0.879646, 0.689025
0.376991, 0.879646, 0.67888
0.439823, 0.879646, 0.670218
0.502655, 0.879646, 0.662819
0.565487, 0.879646, 0.656472
0.628319, 0.879646, 0.650975
0.69115, 0.879646, 0.64614
0.753982, 0.879646, 0.641786
0.816814, 0.879646, 0.637741
0.879646, 0.879646, 0.633847
0.942478, 0.879646, 0.629953
1.00531, 0.879646, 0.625919
1.06814, 0.879646, 0.621613
1.13097, 0.879646, 0.616916
1.19381, 0.879646, 0.611716
1.25664, 0.879646, 0.605911
1.31947, 0.879646, 0.59941
1.3823, 0.879646, 0.59213
1.44513, 0.879646, 0.583998
1.50796, 0.879646, 0.57495
1.5708, 0.879646, 0.564931
1.63363, 0.879646, 0.553894
1.69646, 0.879646, 0.541803
1.75929, 0.879646, 0.52863
1.82212, 0.879646, 0.514354
1.88496, 0.879646, 0.498963
1.94779, 0.879646, 0.482453
2.01062, 0.879646, 0.464829
2.07345, 0.879646, 0.446102
2.13628, 0.879646, 0.426291
2.19911, 0.879646, 0.405421
2.26195, 0.879646, 0.383524
2.32478, 0.879646, 0.360639
2.38761, 0.879646, 0.336811
2.45044, 0.879646, 0.31209
2.51327, 0.879646, 0.28653
2.57611, 0.879646, 0.260194
2.63894, 0.879646, 0.233145
2.70177, 0.879646, 0.205451
2.7646, 0.879646, 0.177187
2.82743, 0.879646, 0.148426
2.89027, 0.879646, 0.119248
2.9531, 0.879646, 0.089733
3.01593, 0.879646, 0.059964
3.07876, 0.879646, 0.0300247
0.0628319, 0.942478, 0.783793
0.125664, 0.942478, 0.761471
0.188496, 0.942478, 0.741773
0.251327, 0.942478, 0.724432
0.314159, 0.942478, 0.709192
0.376991, 0.942478, 0.695811
0.439823, 0.942478, 0.684055
0.502655, 0.942478, 0.673702
0.565487, 0.942478, 0.664542
0.628319, 0.942478, 0.656372
0.69115, 0.942478, 0.649004
0.753982, 0.942478, 0.642257
0.816814, 0.942478, 0.63596
0.879646, 0.942478, 0.629953
0.942478, 0.942478, 0.624087
1.00531, 0.942478, 0.618221
1.06814, 0.942478, 0.612224
1.13097, 0.942478, 0.605976
1.19381, 0.942478, 0.599364
1.25664, 0.942478, 0.592287
1.31947, 0.942478, 0.584652
1.3823, 0.942478, 0.576376
1.44513, 0.942478, 0.567384
1.50796, 0.942478, 0.55761
1.5708, 0.942478, 0.546999
1.63363, 0.942478, 0.535502
1.69646, 0.942478, 0.52308
1.75929, 0.942478, 0.509702
1.82212, 0.942478, 0.495345
1.88496, 0.942478, 0.479994
1.94779, 0.942478, 0.463642
2.01062, 0.942478, 0.446289
2.07345, 0.942478, 0.427943
2.13628, 0.942478, 0.408617
2.19911, 0.942478, 0.388334
2.26195, 0.942478, 0.367121
2.32478, 0.942478, 0.34501
2.38761, 0.942478, 0.322042
2.45044, 0.942478, 0.29826
2.51327, 0.942478, 0.273715
2.57611, 0.942478, 0.248461
2.63894, 0.942478, 0.222556
2.70177, 0.942478, 0.196063
2.7646, 0.942478, 0.169048
2.82743, 0.942478, 0.141578
2.89027, 0.942478, 0.113727
2.9531, 0.942478, 0.0855672
3.01593, 0.942478, 0.0571748
3.07876, 0.942478, 0.0286265
0.0628319, 1.00531, 0.815434
0.125664, 1.00531, 0.789578
0.188496, 1.00531, 0.766481
0.251327, 1.00531, 0.745874
0.314159, 1.00531, 0.727501
0.376991, 1.00531, 0.711117
0.439823, 1.00531, 0.696488
0.502655, 1.00531, 0.683393
0.565487, 1.00531, 0.67162
0.628319, 1.00531, 0.660968
0.69115, 1.00531, 0.651247
0.753982, 1.00531, 0.642277
0.816814, 1.00531, 0.633887
0.879646, 1.00531, 0.625919
0.942478, 1.00531, 0.618221
1.00531, 1.00531, 0.610654
1.06814, 1.00531, 0.603087
1.13097, 1.00531, 0.595398
1.19381, 1.00531, 0.587477
1.25664, 1.00531, 0.579221
1.31947, 1.00531, 0.570535
1.3823, 1.00531, 0.561337
1.44513, 1.00531, 0.55155
1.50796, 1.00531, 0.541108
1.5708, 1.00531, 0.529953
1.63363, 1.00531, 0.518035
1.69646, 1.00531, 0.505313
1.75929, 1.00531, 0.491753
1.82212, 1.00531, 0.47733
1.88496, 1.00531, 0.462026
1.94779, 1.00531, 0.445831
2.01062, 1.00531, 0.428742
2.07345, 1.00531, 0.410762
2.13628, 1.00531, 0.391902
2.19911, 1.00531, 0.372178
2.26195, 1.00531, 0.351614
2.32478, 1.00531, 0.330239
2.38761, 1.00531, 0.308086
2.45044, 1.00531, 0.285195
2.51327, 1.00531, 0.26161
2.57611, 1.00531, 0.237379
2.63894, 1.00531, 0.212557
2.70177, 1.00531, 0.187198
2.7646, 1.00531, 0.161362
2.82743, 1.00531, 0.135112
2.89027, 1.00531, 0.108514
2.9531, 1.00531, 0.0816342
3.01593, 1.00531, 0.0545416
3.07876, 1.00531, 0.0273065
0.0628319, 1.06814, 0.844035
0.125664, 1.06814, 0.814927
0.188496, 1.06814, 0.788699
0.251327, 1.06814, 0.765083
0.314159, 1.06814, 0.743821
0.376991, 1.06814, 0.724667
0.439823, 1.06814, 0.707389
0.502655, 1.06814, 0.691763
0.565487, 1.06814, 0.677578
0.628319, 1.06814, 0.664634
0.69115, 1.06814, 0.65274
0.753982, 1.06814, 0.641716
0.816814, 1.06814, 0.631394
0.879646, 1.06814, 0.621613
0.942478, 1.06814, 0.612224
1.00531, 1.06814, 0.603087
1.06814, 1.06814, 0.59407
1.13097, 1.06814, 0.585054
1.19381, 1.06814, 0.575926
1.25664, 1.06814, 0.566583
1.31947, 1.06814, 0.556931
1.3823, 1.06814, 0.546886
1.44513, 1.06814, 0.536372
1.50796, 1.06814, 0.525319
1.5708, 1.06814, 0.51367
1.63363, 1.06814, 0.501372
1.69646, 1.06814, 0.488383
1.75929, 1.06814, 0.474667
1.82212, 1.06814, 0.460196
1.88496, 1.06814, 0.44495
1.94779, 1.06814, 0.428915
2.01062, 1.06814, 0.412086
2.07345, 1.06814, 0.394461
2.13628, 1.06814, 0.37605
2.19911, 1.06814, 0.356863
2.26195, 1.06814, 0.33692
2.32478, 1.06814, 0.316245
2.38761, 1.06814, 0.294868
2.45044, 1.06814, 0.272823
2.51327, 1.06814, 0.250149
2.57611, 1.06814, 0.22689
2.63894, 1.06814, 0.203093
2.70177, 1.06814, 0.178808
2.7646, 1.06814, 0.15409
2.82743, 1.06814, 0.128996
2.89027, 1.06814, 0.103583
2.9531, 1.06814, 0.0779139
3.01593, 1.06814, 0.0520509
3.07876, 1.06814, 0.026058
0.0628319, 1.13097, 0.869474
0.125664, 1.13097, 0.837395
0.188496, 1.13097, 0.808306
0.251327, 1.13097, 0.781938
0.314159, 1.13097, 0.758031
0.376991, 1.13097, 0.736342
0.439823, 1.13097, 0.716636
0.502655, 1.13097, 0.698691
0.565487, 1.13097, 0.682295
0.628319, 1.13097, 0.667248
0.69115, 1.13097, 0.653361
0.753982, 1.13097, 0.640455
0.816814, 1.13097, 0.628359
0.879646, 1.13097, 0.616916
0.942478, 1.13097, 0.605976
1.00531, 1.13097, 0.595398
1.06814, 1.13097, 0.585054
1.13097, 1.13097, 0.574822
1.19381, 1.13097, 0.564589
1.25664, 1.13097, 0.554254
1.31947, 1.13097, 0.543721
1.3823, 1.13097, 0.532906
1.44513, 1.13097, 0.521731
1.50796, 1.13097, 0.510127
1.5708, 1.13097, 0.498035
1.63363, 1.13097, 0.485401
1.69646, 1.13097, 0.47218
1.75929, 1.13097, 0.458336
1.82212, 1.13097, 0.443837
1.88496, 1.13097, 0.428662
1.94779, 1.13097, 0.412794
2.01062, 1.13097, 0.396224
2.07345, 1.13097, 0.378949
2.13628, 1.13097, 0.360972
2.19911, 1.13097, 0.342303
2.26195, 1.13097, 0.322957
2.32478, 1.13097, 0.302953
2.38761, 1.13097, 0.282317
2.45044, 1.13097, 0.26108
2.51327, 1.13097, 0.239274
2.57611, 1.13097, 0.216939
2.63894, 1.13097, 0.194117
2.70177, 1.13097, 0.170853
2.7646, 1.13097, 0.147196
2.82743, 1.13097, 0.123196
2.89027, 1.13097, 0.0989084
2.9531, 1.13097, 0.0743873
3.01593, 1.13097, 0.0496901
3.07876, 1.13097, 0.0248747
0.0628319, 1.19381, 0.891638
0.125664, 1.19381, 0.856872
0.188496, 1.19381, 0.825192
0.251327, 1.19381, 0.79633
0.314159, 1.19381, 0.770026
0.376991, 1.19381, 0.746034
0.439823, 1.19381, 0.724123
0.502655, 1.19381, 0.704069
0.565487, 1.19381, 0.685663
0.628319, 1.19381, 0.668703
0.69115, 1.19381, 0.653002
0.753982, 1.19381, 0.638382
0.816814, 1.19381, 0.624672
0.879646, 1.19381, 0.611716
0.942478, 1.19381, 0.599364
1.00531, 1.19381, 0.587477
1.06814, 1.19381, 0.575926
1.13097, 1.19381, 0.564589
1.19381, 1.19381, 0.553355
1.25664, 1.19381, 0.542121
1.31947, 1.19381, 0.530793
1.3823, 1.19381, 0.519285
1.44513, 1.19381, 0.507518
1.50796, 1.19381, 0.495425
1.5708, 1.19381, 0.482942
1.63363, 1.19381, 0.470016
1.69646, 1.19381, 0.456602
1.75929, 1.19381, 0.442659
1.82212, 1.19381, 0.428155
1.88496, 1.19381, 0.413067
1.94779, 1.19381, 0.397374
2.01062, 1.19381, 0.381067
2.07345, 1.19381, 0.364137
2.13628, 1.19381, 0.346587
2.19911, 1.19381, 0.328421
2.26195, 1.19381, 0.309651
2.32478, 1.19381, 0.290294
2.38761, 1.19381, 0.270369
2.45044, 1.19381, 0.249904
2.51327, 1.19381, 0.228928
2.57611, 1.19381, 0.207475
2.63894, 1.19381, 0.185582
2.70177, 1.19381, 0.16329
2.7646, 1.19381, 0.140643
2.82743, 1.19381, 0.117686
2.89027, 1.19381, 0.0944669
2.9531, 1.19381, 0.071037
3.01593, 1.19381, 0.0474474
3.07876, 1.19381, 0.0237505
0.0628319, 1.25664, 0.910432
0.125664, 1.25664, 0.873262
0.188496, 1.25664, 0.839262
0.251327, 1.25664, 0.808163
0.314159, 1.25664, 0.779706
0.376991, 1.25664, 0.753647
0.439823, 1.25664, 0.729752
0.502655, 1.25664, 0.707801
0.565487, 1.25664, 0.687583
0.628319, 1.25664, 0.6689
0.69115, 1.25664, 0.651564
0.753982, 1.25664, 0.635397
0.816814, 1.25664, 0.620232
0.879646, 1.25664, 0.605911
0.942478, 1.25664, 0.592287
1.00531, 1.25664, 0.579221
1.06814, 1.25664, 0.566583
1.13097, 1.25664, 0.554254
1.19381, 1.25664, 0.542121
1.25664, 1.25664, 0.530083
1.31947, 1.25664, 0.518045
1.3823, 1.25664, 0.505921
1.44513, 1.25664, 0.493633
1.50796, 1.25664, 0.48111
1.5708, 1.25664, 0.468291
1.63363, 1.25664, 0.455121
1.69646, 1.25664, 0.441551
1.75929, 1.25664, 0.427541
1.82212, 1.25664, 0.413058
1.88496, 1.25664, 0.398075
1.94779, 1.25664, 0.382571
2.01062, 1.25664, 0.366531
2.07345, 1.25664, 0.349947
2.13628, 1.25664, 0.332817
2.19911, 1.25664, 0.315143
2.26195, 1.25664, 0.296933
2.32478, 1.25664, 0.2782
2.38761, 1.25664, 0.258962
2.45044, 1.25664, 0.23924
2.51327, 1.25664, 0.21906
2.57611, 1.25664, 0.198451
2.63894, 1.25664, 0.177447
2.70177, 1.25664, 0.156084
2.7646, 1.25664, 0.1344
2.82743, 1.25664, 0.112436
2.89027, 1.25664, 0.0902368
2.9531, 1.25664, 0.0678465
3.01593, 1.25664, 0.0453118
3.07876, 1.25664, 0.0226802
0.0628319, 1.31947, 0.92577
0.125664, 1.31947, 0.886481
0.188496, 1.31947, 0.850432
0.251327, 1.31947, 0.817354
0.314159, 1.31947, 0.78699
0.376991, 1.31947, 0.759095
0.439823, 1.31947, 0.733438
0.502655, 1.31947, 0.709798
0.565487, 1.31947, 0.687968
0.628319, 1.31947, 0.667749
0.69115, 1.31947, 0.648956
0.753982, 1.31947, 0.631411
0.816814, 1.31947, 0.614948
0.879646, 1.31947, 0.59941
0.942478, 1.31947, 0.584652
1.00531, 1.31947, 0.570535
1.06814, 1.31947, 0.556931
1.13097, 1.31947, 0.543721
1.19381, 1.31947, 0.530793
1.25664, 1.31947, 0.518045
1.31947, 1.31947, 0.505384
1.3823, 1.31947, 0.492722
1.44513, 1.31947, 0.479982
1.50796, 1.31947, 0.467093
1.5708, 1.31947, 0.453992
1.63363, 1.31947, 0.440624
1.69646, 1.31947, 0.42694
1.75929, 1.31947, 0.412898
1.82212, 1.31947, 0.398462
1.88496, 1.31947, 0.383604
1.94779, 1.31947, 0.368302
2.01062, 1.31947, 0.352539
2.07345, 1.31947, 0.336303
2.13628, 1.31947, 0.319591
2.19911, 1.31947, 0.302401
2.26195, 1.31947, 0.284738
2.32478, 1.31947, 0.266613
2.38761, 1.31947, 0.248038
2.45044, 1.31947, 0.229033
2.51327, 1.31947, 0.209619
2.57611, 1.31947, 0.189822
2.63894, 1.31947, 0.169671
2.70177, 1.31947, 0.149197
2.7646, 1.31947, 0.128436
2.82743, 1.31947, 0.107423
2.89027, 1.31947, 0.0861975
2.9531, 1.31947, 0.0648003
3.01593, 1.31947, 0.043273
3.07876, 1.31947, 0.0216584
0.0628319, 1.3823, 0.937584
0.125664, 1.3823, 0.89646
0.188496, 1.3823, 0.858632
0.251327, 1.3823, 0.823832
0.314159, 1.3823, 0.791804
0.376991, 1.3823, 0.762305
0.439823, 1.3823, 0.735106
0.502655, 1.3823, 0.709987
0.565487, 1.3823, 0.686741
0.628319, 1.3823, 0.665174
0.69115, 1.3823, 0.645099
0.753982, 1.3823, 0.626342
0.816814, 1.3823, 0.608737
0.879646, 1.3823, 0.59213
0.942478, 1.3823, 0.576376
1.00531, 1.3823, 0.561337
1.06814, 1.3823, 0.546886
1.13097, 1.3823, 0.532906
1.19381, 1.3823, 0.519285
1.25664, 1.3823, 0.505921
1.31947, 1.3823, 0.492722
1.3823, 1.3823, 0.4796
1.44513, 1.3823, 0.466479
1.50796, 1.3823, 0.453287
1.5708, 1.3823, 0.439961
1.63363, 1.3823, 0.426444
1.69646, 1.3823, 0.412687
1.75929, 1.3823, 0.398647
1.82212, 1.3823, 0.384287
1.88496, 1.3823, 0.369578
1.94779, 1.3823, 0.354494
2.01062, 1.3823, 0.339018
2.07345, 1.3823, 0.323137
2.13628, 1.3823, 0.306842
2.19911, 1.3823, 0.290131
2.26195, 1.3823, 0.273006
2.32478, 1.3823, 0.255474
2.38761, 1.3823, 0.237545
2.45044, 1.3823, 0.219235
2.51327, 1.3823, 0.200562
2.57611, 1.3823, 0.181548
2.63894, 1.3823, 0.162217
2.70177, 1.3823, 0.142599
2.7646, 1.3823, 0.122723
2.82743, 1.3823, 0.102622
2.89027, 1.3823, 0.0823302
2.9531, 1.3823, 0.0618843
3.01593, 1.3823, 0.0413216
3.07876, 1.3823, 0.0206805
0.0628319, 1.44513, 0.945819
0.125664, 1.44513, 0.903142
0.188496, 1.44513, 0.863804
0.251327, 1.44513, 0.827537
0.314159, 1.44513, 0.794088
0.376991, 1.44513, 0.763216
0.439823, 1.44513, 0.734693
0.502655, 1.44513, 0.708301
0.565487, 1.44513, 0.683837
0.628319, 1.44513, 0.661106
0.69115, 1.44513, 0.639925
0.753982, 1.44513, 0.62012
0.816814, 1.44513, 0.601529
0.879646, 1.44513, 0.583998
0.942478, 1.44513, 0.567384
1.00531, 1.44513, 0.55155
1.06814, 1.44513, 0.536372
1.13097, 1.44513, 0.521731
1.19381, 1.44513, 0.507518
1.25664, 1.44513, 0.493633
1.31947, 1.44513, 0.479982
1.3823, 1.44513, 0.466479
1.44513, 1.44513, 0.453047
1.50796, 1.44513, 0.439615
1.5708, 1.44513, 0.42612
1.63363, 1.44513, 0.412504
1.69646, 1.44513, 0.398717
1.75929, 1.44513, 0.384716
1.82212, 1.44513, 0.370462
1.88496, 1.44513, 0.355926
1.94779, 1.44513, 0.341079
2.01062, 1.44513, 0.325904
2.07345, 1.44513, 0.310383
2.13628, 1.44513, 0.294509
2.19911, 1.44513, 0.278275
2.26195, 1.44513, 0.261681
2.32478, 1.44513, 0.244732
2.38761, 1.44513, 0.227434
2.45044, 1.44513, 0.2098
2.51327, 1.44513, 0.191846
2.57611, 1.44513, 0.173589
2.63894, 1.44513, 0.155052
2.70177, 1.44513, 0.136258
2.7646, 1.44513, 0.117235
2.82743, 1.44513, 0.0980111
2.89027, 1.44513, 0.0786171
2.9531, 1.44513, 0.0590851
3.01593, 1.44513, 0.0394486
3.07876, 1.44513, 0.0197419
0.0628319, 1.50796, 0.950434
0.125664, 1.50796, 0.906486
0.188496, 1.50796, 0.865905
0.251327, 1.50796, 0.828425
0.314159, 1.50796, 0.793796
0.376991, 1.50796, 0.761779
0.439823, 1.50796, 0.732148
0.502655, 1.50796, 0.704689
0.565487, 1.50796, 0.6792
0.628319, 1.50796, 0.655488
0.69115, 1.50796, 0.633374
0.753982, 1.50796, 0.612685
0.816814, 1.50796, 0.593261
0.879646, 1.50796, 0.57495
0.942478, 1.50796, 0.55761
1.00531, 1.50796, 0.541108
1.06814, 1.50796, 0.525319
1.13097, 1.50796, 0.510127
1.19381, 1.50796, 0.495425
1.25664, 1.50796, 0.48111
1.31947, 1.50796, 0.467093
1.3823, 1.50796, 0.453287
1.44513, 1.50796, 0.439615
1.50796, 1.50796, 0.426007
1.5708, 1.50796, 0.412399
1.63363, 1.50796, 0.398734
1.69646, 1.50796, 0.384961
1.75929, 1.50796, 0.371036
1.82212, 1.50796, 0.356921
1.88496, 1.50796, 0.342583
1.94779, 1.50796, 0.327994
2.01062, 1.50796, 0.313133
2.07345, 1.50796, 0.297984
2.13628, 1.50796, 0.282535
2.19911, 1.50796, 0.266779
2.26195, 1.50796, 0.250712
2.32478, 1.50796, 0.234337
2.38761, 1.50796, 0.217659
2.45044, 1.50796, 0.200686
2.51327, 1.50796, 0.183432
2.57611, 1.50796, 0.165911
2.63894, 1.50796, 0.148143
2.70177, 1.50796, 0.130147
2.7646, 1.50796, 0.111948
2.82743, 1.50796, 0.0935706
2.89027, 1.50796, 0.0750419
2.9531, 1.50796, 0.0563904
3.01593, 1.50796, 0.0376458
3.07876, 1.50796, 0.0188386
0.0628319, 1.5708, 0.951404
0.125664, 1.5708, 0.906464
0.188496, 1.5708, 0.864904
0.251327, 1.5708, 0.826462
0.314159, 1.5708, 0.790891
0.376991, 1.5708, 0.757955
0.439823, 1.5708, 0.72743
0.502655, 1.5708, 0.699107
0.565487, 1.5708, 0.672784
0.628319, 1.5708, 0.648274
0.69115, 1.5708, 0.625397
0.753982, 1.5708, 0.603985
0.816814, 1.5708, 0.583879
0.879646, 1.5708, 0.564931
0.942478, 1.5708, 0.546999
1.00531, 1.5708, 0.529953
1.06814, 1.5708, 0.51367
1.13097, 1.5708, 0.498035
1.19381, 1.5708, 0.482942
1.25664, 1.5708, 0.468291
1.31947, 1.5708, 0.453992
1.3823, 1.5708, 0.439961
1.44513, 1.5708, 0.42612
1.50796, 1.5708, 0.412399
1.5708, 1.5708, 0.398736
1.63363, 1.5708, 0.385072
1.69646, 1.5708, 0.371358
1.75929, 1.5708, 0.357548
1.82212, 1.5708, 0.343603
1.88496, 1.5708, 0.32949
1.94779, 1.5708, 0.31518
2.01062, 1.5708, 0.300652
2.07345, 1.5708, 0.285886
2.13628, 1.5708, 0.270869
2.19911, 1.5708, 0.255592
2.26195, 1.5708, 0.240052
2.32478, 1.5708, 0.224246
2.38761, 1.5708, 0.208177
2.45044, 1.5708, 0.191854
2.51327, 1.5708, 0.175284
2.57611, 1.5708, 0.158481
2.63894, 1.5708, 0.14146
2.70177, 1.5708, 0.12424
2.7646, 1.5708, 0.106839
2.82743, 1.5708, 0.0892814
2.89027, 1.5708, 0.0715895
2.9531, 1.5708, 0.0537888
3.01593, 1.5708, 0.0359055
3.07876, 1.5708, 0.0179667
0.0628319, 1.63363, 0.948718
0.125664, 1.63363, 0.903061
0.188496, 1.63363, 0.860784
0.251327, 1.63363, 0.821629
0.314159, 1.63363, 0.785351
0.376991, 1.63363, 0.751719
0.439823, 1.63363, 0.720512
0.502655, 1.63363, 0.691524
0.565487, 1.63363, 0.664557
0.628319, 1.63363, 0.639426
0.69115, 1.63363, 0.615955
0.753982, 1.63363, 0.593978
0.816814, 1.63363, 0.57334
0.879646, 1.63363, 0.553894
0.942478, 1.63363, 0.535502
1.00531, 1.63363, 0.518035
1.06814, 1.63363, 0.501372
1.13097, 1.63363, 0.485401
1.19381, 1.63363, 0.470016
1.25664, 1.63363, 0.455121
1.31947, 1.63363, 0.440624
1.3823, 1.63363, 0.426444
1.44513, 1.63363, 0.412504
1.50796, 1.63363, 0.398734
1.5708, 1.63363, 0.385072
1.63363, 1.63363, 0.371461
1.69646, 1.63363, 0.35785
1.75929, 1.63363, 0.344193
1.82212, 1.63363, 0.330452
1.88496, 1.63363, 0.316593
1.94779, 1.63363, 0.302586
2.01062, 1.63363, 0.288407
2.07345, 1.63363, 0.274037
2.13628, 1.63363, 0.259462
2.19911, 1.63363, 0.244671
2.26195, 1.63363, 0.229656
2.32478, 1.63363, 0.214416
2.38761, 1.63363, 0.198952
2.45044, 1.63363, 0.183267
2.51327, 1.63363, 0.167369
2.57611, 1.63363, 0.151268
2.63894, 1.63363, 0.134978
2.70177, 1.63363, 0.118512
2.7646, 1.63363, 0.101888
2.82743, 1.63363, 0.0851261
2.89027, 1.63363, 0.0682459
2.9531, 1.63363, 0.0512698
3.01593, 1.63363, 0.0342208
3.07876, 1.63363, 0.0171227
0.0628319, 1.69646, 0.94238
0.125664, 1.69646, 0.896279
0.188496, 1.69646, 0.853543
0.251327, 1.69646, 0.813918
0.314159, 1.69646, 0.777166
0.376991, 1.69646, 0.743057
0.439823, 1.69646, 0.711376
0.502655, 1.69646, 0.681919
0.565487, 1.69646, 0.654494
0.628319, 1.69646, 0.628918
0.69115, 1.69646, 0.605018
0.753982, 1.69646, 0.582633
0.816814, 1.69646, 0.561609
0.879646, 1.69646, 0.541803
0.942478, 1.69646, 0.52308
1.00531, 1.69646, 0.505313
1.06814, 1.69646, 0.488383
1.13097, 1.69646, 0.47218
1.19381, 1.69646, 0.456602
1.25664, 1.69646, 0.441551
1.31947, 1.69646, 0.42694
1.3823, 1.69646, 0.412687
1.44513, 1.69646, 0.398717
1.50796, 1.69646, 0.384961
1.5708, 1.69646, 0.371358
1.63363, 1.69646, 0.35785
1.69646, 1.69646, 0.344387
1.75929, 1.69646, 0.330923
1.82212, 1.69646, 0.317421
1.88496, 1.69646, 0.303844
1.94779, 1.69646, 0.290163
2.01062, 1.69646, 0.276353
2.07345, 1.69646, 0.262395
2.13628, 1.69646, 0.248272
2.19911, 1.69646, 0.233971
2.26195, 1.69646, 0.219486
2.32478, 1.69646, 0.204812
2.38761, 1.69646, 0.189947
2.45044, 1.69646, 0.174894
2.51327, 1.69646, 0.159657
2.57611, 1.69646, 0.144246
2.63894, 1.69646, 0.12867
2.70177, 1.69646, 0.112942
2.7646, 1.69646, 0.0970758
2.82743, 1.69646, 0.0810887
2.89027, 1.69646, 0.0649983
2.9531, 1.69646, 0.0488237
3.01593, 1.69646, 0.0325851
3.07876, 1.69646, 0.0163034
0.0628319, 1.75929, 0.932409
0.125664, 1.75929, 0.886131
0.188496, 1.75929, 0.843189
0.251327, 1.75929, 0.803336
0.314159, 1.75929, 0.766337
0.376991, 1.75929, 0.731967
0.439823, 1.75929, 0.700016
0.502655, 1.75929, 0.670284
0.565487, 1.75929, 0.642582
0.628319, 1.75929, 0.616733
0.69115, 1.75929, 0.592567
0.753982, 1.75929, 0.569926
0.816814, 1.75929, 0.548661
0.879646, 1.75929, 0.52863
0.942478, 1.75929, 0.509702
1.00531, 1.75929, 0.491753
1.06814, 1.75929, 0.474667
1.13097, 1.75929, 0.458336
1.19381, 1.75929, 0.442659
1.25664, 1.75929, 0.427541
1.31947, 1.75929, 0.412898
1.3823, 1.75929, 0.398647
1.44513, 1.75929, 0.384716
1.50796, 1.75929, 0.371036
1.5708, 1.75929, 0.357548
1.63363, 1.75929, 0.344193
1.69646, 1.75929, 0.330923
1.75929, 1.75929, 0.317693
1.82212, 1.75929, 0.304463
1.88496, 1.75929, 0.291198
1.94779, 1.75929, 0.277868
2.01062, 1.75929, 0.264449
2.07345, 1.75929, 0.250917
2.13628, 1.75929, 0.237258
2.19911, 1.75929, 0.223457
2.26195, 1.75929, 0.209505
2.32478, 1.75929, 0.195397
2.38761, 1.75929, 0.18113
2.45044, 1.75929, 0.166703
2.51327, 1.75929, 0.152121
2.57611, 1.75929, 0.137388
2.63894, 1.75929, 0.122514
2.70177, 1.75929, 0.107509
2.7646, 1.75929, 0.0923845
2.82743, 1.75929, 0.0771546
2.89027, 1.75929, 0.0618348
2.9531, 1.75929, 0.0464416
3.01593, 1.75929, 0.0309925
3.07876, 1.75929, 0.0155057
0.0628319, 1.82212, 0.918838
0.125664, 1.82212, 0.872645
0.188496, 1.82212, 0.829747
0.251327, 1.82212, 0.789902
0.314159, 1.82212, 0.752878
0.376991, 1.82212, 0.718458
0.439823, 1.82212, 0.686436
0.502655, 1.82212, 0.656618
0.565487, 1.82212, 0.628818
0.628319, 1.82212, 0.602864
0.69115, 1.82212, 0.578591
0.753982, 1.82212, 0.555844
0.816814, 1.82212, 0.534477
0.879646, 1.82212, 0.514354
0.942478, 1.82212, 0.495345
1.00531, 1.82212, 0.47733
1.06814, 1.82212, 0.460196
1.13097, 1.82212, 0.443837
1.19381, 1.82212, 0.428155
1.25664, 1.82212, 0.413058
1.31947, 1.82212, 0.398462
1.3823, 1.82212, 0.384287
1.44513, 1.82212, 0.370462
1.50796, 1.82212, 0.356921
1.5708, 1.82212, 0.343603
1.63363, 1.82212, 0.330452
1.69646, 1.82212, 0.317421
1.75929, 1.82212, 0.304463
1.82212, 1.82212, 0.29154
1.88496, 1.82212, 0.278617
1.94779, 1.82212, 0.265664
2.01062, 1.82212, 0.252655
2.07345, 1.82212, 0.239568
2.13628, 1.82212, 0.226386
2.19911, 1.82212, 0.213094
2.26195, 1.82212, 0.199681
2.32478, 1.82212, 0.186142
2.38761, 1.82212, 0.172471
2.45044, 1.82212, 0.158668
2.51327, 1.82212, 0.144734
2.57611, 1.82212, 0.130672
2.63894, 1.82212, 0.11649
2.70177, 1.82212, 0.102196
2.7646, 1.82212, 0.0877984
2.82743, 1.82212, 0.0733104
2.89027, 1.82212, 0.0587447
2.9531, 1.82212, 0.0441154
3.01593, 1.82212, 0.0294375
3.07876, 1.82212, 0.014727
0.0628319, 1.88496, 0.901716
0.125664, 1.88496, 0.855865
0.188496, 1.88496, 0.813254
0.251327, 1.88496, 0.773645
0.314159, 1.88496, 0.736814
0.376991, 1.88496, 0.702551
0.439823, 1.88496, 0.670653
0.502655, 1.88496, 0.640932
0.565487, 1.88496, 0.613209
0.628319, 1.88496, 0.587314
0.69115, 1.88496, 0.563088
0.753982, 1.88496, 0.540381
0.816814, 1.88496, 0.51905
0.879646, 1.88496, 0.498963
0.942478, 1.88496, 0.479994
1.00531, 1.88496, 0.462026
1.06814, 1.88496, 0.44495
1.13097, 1.88496, 0.428662
1.19381, 1.88496, 0.413067
1.25664, 1.88496, 0.398075
1.31947, 1.88496, 0.383604
1.3823, 1.88496, 0.369578
1.44513, 1.88496, 0.355926
1.50796, 1.88496, 0.342583
1.5708, 1.88496, 0.32949
1.63363, 1.88496, 0.316593
1.69646, 1.88496, 0.303844
1.75929, 1.88496, 0.291198
1.82212, 1.88496, 0.278617
1.88496, 1.88496, 0.266067
1.94779, 1.88496, 0.253516
2.01062, 1.88496, 0.240939
2.07345, 1.88496, 0.228314
2.13628, 1.88496, 0.215623
2.19911, 1.88496, 0.20285
2.26195, 1.88496, 0.189985
2.32478, 1.88496, 0.177018
2.38761, 1.88496, 0.163946
2.45044, 1.88496, 0.150764
2.51327, 1.88496, 0.137474
2.57611, 1.88496, 0.124077
2.63894, 1.88496, 0.110579
2.70177, 1.88496, 0.0969846
2.7646, 1.88496, 0.0833032
2.82743, 1.88496, 0.069544
2.89027, 1.88496, 0.0557182
2.9531, 1.88496, 0.0418376
3.01593, 1.88496, 0.0279153
3.07876, 1.88496, 0.0139648
0.0628319, 1.94779, 0.881105
0.125664, 1.94779, 0.835846
0.188496, 1.94779, 0.793757
0.251327, 1.94779, 0.754609
0.314159, 1.94779, 0.718184
0.376991, 1.94779, 0.684277
0.439823, 1.94779, 0.652694
0.502655, 1.94779, 0.623249
0.565487, 1.94779, 0.595771
0.628319, 1.94779, 0.570095
0.69115, 1.94779, 0.546067
0.753982, 1.94779, 0.523541
0.816814, 1.94779, 0.502379
0.879646, 1.94779, 0.482453
0.942478, 1.94779, 0.463642
1.00531, 1.94779, 0.445831
1.06814, 1.94779, 0.428915
1.13097, 1.94779, 0.412794
1.19381, 1.94779, 0.397374
1.25664, 1.94779, 0.382571
1.31947, 1.94779, 0.368302
1.3823, 1.94779, 0.354494
1.44513, 1.94779, 0.341079
1.50796, 1.94779, 0.327994
1.5708, 1.94779, 0.31518
1.63363, 1.94779, 0.302586
1.69646, 1.94779, 0.290163
1.75929, 1.94779, 0.277868
1.82212, 1.94779, 0.265664
1.88496, 1.94779, 0.253516
1.94779, 1.94779, 0.241394
2.01062, 1.94779, 0.229271
2.07345, 1.94779, 0.217127
2.13628, 1.94779, 0.204941
2.19911, 1.94779, 0.192699
2.26195, 1.94779, 0.180389
2.32478, 1.94779, 0.168001
2.38761, 1.94779, 0.155529
2.45044, 1.94779, 0.142969
2.51327, 1.94779, 0.13032
2.57611, 1.94779, 0.117584
2.63894, 1.94779, 0.104763
2.70177, 1.94779, 0.091861
2.7646, 1.94779, 0.0788856
2.82743, 1.94779, 0.0658443
2.89027, 1.94779, 0.0527463
2.9531, 1.94779, 0.0396016
3.01593, 1.94779, 0.0264212
3.07876, 1.94779, 0.0132167
0.0628319, 2.01062, 0.85708
0.125664, 2.01062, 0.812656
0.188496, 2.01062, 0.77132
0.251327, 2.01062, 0.73285
0.314159, 2.01062, 0.697037
0.376991, 2.01062, 0.663681
0.439823, 2.01062, 0.632594
0.502655, 2.01062, 0.6036
0.565487, 2.01062, 0.576531
0.628319, 2.01062, 0.551229
0.69115, 2.01062, 0.527544
0.753982, 2.01062, 0.505336
0.816814, 2.01062, 0.484473
0.879646, 2.01062, 0.464829
0.942478, 2.01062, 0.446289
1.00531, 2.01062, 0.428742
1.06814, 2.01062, 0.412086
1.13097, 2.01062, 0.396224
1.19381, 2.01062, 0.381067
1.25664, 2.01062, 0.366531
1.31947, 2.01062, 0.352539
1.3823, 2.01062, 0.339018
1.44513, 2.01062, 0.325904
1.50796, 2.01062, 0.313133
1.5708, 2.01062, 0.300652
1.63363, 2.01062, 0.288407
1.69646, 2.01062, 0.276353
1.75929, 2.01062, 0.264449
1.82212, 2.01062, 0.252655
1.88496, 2.01062, 0.240939
1.94779, 2.01062, 0.229271
2.01062, 2.01062, 0.217626
2.07345, 2.01062, 0.20598
2.13628, 2.01062, 0.194316
2.19911, 2.01062, 0.182617
2.26195, 2.01062, 0.17087
2.32478, 2.01062, 0.159067
2.38761, 2.01062, 0.147199
2.45044, 2.01062, 0.135263
2.51327, 2.01062, 0.123255
2.57611, 2.01062, 0.111176
2.63894, 2.01062, 0.0990266
2.70177, 2.01062, 0.086811
2.7646, 2.01062, 0.0745338
2.82743, 2.01062, 0.0622014
2.89027, 2.01062, 0.0498211
2.9531, 2.01062, 0.0374014
3.01593, 2.01062, 0.0249513
3.07876, 2.01062, 0.0124808
0.0628319, 2.07345, 0.829733
0.125664, 2.07345, 0.786378
0.188496, 2.07345, 0.746017
0.251327, 2.07345, 0.708435
0.314159, 2.07345, 0.673431
0.376991, 2.07345, 0.640814
0.439823, 2.07345, 0.610403
0.502655, 2.07345, 0.582027
0.565487, 2.07345, 0.555525
0.628319, 2.07345, 0.530745
0.69115, 2.07345, 0.507544
0.753982, 2.07345, 0.485787
0.816814, 2.07345, 0.465346
0.879646, 2.07345, 0.446102
0.942478, 2.07345, 0.427943
1.00531, 2.07345, 0.410762
1.06814, 2.07345, 0.394461
1.13097, 2.07345, 0.378949
1.19381, 2.07345, 0.364137
1.25664, 2.07345, 0.349947
1.31947, 2.07345, 0.336303
1.3823, 2.07345, 0.323137
1.44513, 2.07345, 0.310383
1.50796, 2.07345, 0.297984
1.5708, 2.07345, 0.285886
1.63363, 2.07345, 0.274037
1.69646, 2.07345, 0.262395
1.75929, 2.07345, 0.250917
1.82212, 2.07345, 0.239568
1.88496, 2.07345, 0.228314
1.94779, 2.07345, 0.217127
2.01062, 2.07345, 0.20598
2.07345, 2.07345, 0.194852
2.13628, 2.07345, 0.183725
2.19911, 2.07345, 0.172581
2.26195, 2.07345, 0.161409
2.32478, 2.07345, 0.150197
2.38761, 2.07345, 0.138939
2.45044, 2.07345, 0.127628
2.51327, 2.07345, 0.116261
2.57611, 2.07345, 0.104837
2.63894, 2.07345, 0.0933571
2.70177, 2.07345, 0.0818226
2.7646, 2.07345, 0.0702374
2.82743, 2.07345, 0.0586063
2.89027, 2.07345, 0.0469353
2.9531, 2.07345, 0.0352313
3.01593, 2.07345, 0.0235019
3.07876, 2.07345, 0.0117553
0.0628319, 2.13628, 0.799166
0.125664, 2.13628, 0.757106
0.188496, 2.13628, 0.717934
0.251327, 2.13628, 0.681443
0.314159, 2.13628, 0.64744
0.376991, 2.13628, 0.615742
0.439823, 2.13628, 0.586176
0.502655, 2.13628, 0.558579
0.565487, 2.13628, 0.532796
0.628319, 2.13628, 0.508682
0.69115, 2.13628, 0.486101
0.753982, 2.13628, 0.464921
0.816814, 2.13628, 0.445023
0.879646, 2.13628, 0.426291
0.942478, 2.13628, 0.408617
1.00531, 2.13628, 0.391902
1.06814, 2.13628, 0.37605
1.13097, 2.13628, 0.360972
1.19381, 2.13628, 0.346587
1.25664, 2.13628, 0.332817
1.31947, 2.13628, 0.319591
1.3823, 2.13628, 0.306842
1.44513, 2.13628, 0.294509
1.50796, 2.13628, 0.282535
1.5708, 2.13628, 0.270869
1.63363, 2.13628, 0.259462
1.69646, 2.13628, 0.248272
1.75929, 2.13628, 0.237258
1.82212, 2.13628, 0.226386
1.88496, 2.13628, 0.215623
1.94779, 2.13628, 0.204941
2.01062, 2.13628, 0.194316
2.07345, 2.13628, 0.183725
2.13628, 2.13628, 0.17315
2.19911, 2.13628, 0.162575
2.26195, 2.13628, 0.151987
2.32478, 2.13628, 0.141374
2.38761, 2.13628, 0.13073
2.45044, 2.13628, 0.120048
2.51327, 2.13628, 0.109324
2.57611, 2.13628, 0.0985552
2.63894, 2.13628, 0.0877419
2.70177, 2.13628, 0.0768849
2.7646, 2.13628, 0.0659867
2.82743, 2.13628, 0.055051
2.89027, 2.13628, 0.0440825
2.9531, 2.13628, 0.0330867
3.01593, 2.13628, 0.0220698
3.07876, 2.13628, 0.0110385
0.0628319, 2.19911, 0.765495
0.125664, 2.19911, 0.724948
0.188496, 2.19911, 0.687169
0.251327, 2.19911, 0.651962
0.314159, 2.19911, 0.619143
0.376991, 2.19911, 0.588537
0.439823, 2.19911, 0.55998
0.502655, 2.19911, 0.533316
0.565487, 2.19911, 0.508398
0.628319, 2.19911, 0.485088
0.69115, 2.19911, 0.463255
0.753982, 2.19911, 0.442775
0.816814, 2.19911, 0.423533
0.879646, 2.19911, 0.405421
0.942478, 2.19911, 0.388334
1.00531, 2.19911, 0.372178
1.06814, 2.19911, 0.356863
1.13097, 2.19911, 0.342303
1.19381, 2.19911, 0.328421
1.25664, 2.19911, 0.315143
1.31947, 2.19911, 0.302401
1.3823, 2.19911, 0.290131
1.44513, 2.19911, 0.278275
1.50796, 2.19911, 0.266779
1.5708, 2.19911, 0.255592
1.63363, 2.19911, 0.244671
1.69646, 2.19911, 0.233971
1.75929, 2.19911, 0.223457
1.82212, 2.19911, 0.213094
1.88496, 2.19911, 0.20285
1.94779, 2.19911, 0.192699
2.01062, 2.19911, 0.182617
2.07345, 2.19911, 0.172581
2.13628, 2.19911, 0.162575
2.19911, 2.19911, 0.152581
2.26195, 2.19911, 0.142588
2.32478, 2.19911, 0.132584
2.38761, 2.19911, 0.12256
2.45044, 2.19911, 0.112511
2.51327, 2.19911, 0.102431
2.57611, 2.19911, 0.0923179
2.63894, 2.19911, 0.0821703
2.70177, 2.19911, 0.0719883
2.7646, 2.19911, 0.0617736
2.82743, 2.19911, 0.0515286
2.89027, 2.19911, 0.041257
2.9531, 2.19911, 0.0309631
3.01593, 2.19911, 0.0206519
3.07876, 2.19911, 0.0103289
0.0628319, 2.26195, 0.728851
0.125664, 2.26195, 0.690022
0.188496, 2.26195, 0.653831
0.251327, 2.26195, 0.620093
0.314159, 2.26195, 0.588632
0.376991, 2.26195, 0.559284
0.439823, 2.26195, 0.531891
0.502655, 2.26195, 0.506307
0.565487, 2.26195, 0.482393
0.628319, 2.26195, 0.460016
0.69115, 2.26195, 0.439055
0.753982, 2.26195, 0.419391
0.816814, 2.26195, 0.400915
0.879646, 2.26195, 0.383524
0.942478, 2.26195, 0.367121
1.00531, 2.26195, 0.351614
1.06814, 2.26195, 0.33692
1.13097, 2.26195, 0.322957
1.19381, 2.26195, 0.309651
1.25664, 2.26195, 0.296933
1.31947, 2.26195, 0.284738
1.3823, 2.26195, 0.273006
1.44513, 2.26195, 0.261681
1.50796, 2.26195, 0.250712
1.5708, 2.26195, 0.240052
1.63363, 2.26195, 0.229656
1.69646, 2.26195, 0.219486
1.75929, 2.26195, 0.209505
1.82212, 2.26195, 0.199681
1.88496, 2.26195, 0.189985
1.94779, 2.26195, 0.180389
2.01062, 2.26195, 0.17087
2.07345, 2.26195, 0.161409
2.13628, 2.26195, 0.151987
2.19911, 2.26195, 0.142588
2.26195, 2.26195, 0.1332
2.32478, 2.26195, 0.123812
2.38761, 2.26195, 0.114416
2.45044, 2.26195, 0.105004
2.51327, 2.26195, 0.0955714
2.57611, 2.26195, 0.086115
2.63894, 2.26195, 0.0766329
2.70177, 2.26195, 0.0671246
2.7646, 2.26195, 0.0575907
2.82743, 2.26195, 0.0480329
2.89027, 2.26195, 0.0384538
2.9531, 2.26195, 0.0288568
3.01593, 2.26195, 0.0192459
3.07876, 2.26195, 0.00962535
0.0628319, 2.32478, 0.689373
0.125664, 2.32478, 0.652459
0.188496, 2.32478, 0.618042
0.251327, 2.32478, 0.585947
0.314159, 2.32478, 0.55601
0.376991, 2.32478, 0.528074
0.439823, 2.32478, 0.501994
0.502655, 2.32478, 0.477629
0.565487, 2.32478, 0.454849
0.628319, 2.32478, 0.43353
0.69115, 2.32478, 0.413557
0.753982, 2.32478, 0.394818
0.816814, 2.32478, 0.377211
0.879646, 2.32478, 0.360639
0.942478, 2.32478, 0.34501
1.00531, 2.32478, 0.330239
1.06814, 2.32478, 0.316245
1.13097, 2.32478, 0.302953
1.19381, 2.32478, 0.290294
1.25664, 2.32478, 0.2782
1.31947, 2.32478, 0.266613
1.3823, 2.32478, 0.255474
1.44513, 2.32478, 0.244732
1.50796, 2.32478, 0.234337
1.5708, 2.32478, 0.224246
1.63363, 2.32478, 0.214416
1.69646, 2.32478, 0.204812
1.75929, 2.32478, 0.195397
1.82212, 2.32478, 0.186142
1.88496, 2.32478, 0.177018
1.94779, 2.32478, 0.168001
2.01062, 2.32478, 0.159067
2.07345, 2.32478, 0.150197
2.13628, 2.32478, 0.141374
2.19911, 2.32478, 0.132584
2.26195, 2.32478, 0.123812
2.32478, 2.32478, 0.11505
2.38761, 2.32478, 0.106287
2.45044, 2.32478, 0.0975174
2.51327, 2.32478, 0.0887356
2.57611, 2.32478, 0.0799379
2.63894, 2.32478, 0.0711218
2.70177, 2.32478, 0.0622864
2.7646, 2.32478, 0.0534316
2.82743, 2.32478, 0.0445583
2.89027, 2.32478, 0.0356685
2.9531, 2.32478, 0.0267644
3.01593, 2.32478, 0.0178493
3.07876, 2.32478, 0.00892661
0.0628319, 2.38761, 0.647213
0.125664, 2.38761, 0.612398
0.188496, 2.38761, 0.579929
0.251327, 2.38761, 0.549643
0.314159, 2.38761, 0.521385
0.376991, 2.38761, 0.49501
0.439823, 2.38761, 0.47038
0.502655, 2.38761, 0.447366
0.565487, 2.38761, 0.425844
0.628319, 2.38761, 0.4057
0.69115, 2.38761, 0.386824
0.753982, 2.38761, 0.369114
0.816814, 2.38761, 0.352473
0.879646, 2.38761, 0.336811
0.942478, 2.38761, 0.322042
1.00531, 2.38761, 0.308086
1.06814, 2.38761, 0.294868
1.13097, 2.38761, 0.282317
1.19381, 2.38761, 0.270369
1.25664, 2.38761, 0.258962
1.31947, 2.38761, 0.248038
1.3823, 2.38761, 0.237545
1.44513, 2.38761, 0.227434
1.50796, 2.38761, 0.217659
1.5708, 2.38761, 0.208177
1.63363, 2.38761, 0.198952
1.69646, 2.38761, 0.189947
1.75929, 2.38761, 0.18113
1.82212, 2.38761, 0.172471
1.88496, 2.38761, 0.163946
1.94779, 2.38761, 0.155529
2.01062, 2.38761, 0.147199
2.07345, 2.38761, 0.138939
2.13628, 2.38761, 0.13073
2.19911, 2.38761, 0.12256
2.26195, 2.38761, 0.114416
2.32478, 2.38761, 0.106287
2.38761, 2.38761, 0.0981651
2.45044, 2.38761, 0.0900431
2.51327, 2.38761, 0.0819157
2.57611, 2.38761, 0.0737789
2.63894, 2.38761, 0.0656301
2.70177, 2.38761, 0.0574676
2.7646, 2.38761, 0.0492909
2.82743, 2.38761, 0.0411004
2.89027, 2.38761, 0.0328973
2.9531, 2.38761, 0.0246832
3.01593, 2.38761, 0.0164604
3.07876, 2.38761, 0.00823175
0.0628319, 2.45044, 0.602535
0.125664, 2.45044, 0.569992
0.188496, 2.45044, 0.539635
0.251327, 2.45044, 0.511311
0.314159, 2.45044, 0.484878
0.376991, 2.45044, 0.460201
0.439823, 2.45044, 0.437151
0.502655, 2.45044, 0.415609
0.565487, 2.45044, 0.395461
0.628319, 2.45044, 0.3766
0.69115, 2.45044, 0.358925
0.753982, 2.45044, 0.34234
0.816814, 2.45044, 0.326756
0.879646, 2.45044, 0.31209
0.942478, 2.45044, 0.29826
1.00531, 2.45044, 0.285195
1.06814, 2.45044, 0.272823
1.13097, 2.45044, 0.26108
1.19381, 2.45044, 0.249904
1.25664, 2.45044, 0.23924
1.31947, 2.45044, 0.229033
1.3823, 2.45044, 0.219235
1.44513, 2.45044, 0.2098
1.50796, 2.45044, 0.200686
1.5708, 2.45044, 0.191854
1.63363, 2.45044, 0.183267
1.69646, 2.45044, 0.174894
1.75929, 2.45044, 0.166703
1.82212, 2.45044, 0.158668
1.88496, 2.45044, 0.150764
1.94779, 2.45044, 0.142969
2.01062, 2.45044, 0.135263
2.07345, 2.45044, 0.127628
2.13628, 2.45044, 0.120048
2.19911, 2.45044, 0.112511
2.26195, 2.45044, 0.105004
2.32478, 2.45044, 0.0975174
2.38761, 2.45044, 0.0900431
2.45044, 2.45044, 0.0825741
2.51327, 2.45044, 0.0751052
2.57611, 2.45044, 0.0676321
2.63894, 2.45044, 0.060152
2.70177, 2.45044, 0.0526629
2.7646, 2.45044, 0.0451641
2.82743, 2.45044, 0.0376552
2.89027, 2.45044, 0.030137
2.9531, 2.45044, 0.0226105
3.01593, 2.45044, 0.0150775
3.07876, 2.45044, 0.00753993
0.0628319, 2.51327, 0.555511
0.125664, 2.51327, 0.5254
0.188496, 2.51327, 0.497306
0.251327, 2.51327, 0.471088
0.314159, 2.51327, 0.446615
0.376991, 2.51327, 0.423763
0.439823, 2.51327, 0.402415
0.502655, 2.51327, 0.382459
0.565487, 2.51327, 0.363792
0.628319, 2.51327, 0.346315
0.69115, 2.51327, 0.329935
0.753982, 2.51327, 0.314565
0.816814, 2.51327, 0.300123
0.879646, 2.51327, 0.28653
0.942478, 2.51327, 0.273715
1.00531, 2.51327, 0.26161
1.06814, 2.51327, 0.250149
1.13097, 2.51327, 0.239274
1.19381, 2.51327, 0.228928
1.25664, 2.51327, 0.21906
1.31947, 2.51327, 0.209619
1.3823, 2.51327, 0.200562
1.44513, 2.51327, 0.191846
1.50796, 2.51327, 0.183432
1.5708, 2.51327, 0.175284
1.63363, 2.51327, 0.167369
1.69646, 2.51327, 0.159657
1.75929, 2.51327, 0.152121
1.82212, 2.51327, 0.144734
1.88496, 2.51327, 0.137474
1.94779, 2.51327, 0.13032
2.01062, 2.51327, 0.123255
2.07345, 2.51327, 0.116261
2.13628, 2.51327, 0.109324
2.19911, 2.51327, 0.102431
2.26195, 2.51327, 0.0955714
2.32478, 2.51327, 0.0887356
2.38761, 2.51327, 0.0819157
2.45044, 2.51327, 0.0751052
2.51327, 2.51327, 0.0682987
2.57611, 2.51327, 0.0614923
2.63894, 2.51327, 0.0546828
2.70177, 2.51327, 0.0478681
2.7646, 2.51327, 0.0410472
2.82743, 2.51327, 0.0342194
2.89027, 2.51327, 0.0273849
2.9531, 2.51327, 0.0205444
3.01593, 2.51327, 0.0136992
3.07876, 2.51327, 0.00685046
0.0628319, 2.57611, 0.506323
0.125664, 2.57611, 0.478793
0.188496, 2.57611, 0.4531
0.251327, 2.57611, 0.42912
0.314159, 2.57611, 0.406731
0.376991, 2.57611, 0.385822
0.439823, 2.57611, 0.366285
0.502655, 2.57611, 0.348021
0.565487, 2.57611, 0.330933
0.628319, 2.57611, 0.314933
0.69115, 2.57611, 0.299936
0.753982, 2.57611, 0.285863
0.816814, 2.57611, 0.272639
0.879646, 2.57611, 0.260194
0.942478, 2.57611, 0.248461
1.00531, 2.57611, 0.237379
1.06814, 2.57611, 0.22689
1.13097, 2.57611, 0.216939
1.19381, 2.57611, 0.207475
1.25664, 2.57611, 0.198451
1.31947, 2.57611, 0.189822
1.3823, 2.57611, 0.181548
1.44513, 2.57611, 0.173589
1.50796, 2.57611, 0.165911
1.5708, 2.57611, 0.158481
1.63363, 2.57611, 0.151268
1.69646, 2.57611, 0.144246
1.75929, 2.57611, 0.137388
1.82212, 2.57611, 0.130672
1.88496, 2.57611, 0.124077
1.94779, 2.57611, 0.117584
2.01062, 2.57611, 0.111176
2.07345, 2.57611, 0.104837
2.13628, 2.57611, 0.0985552
2.19911, 2.57611, 0.0923179
2.26195, 2.57611, 0.086115
2.32478, 2.57611, 0.0799379
2.38761, 2.57611, 0.0737789
2.45044, 2.57611, 0.0676321
2.51327, 2.57611, 0.0614923
2.57611, 2.57611, 0.0553555
2.63894, 2.57611, 0.0492186
2.70177, 2.57611, 0.0430796
2.7646, 2.57611, 0.0369371
2.82743, 2.57611, 0.0307901
2.89027, 2.57611, 0.0246388
2.9531, 2.57611, 0.0184832
3.01593, 2.57611, 0.0123242
3.07876, 2.57611, 0.00616274
0.0628319, 2.63894, 0.455163
0.125664, 2.63894, 0.430346
0.188496, 2.63894, 0.407183
0.251327, 2.63894, 0.385559
0.314159, 2.63894, 0.365368
0.376991, 2.63894, 0.346508
0.439823, 2.63894, 0.328884
0.502655, 2.63894, 0.312405
0.565487, 2.63894, 0.296986
0.628319, 2.63894, 0.282547
0.69115, 2.63894, 0.269013
0.753982, 2.63894, 0.256312
0.816814, 2.63894, 0.244377
0.879646, 2.63894, 0.233145
0.942478, 2.63894, 0.222556
1.00531, 2.63894, 0.212557
1.06814, 2.63894, 0.203093
1.13097, 2.63894, 0.194117
1.19381, 2.63894, 0.185582
1.25664, 2.63894, 0.177447
1.31947, 2.63894, 0.169671
1.3823, 2.63894, 0.162217
1.44513, 2.63894, 0.155052
1.50796, 2.63894, 0.148143
1.5708, 2.63894, 0.14146
1.63363, 2.63894, 0.134978
1.69646, 2.63894, 0.12867
1.75929, 2.63894, 0.122514
1.82212, 2.63894, 0.11649
1.88496, 2.63894, 0.110579
1.94779, 2.63894, 0.104763
2.01062, 2.63894, 0.0990266
2.07345, 2.63894, 0.0933571
2.13628, 2.63894, 0.0877419
2.19911, 2.63894, 0.0821703
2.26195, 2.63894, 0.0766329
2.32478, 2.63894, 0.0711218
2.38761, 2.63894, 0.0656301
2.45044, 2.63894, 0.060152
2.51327, 2.63894, 0.0546828
2.57611, 2.63894, 0.0492186
2.63894, 2.63894, 0.0437567
2.70177, 2.63894, 0.0382947
2.7646, 2.63894, 0.0328313
2.82743, 2.63894, 0.0273654
2.89027, 2.63894, 0.0218968
2.9531, 2.63894, 0.0164254
3.01593, 2.63894, 0.0109517
3.07876, 2.63894, 0.00547631
0.0628319, 2.70177, 0.402229
0.125664, 2.70177, 0.380247
0.188496, 2.70177, 0.359726
0.251327, 2.70177, 0.340567
0.314159, 2.70177, 0.322674
0.376991, 2.70177, 0.305959
0.439823, 2.70177, 0.290337
0.502655, 2.70177, 0.275729
0.565487, 2.70177, 0.262059
0.628319, 2.70177, 0.249257
0.69115, 2.70177, 0.237257
0.753982, 2.70177, 0.225994
0.816814, 2.70177, 0.215411
0.879646, 2.70177, 0.205451
0.942478, 2.70177, 0.196063
1.00531, 2.70177, 0.187198
1.06814, 2.70177, 0.178808
1.13097, 2.70177, 0.170853
1.19381, 2.70177, 0.16329
1.25664, 2.70177, 0.156084
1.31947, 2.70177, 0.149197
1.3823, 2.70177, 0.142599
1.44513, 2.70177, 0.136258
1.50796, 2.70177, 0.130147
1.5708, 2.70177, 0.12424
1.63363, 2.70177, 0.118512
1.69646, 2.70177, 0.112942
1.75929, 2.70177, 0.107509
1.82212, 2.70177, 0.102196
1.88496, 2.70177, 0.0969846
1.94779, 2.70177, 0.091861
2.01062, 2.70177, 0.086811
2.07345, 2.70177, 0.0818226
2.13628, 2.70177, 0.0768849
2.19911, 2.70177, 0.0719883
2.26195, 2.70177, 0.0671246
2.32478, 2.70177, 0.0622864
2.38761, 2.70177, 0.0574676
2.45044, 2.70177, 0.0526629
2.51327, 2.70177, 0.0478681
2.57611, 2.70177, 0.0430796
2.63894, 2.70177, 0.0382947
2.70177, 2.70177, 0.0335113
2.7646, 2.70177, 0.0287278
2.82743, 2.70177, 0.0239434
2.89027, 2.70177, 0.0191575
2.9531, 2.70177, 0.01437
3.01593, 2.70177, 0.00958093
3.07876, 2.70177, 0.00479076
0.0628319, 2.7646, 0.347727
0.125664, 2.7646, 0.328685
0.188496, 2.7646, 0.310907
0.251327, 2.7646, 0.294307
0.314159, 2.7646, 0.278803
0.376991, 2.7646, 0.264317
0.439823, 2.7646, 0.250777
0.502655, 2.7646, 0.238115
0.565487, 2.7646, 0.226265
0.628319, 2.7646, 0.215166
0.69115, 2.7646, 0.204762
0.753982, 2.7646, 0.194997
0.816814, 2.7646, 0.185821
0.879646, 2.7646, 0.177187
0.942478, 2.7646, 0.169048
1.00531, 2.7646, 0.161362
1.06814, 2.7646, 0.15409
1.13097, 2.7646, 0.147196
1.19381, 2.7646, 0.140643
1.25664, 2.7646, 0.1344
1.31947, 2.7646, 0.128436
1.3823, 2.7646, 0.122723
1.44513, 2.7646, 0.117235
1.50796, 2.7646, 0.111948
1.5708, 2.7646, 0.106839
1.63363, 2.7646, 0.101888
1.69646, 2.7646, 0.0970758
1.75929, 2.7646, 0.0923845
1.82212, 2.7646, 0.0877984
1.88496, 2.7646, 0.0833032
1.94779, 2.7646, 0.0788856
2.01062, 2.7646, 0.0745338
2.07345, 2.7646, 0.0702374
2.13628, 2.7646, 0.0659867
2.19911, 2.7646, 0.0617736
2.26195, 2.7646, 0.0575907
2.32478, 2.7646, 0.0534316
2.38761, 2.7646, 0.0492909
2.45044, 2.7646, 0.0451641
2.51327, 2.7646, 0.0410472
2.57611, 2.7646, 0.0369371
2.63894, 2.7646, 0.0328313
2.70177, 2.7646, 0.0287278
2.7646, 2.7646, 0.0246254
2.82743, 2.7646, 0.020523
2.89027, 2.7646, 0.0164199
2.9531, 2.7646, 0.012316
3.01593, 2.7646, 0.00821126
3.07876, 2.7646, 0.00410582
0.0628319, 2.82743, 0.291869
0.125664, 2.82743, 0.27586
0.188496, 2.82743, 0.260911
0.251327, 2.82743, 0.246952
0.314159, 2.82743, 0.233912
0.376991, 2.82743, 0.221729
0.439823, 2.82743, 0.21034
0.502655, 2.82743, 0.199688
0.565487, 2.82743, 0.189719
0.628319, 2.82743, 0.180381
0.69115, 2.82743, 0.171627
0.753982, 2.82743, 0.163412
0.816814, 2.82743, 0.155691
0.879646, 2.82743, 0.148426
0.942478, 2.82743, 0.141578
1.00531, 2.82743, 0.135112
1.06814, 2.82743, 0.128996
1.13097, 2.82743, 0.123196
1.19381, 2.82743, 0.117686
1.25664, 2.82743, 0.112436
1.31947, 2.82743, 0.107423
1.3823, 2.82743, 0.102622
1.44513, 2.82743, 0.0980111
1.50796, 2.82743, 0.0935706
1.5708, 2.82743, 0.0892814
1.63363, 2.82743, 0.0851261
1.69646, 2.82743, 0.0810887
1.75929, 2.82743, 0.0771546
1.82212, 2.82743, 0.0733104
1.88496, 2.82743, 0.069544
1.94779, 2.82743, 0.0658443
2.01062, 2.82743, 0.0622014
2.07345, 2.82743, 0.0586063
2.13628, 2.82743, 0.055051
2.19911, 2.82743, 0.0515286
2.26195, 2.82743, 0.0480329
2.32478, 2.82743, 0.0445583
2.38761, 2.82743, 0.0411004
2.45044, 2.82743, 0.0376552
2.51327, 2.82743, 0.0342194
2.57611, 2.82743, 0.0307901
2.63894, 2.82743, 0.0273654
2.70177, 2.82743, 0.0239434
2.7646, 2.82743, 0.020523
2.82743, 2.82743, 0.0171031
2.89027, 2.82743, 0.0136831
2.9531, 2.82743, 0.0102629
3.01593, 2.82743, 0.00684227
3.07876, 2.82743, 0.00342124
0.0628319, 2.89027, 0.234873
0.125664, 2.89027, 0.221973
0.188496, 2.89027, 0.209926
0.251327, 2.89027, 0.198676
0.314159, 2.89027, 0.188166
0.376991, 2.89027, 0.178346
0.439823, 2.89027, 0.169165
0.502655, 2.89027, 0.160578
0.565487, 2.89027, 0.152541
0.628319, 2.89027, 0.145013
0.69115, 2.89027, 0.137955
0.753982, 2.89027, 0.131331
0.816814, 2.89027, 0.125106
0.879646, 2.89027, 0.119248
0.942478, 2.89027, 0.113727
1.00531, 2.89027, 0.108514
1.06814, 2.89027, 0.103583
1.13097, 2.89027, 0.0989084
1.19381, 2.89027, 0.0944669
1.25664, 2.89027, 0.0902368
1.31947, 2.89027, 0.0861975
1.3823, 2.89027, 0.0823302
1.44513, 2.89027, 0.0786171
1.50796, 2.89027, 0.0750419
1.5708, 2.89027, 0.0715895
1.63363, 2.89027, 0.0682459
1.69646, 2.89027, 0.0649983
1.75929, 2.89027, 0.0618348
1.82212, 2.89027, 0.0587447
1.88496, 2.89027, 0.0557182
1.94779, 2.89027, 0.0527463
2.01062, 2.89027, 0.0498211
2.07345, 2.89027, 0.0469353
2.13628, 2.89027, 0.0440825
2.19911, 2.89027, 0.041257
2.26195, 2.89027, 0.0384538
2.32478, 2.89027, 0.0356685
2.38761, 2.89027, 0.0328973
2.45044, 2.89027, 0.030137
2.51327, 2.89027, 0.0273849
2.57611, 2.89027, 0.0246388
2.63894, 2.89027, 0.0218968
2.70177, 2.89027, 0.0191575
2.7646, 2.89027, 0.0164199
2.82743, 2.89027, 0.0136831
2.89027, 2.89027, 0.0109467
2.9531, 2.89027, 0.00821025
3.01593, 2.89027, 0.00547365
3.07876, 2.89027, 0.00273688
0.0628319, 2.9531, 0.176961
0.125664, 2.9531, 0.167232
0.188496, 2.9531, 0.158145
0.251327, 2.9531, 0.149659
0.314159, 2.9531, 0.141731
0.376991, 2.9531, 0.134323
0.439823, 2.9531, 0.127397
0.502655, 2.9531, 0.120918
0.565487, 2.9531, 0.114854
0.628319, 2.9531, 0.109174
0.69115, 2.9531, 0.103848
0.753982, 2.9531, 0.0988501
0.816814, 2.9531, 0.094153
0.879646, 2.9531, 0.089733
0.942478, 2.9531, 0.0855672
1.00531, 2.9531, 0.0816342
1.06814, 2.9531, 0.0779139
1.13097, 2.9531, 0.0743873
1.19381, 2.9531, 0.071037
1.25664, 2.9531, 0.0678465
1.31947, 2.9531, 0.0648003
1.3823, 2.9531, 0.0618843
1.44513, 2.9531, 0.0590851
1.50796, 2.9531, 0.0563904
1.5708, 2.9531, 0.0537888
1.63363, 2.9531, 0.0512698
1.69646, 2.9531, 0.0488237
1.75929, 2.9531, 0.0464416
1.82212, 2.9531, 0.0441154
1.88496, 2.9531, 0.0418376
1.94779, 2.9531, 0.0396016
2.01062, 2.9531, 0.0374014
2.07345, 2.9531, 0.0352313
2.13628, 2.9531, 0.0330867
2.19911, 2.9531, 0.0309631
2.26195, 2.9531, 0.0288568
2.32478, 2.9531, 0.0267644
2.38761, 2.9531, 0.0246832
2.45044, 2.9531, 0.0226105
2.51327, 2.9531, 0.0205444
2.57611, 2.9531, 0.0184832
2.63894, 2.9531, 0.0164254
2.70177, 2.9531, 0.01437
2.7646, 2.9531, 0.012316
2.82743, 2.9531, 0.0102629
2.89027, 2.9531, 0.00821025
2.9531, 2.9531, 0.00615773
3.01593, 2.9531, 0.0041052
3.07876, 2.9531, 0.00205262
0.0628319, 3.01593, 0.118359
0.125664, 3.01593, 0.111847
0.188496, 3.01593, 0.105765
0.251327, 3.01593, 0.100084
0.314159, 3.01593, 0.0947773
0.376991, 3.01593, 0.0898176
0.439823, 3.01593, 0.0851808
0.502655, 3.01593, 0.0808434
0.565487, 3.01593, 0.0767835
0.628319, 3.01593, 0.0729805
0.69115, 3.01593, 0.0694149
0.753982, 3.01593, 0.0660682
0.816814, 3.01593, 0.0629234
0.879646, 3.01593, 0.059964
0.942478, 3.01593, 0.0571748
1.00531, 3.01593, 0.0545416
1.06814, 3.01593, 0.0520509
1.13097, 3.01593, 0.0496901
1.19381, 3.01593, 0.0474474
1.25664, 3.01593, 0.0453118
1.31947, 3.01593, 0.043273
1.3823, 3.01593, 0.0413216
1.44513, 3.01593, 0.0394486
1.50796, 3.01593, 0.0376458
1.5708, 3.01593, 0.0359055
1.63363, 3.01593, 0.0342208
1.69646, 3.01593, 0.0325851
1.75929, 3.01593, 0.0309925
1.82212, 3.01593, 0.0294375
1.88496, 3.01593, 0.0279153
1.94779, 3.01593, 0.0264212
2.01062, 3.01593, 0.0249513
2.07345, 3.01593, 0.0235019
2.13628, 3.01593, 0.0220698
2.19911, 3.01593, 0.0206519
2.26195, 3.01593, 0.0192459
2.32478, 3.01593, 0.0178493
2.38761, 3.01593, 0.0164604
2.45044, 3.01593, 0.0150775
2.51327, 3.01593, 0.0136992
2.57611, 3.01593, 0.0123242
2.63894, 3.01593, 0.0109517
2.70177, 3.01593, 0.00958093
2.7646, 3.01593, 0.00821126
2.82743, 3.01593, 0.00684227
2.89027, 3.01593, 0.00547365
2.9531, 3.01593, 0.0041052
3.01593, 3.01593, 0.0027368
3.07876, 3.01593, 0.00136841
0.0628319, 3.07876, 0.0592952
0.125664, 3.07876, 0.0560312
0.188496, 3.07876, 0.0529829
0.251327, 3.07876, 0.0501357
0.314159, 3.07876, 0.0474757
0.376991, 3.07876, 0.0449897
0.439823, 3.07876, 0.0426654
0.502655, 3.07876, 0.0404912
0.565487, 3.07876, 0.0384561
0.628319, 3.07876, 0.0365497
0.69115, 3.07876, 0.0347623
0.753982, 3.07876, 0.0330847
0.816814, 3.07876, 0.0315082
0.879646, 3.07876, 0.0300247
0.942478, 3.07876, 0.0286265
1.00531, 3.07876, 0.0273065
1.06814, 3.07876, 0.026058
1.13097, 3.07876, 0.0248747
1.19381, 3.07876, 0.0237505
1.25664, 3.07876, 0.0226802
1.31947, 3.07876, 0.0216584
1.3823, 3.07876, 0.0206805
1.44513, 3.07876, 0.0197419
1.50796, 3.07876, 0.0188386
1.5708, 3.07876, 0.0179667
1.63363, 3.07876, 0.0171227
1.69646, 3.07876, 0.0163034
1.75929, 3.07876, 0.0155057
1.82212, 3.07876, 0.014727
1.88496, 3.07876, 0.0139648
1.94779, 3.07876, 0.0132167
2.01062, 3.07876, 0.0124808
2.07345, 3.07876, 0.0117553
2.13628, 3.07876, 0.0110385
2.19911, 3.07876, 0.0103289
2.26195, 3.07876, 0.00962535
2.32478, 3.07876, 0.00892661
2.38761, 3.07876, 0.00823175
2.45044, 3.07876, 0.00753993
2.51327, 3.07876, 0.00685046
2.57611, 3.07876, 0.00616274
2.63894, 3.07876, 0.00547631
2.70177, 3.07876, 0.00479076
2.7646, 3.07876, 0.00410582
2.82743, 3.07876, 0.00342124
2.89027, 3.07876, 0.00273688
2.9531, 3.07876, 0.00205262
3.01593, 3.07876, 0.00136841
3.07876, 3.07876, 0.000684204
