0.0628319, 0.0628319, 0.117906
0.125664, 0.0628319, 0.173022
0.188496, 0.0628319, 0.227892
0.251327, 0.0628319, 0.282272
0.314159, 0.0628319, 0.335924
0.376991, 0.0628319, 0.388611
0.439823, 0.0628319, 0.440104
0.502655, 0.0628319, 0.490178
0.565487, 0.0628319, 0.538617
0.628319, 0.0628319, 0.585211
0.69115, 0.0628319, 0.629758
0.753982, 0.0628319, 0.672067
0.816814, 0.0628319, 0.711955
0.879646, 0.0628319, 0.749251
0.942478, 0.0628319, 0.783793
1.00531, 0.0628319, 0.815434
1.06814, 0.0628319, 0.844035
1.13097, 0.0628319, 0.869474
1.19381, 0.0628319, 0.891639
1.25664, 0.0628319, 0.910432
1.31947, 0.0628319, 0.92577
1.3823, 0.0628319, 0.937584
1.44513, 0.0628319, 0.945819
1.50796, 0.0628319, 0.950434
1.5708, 0.0628319, 0.951404
1.63363, 0.0628319, 0.948718
1.69646, 0.0628319, 0.94238
1.75929, 0.0628319, 0.932409
1.82212, 0.0628319, 0.918839
1.88496, 0.0628319, 0.901717
1.94779, 0.0628319, 0.881105
2.01062, 0.0628319, 0.85708
2.07345, 0.0628319, 0.829733
2.13628, 0.0628319, 0.799166
2.19911, 0.0628319, 0.765496
2.26195, 0.0628319, 0.728851
2.32478, 0.0628319, 0.689373
2.38761, 0.0628319, 0.647214
2.45044, 0.0628319, 0.602535
2.51327, 0.0628319, 0.555511
2.57611, 0.0628319, 0.506324
2.63894, 0.0628319, 0.455163
2.70177, 0.0628319, 0.402229
2.7646, 0.0628319, 0.347727
2.82743, 0.0628319, 0.291869
2.89027, 0.0628319, 0.234873
2.9531, 0.0628319, 0.176961
3.01593, 0.0628319, 0.118359
3.07876, 0.0628319, 0.0592952
0.0628319, 0.125664, 0.173022
0.125664, 0.125664, 0.220957
0.188496, 0.125664, 0.268891
0.251327, 0.125664, 0.316583
0.314159, 0.125664, 0.363795
0.376991, 0.125664, 0.410292
0.439823, 0.125664, 0.455847
0.502655, 0.125664, 0.500238
0.565487, 0.125664, 0.543252
0.628319, 0.125664, 0.584682
0.69115, 0.125664, 0.62433
0.753982, 0.125664, 0.662007
0.816814, 0.125664, 0.697533
0.879646, 0.125664, 0.730741
0.942478, 0.125664, 0.761472
1.00531, 0.125664, 0.789579
1.06814, 0.125664, 0.814927
1.13097, 0.125664, 0.837395
1.19381, 0.125664, 0.856872
1.25664, 0.125664, 0.873262
1.31947, 0.125664, 0.886482
1.3823, 0.125664, 0.89646
1.44513, 0.125664, 0.903143
1.50796, 0.125664, 0.906487
1.5708, 0.125664, 0.906464
1.63363, 0.125664, 0.903062
1.69646, 0.125664, 0.896279
1.75929, 0.125664, 0.886131
1.82212, 0.125664, 0.872646
1.88496, 0.125664, 0.855866
1.94779, 0.125664, 0.835846
2.01062, 0.125664, 0.812656
2.07345, 0.125664, 0.786378
2.13628, 0.125664, 0.757107
2.19911, 0.125664, 0.724949
2.26195, 0.125664, 0.690023
2.32478, 0.125664, 0.652459
2.38761, 0.125664, 0.612399
2.45044, 0.125664, 0.569993
2.51327, 0.125664, 0.525401
2.57611, 0.125664, 0.478793
2.63894, 0.125664, 0.430347
2.70177, 0.125664, 0.380247
2.7646, 0.125664, 0.328685
2.82743, 0.125664, 0.27586
2.89027, 0.125664, 0.221973
2.9531, 0.125664, 0.167232
3.01593, 0.125664, 0.111847
3.07876, 0.125664, 0.0560312
0.0628319, 0.188496, 0.227892
0.125664, 0.188496, 0.268891
0.188496, 0.188496, 0.310133
0.251327, 0.188496, 0.351376
0.314159, 0.188496, 0.39238
0.376991, 0.188496, 0.432914
0.439823, 0.188496, 0.472753
0.502655, 0.188496, 0.511676
0.565487, 0.188496, 0.549472
0.628319, 0.188496, 0.585936
0.69115, 0.188496, 0.620873
0.753982, 0.188496, 0.654097
0.816814, 0.188496, 0.685431
0.879646, 0.188496, 0.714708
0.942478, 0.188496, 0.741774
1.00531, 0.188496, 0.766482
1.06814, 0.188496, 0.7887
1.13097, 0.188496, 0.808307
1.19381, 0.188496, 0.825193
1.25664, 0.188496, 0.839263
1.31947, 0.188496, 0.850433
1.3823, 0.188496, 0.858633
1.44513, 0.188496, 0.863805
1.50796, 0.188496, 0.865906
1.5708, 0.188496, 0.864905
1.63363, 0.188496, 0.860785
1.69646, 0.188496, 0.853544
1.75929, 0.188496, 0.84319
1.82212, 0.188496, 0.829748
1.88496, 0.188496, 0.813255
1.94779, 0.188496, 0.793758
2.01062, 0.188496, 0.771321
2.07345, 0.188496, 0.746017
2.13628, 0.188496, 0.717934
2.19911, 0.188496, 0.68717
2.26195, 0.188496, 0.653832
2.32478, 0.188496, 0.618042
2.38761, 0.188496, 0.57993
2.45044, 0.188496, 0.539635
2.51327, 0.188496, 0.497306
2.57611, 0.188496, 0.453101
2.63894, 0.188496, 0.407183
2.70177, 0.188496, 0.359726
2.7646, 0.188496, 0.310908
2.82743, 0.188496, 0.260911
2.89027, 0.188496, 0.209927
2.9531, 0.188496, 0.158146
3.01593, 0.188496, 0.105765
3.07876, 0.188496, 0.052983
0.0628319, 0.251327, 0.282272
0.125664, 0.251327, 0.316583
0.188496, 0.251327, 0.351376
0.251327, 0.251327, 0.386405
0.314159, 0.251327, 0.421435
0.376991, 0.251327, 0.456233
0.439823, 0.251327, 0.490575
0.502655, 0.251327, 0.524241
0.565487, 0.251327, 0.557022
0.628319, 0.251327, 0.588716
0.69115, 0.251327, 0.619129
0.753982, 0.251327, 0.648077
0.816814, 0.251327, 0.675385
0.879646, 0.251327, 0.700888
0.942478, 0.251327, 0.724433
1.00531, 0.251327, 0.745875
1.06814, 0.251327, 0.765084
1.13097, 0.251327, 0.781939
1.19381, 0.251327, 0.796331
1.25664, 0.251327, 0.808164
1.31947, 0.251327, 0.817356
1.3823, 0.251327, 0.823833
1.44513, 0.251327, 0.827538
1.50796, 0.251327, 0.828426
1.5708, 0.251327, 0.826463
1.63363, 0.251327, 0.82163
1.69646, 0.251327, 0.81392
1.75929, 0.251327, 0.803338
1.82212, 0.251327, 0.789903
1.88496, 0.251327, 0.773646
1.94779, 0.251327, 0.75461
2.01062, 0.251327, 0.732851
2.07345, 0.251327, 0.708436
2.13628, 0.251327, 0.681444
2.19911, 0.251327, 0.651963
2.26195, 0.251327, 0.620094
2.32478, 0.251327, 0.585948
2.38761, 0.251327, 0.549644
2.45044, 0.251327, 0.511312
2.51327, 0.251327, 0.471089
2.57611, 0.251327, 0.42912
2.63894, 0.251327, 0.38556
2.70177, 0.251327, 0.340567
2.7646, 0.251327, 0.294308
2.82743, 0.251327, 0.246952
2.89027, 0.251327, 0.198676
2.9531, 0.251327, 0.14966
3.01593, 0.251327, 0.100084
3.07876, 0.251327, 0.0501358
0.0628319, 0.314159, 0.335924
0.125664, 0.314159, 0.363795
0.188496, 0.314159, 0.39238
0.251327, 0.314159, 0.421435
0.314159, 0.314159, 0.450722
0.376991, 0.314159, 0.480009
0.439823, 0.314159, 0.509071
0.502655, 0.314159, 0.537691
0.565487, 0.314159, 0.565661
0.628319, 0.314159, 0.592778
0.69115, 0.314159, 0.618851
0.753982, 0.314159, 0.643697
0.816814, 0.314159, 0.667144
0.879646, 0.314159, 0.689027
0.942478, 0.314159, 0.709193
1.00531, 0.314159, 0.727502
1.06814, 0.314159, 0.743822
1.13097, 0.314159, 0.758033
1.19381, 0.314159, 0.770027
1.25664, 0.314159, 0.779708
1.31947, 0.314159, 0.786991
1.3823, 0.314159, 0.791805
1.44513, 0.314159, 0.79409
1.50796, 0.314159, 0.793797
1.5708, 0.314159, 0.790892
1.63363, 0.314159, 0.785353
1.69646, 0.314159, 0.777167
1.75929, 0.314159, 0.766338
1.82212, 0.314159, 0.752879
1.88496, 0.314159, 0.736816
1.94779, 0.314159, 0.718186
2.01062, 0.314159, 0.697038
2.07345, 0.314159, 0.673433
2.13628, 0.314159, 0.647441
2.19911, 0.314159, 0.619144
2.26195, 0.314159, 0.588634
2.32478, 0.314159, 0.556011
2.38761, 0.314159, 0.521386
2.45044, 0.314159, 0.484879
2.51327, 0.314159, 0.446616
2.57611, 0.314159, 0.406732
2.63894, 0.314159, 0.365369
2.70177, 0.314159, 0.322675
2.7646, 0.314159, 0.278803
2.82743, 0.314159, 0.233913
2.89027, 0.314159, 0.188167
2.9531, 0.314159, 0.141732
3.01593, 0.314159, 0.0947775
3.07876, 0.314159, 0.0474758
0.0628319, 0.376991, 0.388611
0.125664, 0.376991, 0.410292
0.188496, 0.376991, 0.432914
0.251327, 0.376991, 0.456233
0.314159, 0.376991, 0.480009
0.376991, 0.376991, 0.504009
0.439823, 0.376991, 0.528009
0.502655, 0.376991, 0.551793
0.565487, 0.376991, 0.575151
0.628319, 0.376991, 0.597883
0.69115, 0.376991, 0.6198
0.753982, 0.376991, 0.640718
0.816814, 0.376991, 0.660465
0.879646, 0.376991, 0.678881
0.942478, 0.376991, 0.695812
1.00531, 0.376991, 0.711118
1.06814, 0.376991, 0.724669
1.13097, 0.376991, 0.736344
1.19381, 0.376991, 0.746036
1.25664, 0.376991, 0.753649
1.31947, 0.376991, 0.759097
1.3823, 0.376991, 0.762307
1.44513, 0.376991, 0.763218
1.50796, 0.376991, 0.76178
1.5708, 0.376991, 0.757956
1.63363, 0.376991, 0.751721
1.69646, 0.376991, 0.743059
1.75929, 0.376991, 0.731969
1.82212, 0.376991, 0.71846
1.88496, 0.376991, 0.702552
1.94779, 0.376991, 0.684279
2.01062, 0.376991, 0.663682
2.07345, 0.376991, 0.640816
2.13628, 0.376991, 0.615743
2.19911, 0.376991, 0.588539
2.26195, 0.376991, 0.559285
2.32478, 0.376991, 0.528076
2.38761, 0.376991, 0.495011
2.45044, 0.376991, 0.460202
2.51327, 0.376991, 0.423764
2.57611, 0.376991, 0.385823
2.63894, 0.376991, 0.346509
2.70177, 0.376991, 0.30596
2.7646, 0.376991, 0.264318
2.82743, 0.376991, 0.221729
2.89027, 0.376991, 0.178346
2.9531, 0.376991, 0.134323
3.01593, 0.376991, 0.0898179
3.07876, 0.376991, 0.0449898
0.0628319, 0.439823, 0.440104
0.125664, 0.439823, 0.455847
0.188496, 0.439823, 0.472753
0.251327, 0.439823, 0.490575
0.314159, 0.439823, 0.509071
0.376991, 0.439823, 0.528009
0.439823, 0.439823, 0.547164
0.502655, 0.439823, 0.566319
0.565487, 0.439823, 0.585266
0.628319, 0.439823, 0.603805
0.69115, 0.439823, 0.621746
0.753982, 0.439823, 0.638908
0.816814, 0.439823, 0.65512
0.879646, 0.439823, 0.670219
0.942478, 0.439823, 0.684056
1.00531, 0.439823, 0.69649
1.06814, 0.439823, 0.70739
1.13097, 0.439823, 0.716638
1.19381, 0.439823, 0.724125
1.25664, 0.439823, 0.729754
1.31947, 0.439823, 0.73344
1.3823, 0.439823, 0.735108
1.44513, 0.439823, 0.734695
1.50796, 0.439823, 0.73215
1.5708, 0.439823, 0.727433
1.63363, 0.439823, 0.720514
1.69646, 0.439823, 0.711378
1.75929, 0.439823, 0.700018
1.82212, 0.439823, 0.686438
1.88496, 0.439823, 0.670655
1.94779, 0.439823, 0.652696
2.01062, 0.439823, 0.632596
2.07345, 0.439823, 0.610405
2.13628, 0.439823, 0.586178
2.19911, 0.439823, 0.559982
2.26195, 0.439823, 0.531893
2.32478, 0.439823, 0.501995
2.38761, 0.439823, 0.470382
2.45044, 0.439823, 0.437153
2.51327, 0.439823, 0.402416
2.57611, 0.439823, 0.366287
2.63894, 0.439823, 0.328885
2.70177, 0.439823, 0.290338
2.7646, 0.439823, 0.250778
2.82743, 0.439823, 0.21034
2.89027, 0.439823, 0.169166
2.9531, 0.439823, 0.127397
3.01593, 0.439823, 0.0851811
3.07876, 0.439823, 0.0426656
0.0628319, 0.502655, 0.490178
0.125664, 0.502655, 0.500238
0.188496, 0.502655, 0.511676
0.251327, 0.502655, 0.524241
0.314159, 0.502655, 0.537691
0.376991, 0.502655, 0.551793
0.439823, 0.502655, 0.566319
0.502655, 0.502655, 0.581055
0.565487, 0.502655, 0.59579
0.628319, 0.502655, 0.610325
0.69115, 0.502655, 0.624472
0.753982, 0.502655, 0.638049
0.816814, 0.502655, 0.650885
0.879646, 0.502655, 0.662821
0.942478, 0.502655, 0.673704
1.00531, 0.502655, 0.683395
1.06814, 0.502655, 0.691765
1.13097, 0.502655, 0.698693
1.19381, 0.502655, 0.704071
1.25664, 0.502655, 0.707803
1.31947, 0.502655, 0.709801
1.3823, 0.502655, 0.709989
1.44513, 0.502655, 0.708304
1.50796, 0.502655, 0.704691
1.5708, 0.502655, 0.699109
1.63363, 0.502655, 0.691526
1.69646, 0.502655, 0.681922
1.75929, 0.502655, 0.670286
1.82212, 0.502655, 0.65662
1.88496, 0.502655, 0.640935
1.94779, 0.502655, 0.623252
2.01062, 0.502655, 0.603603
2.07345, 0.502655, 0.582029
2.13628, 0.502655, 0.558581
2.19911, 0.502655, 0.533318
2.26195, 0.502655, 0.506309
2.32478, 0.502655, 0.477631
2.38761, 0.502655, 0.447367
2.45044, 0.502655, 0.415611
2.51327, 0.502655, 0.382461
2.57611, 0.502655, 0.348022
2.63894, 0.502655, 0.312406
2.70177, 0.502655, 0.27573
2.7646, 0.502655, 0.238116
2.82743, 0.502655, 0.199689
2.89027, 0.502655, 0.160579
2.9531, 0.502655, 0.120918
3.01593, 0.502655, 0.0808437
3.07876, 0.502655, 0.0404914
0.0628319, 0.565487, 0.538617
0.125664, 0.565487, 0.543252
0.188496, 0.565487, 0.549472
0.251327, 0.565487, 0.557022
0.314159, 0.565487, 0.565661
0.376991, 0.565487, 0.575151
0.439823, 0.565487, 0.585266
0.502655, 0.565487, 0.59579
0.565487, 0.565487, 0.606512
0.628319, 0.565487, 0.617234
0.69115, 0.565487, 0.627767
0.753982, 0.565487, 0.63793
0.816814, 0.565487, 0.647552
0.879646, 0.565487, 0.656474
0.942478, 0.565487, 0.664544
1.00531, 0.565487, 0.671623
1.06814, 0.565487, 0.67758
1.13097, 0.565487, 0.682297
1.19381, 0.565487, 0.685665
1.25664, 0.565487, 0.687585
1.31947, 0.565487, 0.687971
1.3823, 0.565487, 0.686744
1.44513, 0.565487, 0.68384
1.50796, 0.565487, 0.679202
1.5708, 0.565487, 0.672787
1.63363, 0.565487, 0.66456
1.69646, 0.565487, 0.654497
1.75929, 0.565487, 0.642585
1.82212, 0.565487, 0.628821
1.88496, 0.565487, 0.613212
1.94779, 0.565487, 0.595774
2.01062, 0.565487, 0.576534
2.07345, 0.565487, 0.555527
2.13628, 0.565487, 0.532798
2.19911, 0.565487, 0.5084
2.26195, 0.565487, 0.482395
2.32478, 0.565487, 0.454851
2.38761, 0.565487, 0.425846
2.45044, 0.565487, 0.395463
2.51327, 0.565487, 0.363794
2.57611, 0.565487, 0.330935
2.63894, 0.565487, 0.296988
2.70177, 0.565487, 0.262061
2.7646, 0.565487, 0.226266
2.82743, 0.565487, 0.18972
2.89027, 0.565487, 0.152542
2.9531, 0.565487, 0.114855
3.01593, 0.565487, 0.0767839
3.07876, 0.565487, 0.0384563
0.0628319, 0.628319, 0.58521
0.125664, 0.628319, 0.584682
0.188496, 0.628319, 0.585936
0.251327, 0.628319, 0.588716
0.314159, 0.628319, 0.592778
0.376991, 0.628319, 0.597883
0.439823, 0.628319, 0.603805
0.502655, 0.628319, 0.610325
0.565487, 0.628319, 0.617234
0.628319, 0.628319, 0.624333
0.69115, 0.628319, 0.631432
0.753982, 0.628319, 0.638351
0.816814, 0.628319, 0.64492
0.879646, 0.628319, 0.650978
0.942478, 0.628319, 0.656375
1.00531, 0.628319, 0.660971
1.06814, 0.628319, 0.664636
1.13097, 0.628319, 0.667251
1.19381, 0.628319, 0.668706
1.25664, 0.628319, 0.668903
1.31947, 0.628319, 0.667752
1.3823, 0.628319, 0.665177
1.44513, 0.628319, 0.661109
1.50796, 0.628319, 0.655491
1.5708, 0.628319, 0.648277
1.63363, 0.628319, 0.639429
1.69646, 0.628319, 0.628921
1.75929, 0.628319, 0.616736
1.82212, 0.628319, 0.602867
1.88496, 0.628319, 0.587317
1.94779, 0.628319, 0.570098
2.01062, 0.628319, 0.551232
2.07345, 0.628319, 0.530748
2.13628, 0.628319, 0.508685
2.19911, 0.628319, 0.48509
2.26195, 0.628319, 0.460019
2.32478, 0.628319, 0.433533
2.38761, 0.628319, 0.405702
2.45044, 0.628319, 0.376602
2.51327, 0.628319, 0.346317
2.57611, 0.628319, 0.314935
2.63894, 0.628319, 0.282549
2.70177, 0.628319, 0.249259
2.7646, 0.628319, 0.215168
2.82743, 0.628319, 0.180382
2.89027, 0.628319, 0.145014
2.9531, 0.628319, 0.109175
3.01593, 0.628319, 0.0729809
3.07876, 0.628319, 0.0365499
0.0628319, 0.69115, 0.629758
0.125664, 0.69115, 0.62433
0.188496, 0.69115, 0.620873
0.251327, 0.69115, 0.619129
0.314159, 0.69115, 0.618851
0.376991, 0.69115, 0.6198
0.439823, 0.69115, 0.621746
0.502655, 0.69115, 0.624472
0.565487, 0.69115, 0.627767
0.628319, 0.69115, 0.631432
0.69115, 0.69115, 0.635278
0.753982, 0.69115, 0.639123
0.816814, 0.69115, 0.642798
0.879646, 0.69115, 0.646143
0.942478, 0.69115, 0.649007
1.00531, 0.69115, 0.65125
1.06814, 0.69115, 0.652742
1.13097, 0.69115, 0.653364
1.19381, 0.69115, 0.653005
1.25664, 0.69115, 0.651567
1.31947, 0.69115, 0.648959
1.3823, 0.69115, 0.645102
1.44513, 0.69115, 0.639928
1.50796, 0.69115, 0.633377
1.5708, 0.69115, 0.6254
1.63363, 0.69115, 0.615958
1.69646, 0.69115, 0.605021
1.75929, 0.69115, 0.59257
1.82212, 0.69115, 0.578594
1.88496, 0.69115, 0.563091
1.94779, 0.69115, 0.54607
2.01062, 0.69115, 0.527547
2.07345, 0.69115, 0.507547
2.13628, 0.69115, 0.486104
2.19911, 0.69115, 0.463257
2.26195, 0.69115, 0.439057
2.32478, 0.69115, 0.413559
2.38761, 0.69115, 0.386826
2.45044, 0.69115, 0.358927
2.51327, 0.69115, 0.329937
2.57611, 0.69115, 0.299938
2.63894, 0.69115, 0.269015
2.70177, 0.69115, 0.237258
2.7646, 0.69115, 0.204763
2.82743, 0.69115, 0.171628
2.89027, 0.69115, 0.137956
2.9531, 0.69115, 0.103849
3.01593, 0.69115, 0.0694153
3.07876, 0.69115, 0.0347625
0.0628319, 0.753982, 0.672067
0.125664, 0.753982, 0.662007
0.188496, 0.753982, 0.654097
0.251327, 0.753982, 0.648077
0.314159, 0.753982, 0.643697
0.376991, 0.753982, 0.640718
0.439823, 0.753982, 0.638908
0.502655, 0.753982, 0.638049
0.565487, 0.753982, 0.63793
0.628319, 0.753982, 0.638351
0.69115, 0.753982, 0.639123
0.753982, 0.753982, 0.640065
0.816814, 0.753982, 0.641007
0.879646, 0.753982, 0.641788
0.942478, 0.753982, 0.642259
1.00531, 0.753982, 0.64228
1.06814, 0.753982, 0.641719
1.13097, 0.753982, 0.640458
1.19381, 0.753982, 0.638385
1.25664, 0.753982, 0.6354
1.31947, 0.753982, 0.631414
1.3823, 0.753982, 0.626345
1.44513, 0.753982, 0.620124
1.50796, 0.753982, 0.612688
1.5708, 0.753982, 0.603988
1.63363, 0.753982, 0.593982
1.69646, 0.753982, 0.582636
1.75929, 0.753982, 0.569929
1.82212, 0.753982, 0.555847
1.88496, 0.753982, 0.540384
1.94779, 0.753982, 0.523544
2.01062, 0.753982, 0.505339
2.07345, 0.753982, 0.48579
2.13628, 0.753982, 0.464925
2.19911, 0.753982, 0.442778
2.26195, 0.753982, 0.419393
2.32478, 0.753982, 0.394821
2.38761, 0.753982, 0.369116
2.45044, 0.753982, 0.342342
2.51327, 0.753982, 0.314568
2.57611, 0.753982, 0.285865
2.63894, 0.753982, 0.256313
2.70177, 0.753982, 0.225996
2.7646, 0.753982, 0.194999
2.82743, 0.753982, 0.163413
2.89027, 0.753982, 0.131331
2.9531, 0.753982, 0.0988508
3.01593, 0.753982, 0.0660687
3.07876, 0.753982, 0.0330849
0.0628319, 0.816814, 0.711955
0.125664, 0.816814, 0.697533
0.188496, 0.816814, 0.685431
0.251327, 0.816814, 0.675385
0.314159, 0.816814, 0.667144
0.376991, 0.816814, 0.660465
0.439823, 0.816814, 0.655119
0.502655, 0.816814, 0.650885
0.565487, 0.816814, 0.647552
0.628319, 0.816814, 0.64492
0.69115, 0.816814, 0.642798
0.753982, 0.816814, 0.641007
0.816814, 0.816814, 0.639375
0.879646, 0.816814, 0.637744
0.942478, 0.816814, 0.635962
1.00531, 0.816814, 0.63389
1.06814, 0.816814, 0.631397
1.13097, 0.816814, 0.628362
1.19381, 0.816814, 0.624676
1.25664, 0.816814, 0.620235
1.31947, 0.816814, 0.614951
1.3823, 0.816814, 0.608741
1.44513, 0.816814, 0.601533
1.50796, 0.816814, 0.593264
1.5708, 0.816814, 0.583883
1.63363, 0.816814, 0.573344
1.69646, 0.816814, 0.561613
1.75929, 0.816814, 0.548664
1.82212, 0.816814, 0.534481
1.88496, 0.816814, 0.519053
1.94779, 0.816814, 0.502383
2.01062, 0.816814, 0.484476
2.07345, 0.816814, 0.46535
2.13628, 0.816814, 0.445026
2.19911, 0.816814, 0.423536
2.26195, 0.816814, 0.400918
2.32478, 0.816814, 0.377214
2.38761, 0.816814, 0.352476
2.45044, 0.816814, 0.326759
2.51327, 0.816814, 0.300125
2.57611, 0.816814, 0.272641
2.63894, 0.816814, 0.244378
2.70177, 0.816814, 0.215413
2.7646, 0.816814, 0.185823
2.82743, 0.816814, 0.155692
2.89027, 0.816814, 0.125107
2.9531, 0.816814, 0.0941538
3.01593, 0.816814, 0.0629239
3.07876, 0.816814, 0.0315084
0.0628319, 0.879646, 0.749251
0.125664, 0.879646, 0.730741
0.188496, 0.879646, 0.714708
0.251327, 0.879646, 0.700888
0.314159, 0.879646, 0.689026
0.376991, 0.879646, 0.678881
0.439823, 0.879646, 0.670219
0.502655, 0.879646, 0.662821
0.565487, 0.879646, 0.656473
0.628319, 0.879646, 0.650978
0.69115, 0.879646, 0.646143
0.753982, 0.879646, 0.641788
0.816814, 0.879646, 0.637744
0.879646, 0.879646, 0.63385
0.942478, 0.879646, 0.629956
1.00531, 0.879646, 0.625922
1.06814, 0.879646, 0.621617
1.13097, 0.879646, 0.616919
1.19381, 0.879646, 0.611719
1.25664, 0.879646, 0.605915
1.31947, 0.879646, 0.599414
1.3823, 0.879646, 0.592134
1.44513, 0.879646, 0.584002
1.50796, 0.879646, 0.574954
1.5708, 0.879646, 0.564934
1.63363, 0.879646, 0.553898
1.69646, 0.879646, 0.541807
1.75929, 0.879646, 0.528634
1.82212, 0.879646, 0.514358
1.88496, 0.879646, 0.498967
1.94779, 0.879646, 0.482457
2.01062, 0.879646, 0.464833
2.07345, 0.879646, 0.446106
2.13628, 0.879646, 0.426294
2.19911, 0.879646, 0.405424
2.26195, 0.879646, 0.383527
2.32478, 0.879646, 0.360642
2.38761, 0.879646, 0.336814
2.45044, 0.879646, 0.312092
2.51327, 0.879646, 0.286533
2.57611, 0.879646, 0.260196
2.63894, 0.879646, 0.233147
2.70177, 0.879646, 0.205453
2.7646, 0.879646, 0.177188
2.82743, 0.879646, 0.148427
2.89027, 0.879646, 0.119249
2.9531, 0.879646, 0.0897338
3.01593, 0.879646, 0.0599645
3.07876, 0.879646, 0.0300249
0.0628319, 0.942478, 0.783793
0.125664, 0.942478, 0.761472
0.188496, 0.942478, 0.741774
0.251327, 0.942478, 0.724433
0.314159, 0.942478, 0.709193
0.376991, 0.942478, 0.695812
0.439823, 0.942478, 0.684056
0.502655, 0.942478, 0.673704
0.565487, 0.942478, 0.664544
0.628319, 0.942478, 0.656375
0.69115, 0.942478, 0.649007
0.753982, 0.942478, 0.642259
0.816814, 0.942478, 0.635962
0.879646, 0.942478, 0.629956
0.942478, 0.942478, 0.62409
1.00531, 0.942478, 0.618224
1.06814, 0.942478, 0.612228
1.13097, 0.942478, 0.605979
1.19381, 0.942478, 0.599368
1.25664, 0.942478, 0.592291
1.31947, 0.942478, 0.584656
1.3823, 0.942478, 0.57638
1.44513, 0.942478, 0.567388
1.50796, 0.942478, 0.557614
1.5708, 0.942478, 0.547003
1.63363, 0.942478, 0.535506
1.69646, 0.942478, 0.523084
1.75929, 0.942478, 0.509706
1.82212, 0.942478, 0.495349
1.88496, 0.942478, 0.479998
1.94779, 0.942478, 0.463646
2.01062, 0.942478, 0.446293
2.07345, 0.942478, 0.427946
2.13628, 0.942478, 0.408621
2.19911, 0.942478, 0.388338
2.26195, 0.942478, 0.367124
2.32478, 0.942478, 0.345013
2.38761, 0.942478, 0.322045
2.45044, 0.942478, 0.298263
2.51327, 0.942478, 0.273718
2.57611, 0.942478, 0.248464
2.63894, 0.942478, 0.222559
2.70177, 0.942478, 0.196065
2.7646, 0.942478, 0.169049
2.82743, 0.942478, 0.14158
2.89027, 0.942478, 0.113728
2.9531, 0.942478, 0.0855681
3.01593, 0.942478, 0.0571754
3.07876, 0.942478, 0.0286268
0.0628319, 1.00531, 0.815434
0.125664, 1.00531, 0.789579
0.188496, 1.00531, 0.766482
0.251327, 1.00531, 0.745875
0.314159, 1.00531, 0.727502
0.376991, 1.00531, 0.711118
0.439823, 1.00531, 0.69649
0.502655, 1.00531, 0.683395
0.565487, 1.00531, 0.671622
0.628319, 1.00531, 0.660971
0.69115, 1.00531, 0.65125
0.753982, 1.00531, 0.64228
0.816814, 1.00531, 0.63389
0.879646, 1.00531, 0.625922
0.942478, 1.00531, 0.618224
1.00531, 1.00531, 0.610657
1.06814, 1.00531, 0.60309
1.13097, 1.00531, 0.595402
1.19381, 1.00531, 0.587481
1.25664, 1.00531, 0.579225
1.31947, 1.00531, 0.570539
1.3823, 1.00531, 0.561341
1.44513, 1.00531, 0.551554
1.50796, 1.00531, 0.541113
1.5708, 1.00531, 0.529957
1.63363, 1.00531, 0.518039
1.69646, 1.00531, 0.505317
1.75929, 1.00531, 0.491757
1.82212, 1.00531, 0.477334
1.88496, 1.00531, 0.462031
1.94779, 1.00531, 0.445836
2.01062, 1.00531, 0.428746
2.07345, 1.00531, 0.410766
2.13628, 1.00531, 0.391906
2.19911, 1.00531, 0.372182
2.26195, 1.00531, 0.351618
2.32478, 1.00531, 0.330242
2.38761, 1.00531, 0.308089
2.45044, 1.00531, 0.285198
2.51327, 1.00531, 0.261612
2.57611, 1.00531, 0.237382
2.63894, 1.00531, 0.212559
2.70177, 1.00531, 0.1872
2.7646, 1.00531, 0.161364
2.82743, 1.00531, 0.135114
2.89027, 1.00531, 0.108515
2.9531, 1.00531, 0.0816351
3.01593, 1.00531, 0.0545422
3.07876, 1.00531, 0.0273068
0.0628319, 1.06814, 0.844035
0.125664, 1.06814, 0.814927
0.188496, 1.06814, 0.7887
0.251327, 1.06814, 0.765084
0.314159, 1.06814, 0.743822
0.376991, 1.06814, 0.724669
0.439823, 1.06814, 0.70739
0.502655, 1.06814, 0.691765
0.565487, 1.06814, 0.67758
0.628319, 1.06814, 0.664636
0.69115, 1.06814, 0.652742
0.753982, 1.06814, 0.641719
0.816814, 1.06814, 0.631397
0.879646, 1.06814, 0.621617
0.942478, 1.06814, 0.612228
1.00531, 1.06814, 0.60309
1.06814, 1.06814, 0.594074
1.13097, 1.06814, 0.585058
1.19381, 1.06814, 0.57593
1.25664, 1.06814, 0.566587
1.31947, 1.06814, 0.556936
1.3823, 1.06814, 0.546891
1.44513, 1.06814, 0.536376
1.50796, 1.06814, 0.525324
1.5708, 1.06814, 0.513674
1.63363, 1.06814, 0.501377
1.69646, 1.06814, 0.488388
1.75929, 1.06814, 0.474672
1.82212, 1.06814, 0.460201
1.88496, 1.06814, 0.444954
1.94779, 1.06814, 0.428919
2.01062, 1.06814, 0.41209
2.07345, 1.06814, 0.394465
2.13628, 1.06814, 0.376053
2.19911, 1.06814, 0.356866
2.26195, 1.06814, 0.336923
2.32478, 1.06814, 0.316248
2.38761, 1.06814, 0.294871
2.45044, 1.06814, 0.272826
2.51327, 1.06814, 0.250152
2.57611, 1.06814, 0.226893
2.63894, 1.06814, 0.203095
2.70177, 1.06814, 0.17881
2.7646, 1.06814, 0.154092
2.82743, 1.06814, 0.128997
2.89027, 1.06814, 0.103584
2.9531, 1.06814, 0.0779148
3.01593, 1.06814, 0.0520515
3.07876, 1.06814, 0.0260583
0.0628319, 1.13097, 0.869474
0.125664, 1.13097, 0.837395
0.188496, 1.13097, 0.808307
0.251327, 1.13097, 0.781939
0.314159, 1.13097, 0.758033
0.376991, 1.13097, 0.736344
0.439823, 1.13097, 0.716638
0.502655, 1.13097, 0.698693
0.565487, 1.13097, 0.682297
0.628319, 1.13097, 0.667251
0.69115, 1.13097, 0.653364
0.753982, 1.13097, 0.640458
0.816814, 1.13097, 0.628362
0.879646, 1.13097, 0.616919
0.942478, 1.13097, 0.605979
1.00531, 1.13097, 0.595402
1.06814, 1.13097, 0.585058
1.13097, 1.13097, 0.574826
1.19381, 1.13097, 0.564593
1.25664, 1.13097, 0.554258
1.31947, 1.13097, 0.543725
1.3823, 1.13097, 0.53291
1.44513, 1.13097, 0.521735
1.50796, 1.13097, 0.510132
1.5708, 1.13097, 0.49804
1.63363, 1.13097, 0.485406
1.69646, 1.13097, 0.472185
1.75929, 1.13097, 0.45834
1.82212, 1.13097, 0.443842
1.88496, 1.13097, 0.428666
1.94779, 1.13097, 0.412798
2.01062, 1.13097, 0.396228
2.07345, 1.13097, 0.378953
2.13628, 1.13097, 0.360976
2.19911, 1.13097, 0.342307
2.26195, 1.13097, 0.32296
2.32478, 1.13097, 0.302957
2.38761, 1.13097, 0.282321
2.45044, 1.13097, 0.261083
2.51327, 1.13097, 0.239277
2.57611, 1.13097, 0.216942
2.63894, 1.13097, 0.194119
2.70177, 1.13097, 0.170855
2.7646, 1.13097, 0.147197
2.82743, 1.13097, 0.123198
2.89027, 1.13097, 0.0989096
2.9531, 1.13097, 0.0743883
3.01593, 1.13097, 0.0496907
3.07876, 1.13097, 0.024875
0.0628319, 1.19381, 0.891639
0.125664, 1.19381, 0.856872
0.188496, 1.19381, 0.825193
0.251327, 1.19381, 0.796331
0.314159, 1.19381, 0.770027
0.376991, 1.19381, 0.746036
0.439823, 1.19381, 0.724125
0.502655, 1.19381, 0.704071
0.565487, 1.19381, 0.685665
0.628319, 1.19381, 0.668706
0.69115, 1.19381, 0.653005
0.753982, 1.19381, 0.638385
0.816814, 1.19381, 0.624675
0.879646, 1.19381, 0.611719
0.942478, 1.19381, 0.599368
1.00531, 1.19381, 0.587481
1.06814, 1.19381, 0.57593
1.13097, 1.19381, 0.564593
1.19381, 1.19381, 0.553359
1.25664, 1.19381, 0.542126
1.31947, 1.19381, 0.530798
1.3823, 1.19381, 0.519289
1.44513, 1.19381, 0.507523
1.50796, 1.19381, 0.495429
1.5708, 1.19381, 0.482947
1.63363, 1.19381, 0.470021
1.69646, 1.19381, 0.456606
1.75929, 1.19381, 0.442663
1.82212, 1.19381, 0.42816
1.88496, 1.19381, 0.413071
1.94779, 1.19381, 0.397379
2.01062, 1.19381, 0.381071
2.07345, 1.19381, 0.364142
2.13628, 1.19381, 0.346591
2.19911, 1.19381, 0.328425
2.26195, 1.19381, 0.309655
2.32478, 1.19381, 0.290297
2.38761, 1.19381, 0.270373
2.45044, 1.19381, 0.249907
2.51327, 1.19381, 0.228931
2.57611, 1.19381, 0.207478
2.63894, 1.19381, 0.185585
2.70177, 1.19381, 0.163293
2.7646, 1.19381, 0.140645
2.82743, 1.19381, 0.117687
2.89027, 1.19381, 0.0944682
2.9531, 1.19381, 0.071038
3.01593, 1.19381, 0.047448
3.07876, 1.19381, 0.0237509
0.0628319, 1.25664, 0.910432
0.125664, 1.25664, 0.873262
0.188496, 1.25664, 0.839263
0.251327, 1.25664, 0.808164
0.314159, 1.25664, 0.779708
0.376991, 1.25664, 0.753649
0.439823, 1.25664, 0.729754
0.502655, 1.25664, 0.707803
0.565487, 1.25664, 0.687585
0.628319, 1.25664, 0.668902
0.69115, 1.25664, 0.651567
0.753982, 1.25664, 0.6354
0.816814, 1.25664, 0.620235
0.879646, 1.25664, 0.605915
0.942478, 1.25664, 0.592291
1.00531, 1.25664, 0.579225
1.06814, 1.25664, 0.566587
1.13097, 1.25664, 0.554258
1.19381, 1.25664, 0.542126
1.25664, 1.25664, 0.530088
1.31947, 1.25664, 0.51805
1.3823, 1.25664, 0.505926
1.44513, 1.25664, 0.493638
1.50796, 1.25664, 0.481115
1.5708, 1.25664, 0.468296
1.63363, 1.25664, 0.455126
1.69646, 1.25664, 0.441556
1.75929, 1.25664, 0.427546
1.82212, 1.25664, 0.413063
1.88496, 1.25664, 0.39808
1.94779, 1.25664, 0.382575
2.01062, 1.25664, 0.366535
2.07345, 1.25664, 0.349951
2.13628, 1.25664, 0.332821
2.19911, 1.25664, 0.315147
2.26195, 1.25664, 0.296937
2.32478, 1.25664, 0.278204
2.38761, 1.25664, 0.258965
2.45044, 1.25664, 0.239243
2.51327, 1.25664, 0.219063
2.57611, 1.25664, 0.198454
2.63894, 1.25664, 0.177449
2.70177, 1.25664, 0.156086
2.7646, 1.25664, 0.134401
2.82743, 1.25664, 0.112438
2.89027, 1.25664, 0.0902381
2.9531, 1.25664, 0.0678475
3.01593, 1.25664, 0.0453124
3.07876, 1.25664, 0.0226805
0.0628319, 1.31947, 0.92577
0.125664, 1.31947, 0.886482
0.188496, 1.31947, 0.850433
0.251327, 1.31947, 0.817355
0.314159, 1.31947, 0.786991
0.376991, 1.31947, 0.759097
0.439823, 1.31947, 0.73344
0.502655, 1.31947, 0.7098
0.565487, 1.31947, 0.68797
0.628319, 1.31947, 0.667752
0.69115, 1.31947, 0.648959
0.753982, 1.31947, 0.631414
0.816814, 1.31947, 0.614951
0.879646, 1.31947, 0.599414
0.942478, 1.31947, 0.584656
1.00531, 1.31947, 0.570539
1.06814, 1.31947, 0.556936
1.13097, 1.31947, 0.543725
1.19381, 1.31947, 0.530797
1.25664, 1.31947, 0.51805
1.31947, 1.31947, 0.505388
1.3823, 1.31947, 0.492726
1.44513, 1.31947, 0.479987
1.50796, 1.31947, 0.467098
1.5708, 1.31947, 0.453997
1.63363, 1.31947, 0.440629
1.69646, 1.31947, 0.426945
1.75929, 1.31947, 0.412902
1.82212, 1.31947, 0.398467
1.88496, 1.31947, 0.383609
1.94779, 1.31947, 0.368307
2.01062, 1.31947, 0.352543
2.07345, 1.31947, 0.336308
2.13628, 1.31947, 0.319595
2.19911, 1.31947, 0.302405
2.26195, 1.31947, 0.284742
2.32478, 1.31947, 0.266616
2.38761, 1.31947, 0.248042
2.45044, 1.31947, 0.229036
2.51327, 1.31947, 0.209622
2.57611, 1.31947, 0.189825
2.63894, 1.31947, 0.169673
2.70177, 1.31947, 0.149199
2.7646, 1.31947, 0.128438
2.82743, 1.31947, 0.107424
2.89027, 1.31947, 0.0861988
2.9531, 1.31947, 0.0648013
3.01593, 1.31947, 0.0432737
3.07876, 1.31947, 0.0216588
0.0628319, 1.3823, 0.937584
0.125664, 1.3823, 0.89646
0.188496, 1.3823, 0.858633
0.251327, 1.3823, 0.823833
0.314159, 1.3823, 0.791805
0.376991, 1.3823, 0.762307
0.439823, 1.3823, 0.735107
0.502655, 1.3823, 0.709989
0.565487, 1.3823, 0.686744
0.628319, 1.3823, 0.665177
0.69115, 1.3823, 0.645102
0.753982, 1.3823, 0.626345
0.816814, 1.3823, 0.608741
0.879646, 1.3823, 0.592134
0.942478, 1.3823, 0.57638
1.00531, 1.3823, 0.561341
1.06814, 1.3823, 0.546891
1.13097, 1.3823, 0.53291
1.19381, 1.3823, 0.519289
1.25664, 1.3823, 0.505926
1.31947, 1.3823, 0.492726
1.3823, 1.3823, 0.479605
1.44513, 1.3823, 0.466484
1.50796, 1.3823, 0.453292
1.5708, 1.3823, 0.439966
1.63363, 1.3823, 0.426449
1.69646, 1.3823, 0.412692
1.75929, 1.3823, 0.398652
1.82212, 1.3823, 0.384292
1.88496, 1.3823, 0.369583
1.94779, 1.3823, 0.354499
2.01062, 1.3823, 0.339023
2.07345, 1.3823, 0.323141
2.13628, 1.3823, 0.306846
2.19911, 1.3823, 0.290135
2.26195, 1.3823, 0.27301
2.32478, 1.3823, 0.255478
2.38761, 1.3823, 0.237549
2.45044, 1.3823, 0.219239
2.51327, 1.3823, 0.200565
2.57611, 1.3823, 0.181551
2.63894, 1.3823, 0.16222
2.70177, 1.3823, 0.142601
2.7646, 1.3823, 0.122725
2.82743, 1.3823, 0.102623
2.89027, 1.3823, 0.0823315
2.9531, 1.3823, 0.0618853
3.01593, 1.3823, 0.0413223
3.07876, 1.3823, 0.0206808
0.0628319, 1.44513, 0.945819
0.125664, 1.44513, 0.903143
0.188496, 1.44513, 0.863805
0.251327, 1.44513, 0.827538
0.314159, 1.44513, 0.79409
0.376991, 1.44513, 0.763218
0.439823, 1.44513, 0.734695
0.502655, 1.44513, 0.708304
0.565487, 1.44513, 0.68384
0.628319, 1.44513, 0.661109
0.69115, 1.44513, 0.639928
0.753982, 1.44513, 0.620123
0.816814, 1.44513, 0.601533
0.879646, 1.44513, 0.584002
0.942478, 1.44513, 0.567388
1.00531, 1.44513, 0.551554
1.06814, 1.44513, 0.536376
1.13097, 1.44513, 0.521735
1.19381, 1.44513, 0.507523
1.25664, 1.44513, 0.493638
1.31947, 1.44513, 0.479986
1.3823, 1.44513, 0.466484
1.44513, 1.44513, 0.453052
1.50796, 1.44513, 0.43962
1.5708, 1.44513, 0.426125
1.63363, 1.44513, 0.412509
1.69646, 1.44513, 0.398722
1.75929, 1.44513, 0.384721
1.82212, 1.44513, 0.370467
1.88496, 1.44513, 0.35593
1.94779, 1.44513, 0.341084
2.01062, 1.44513, 0.325908
2.07345, 1.44513, 0.310388
2.13628, 1.44513, 0.294513
2.19911, 1.44513, 0.278279
2.26195, 1.44513, 0.261685
2.32478, 1.44513, 0.244735
2.38761, 1.44513, 0.227438
2.45044, 1.44513, 0.209804
2.51327, 1.44513, 0.191849
2.57611, 1.44513, 0.173592
2.63894, 1.44513, 0.155054
2.70177, 1.44513, 0.136261
2.7646, 1.44513, 0.117237
2.82743, 1.44513, 0.0980128
2.89027, 1.44513, 0.0786184
2.9531, 1.44513, 0.0590861
3.01593, 1.44513, 0.0394493
3.07876, 1.44513, 0.0197423
0.0628319, 1.50796, 0.950434
0.125664, 1.50796, 0.906487
0.188496, 1.50796, 0.865906
0.251327, 1.50796, 0.828426
0.314159, 1.50796, 0.793797
0.376991, 1.50796, 0.76178
0.439823, 1.50796, 0.73215
0.502655, 1.50796, 0.704691
0.565487, 1.50796, 0.679202
0.628319, 1.50796, 0.655491
0.69115, 1.50796, 0.633377
0.753982, 1.50796, 0.612688
0.816814, 1.50796, 0.593264
0.879646, 1.50796, 0.574954
0.942478, 1.50796, 0.557614
1.00531, 1.50796, 0.541112
1.06814, 1.50796, 0.525324
1.13097, 1.50796, 0.510132
1.19381, 1.50796, 0.495429
1.25664, 1.50796, 0.481115
1.31947, 1.50796, 0.467098
1.3823, 1.50796, 0.453292
1.44513, 1.50796, 0.43962
1.50796, 1.50796, 0.426012
1.5708, 1.50796, 0.412404
1.63363, 1.50796, 0.398739
1.69646, 1.50796, 0.384966
1.75929, 1.50796, 0.371041
1.82212, 1.50796, 0.356926
1.88496, 1.50796, 0.342587
1.94779, 1.50796, 0.327999
2.01062, 1.50796, 0.313138
2.07345, 1.50796, 0.297989
2.13628, 1.50796, 0.28254
2.19911, 1.50796, 0.266783
2.26195, 1.50796, 0.250716
2.32478, 1.50796, 0.234341
2.38761, 1.50796, 0.217662
2.45044, 1.50796, 0.200689
2.51327, 1.50796, 0.183435
2.57611, 1.50796, 0.165914
2.63894, 1.50796, 0.148145
2.70177, 1.50796, 0.130149
2.7646, 1.50796, 0.11195
2.82743, 1.50796, 0.0935723
2.89027, 1.50796, 0.0750433
2.9531, 1.50796, 0.0563914
3.01593, 1.50796, 0.0376465
3.07876, 1.50796, 0.018839
0.0628319, 1.5708, 0.951404
0.125664, 1.5708, 0.906464
0.188496, 1.5708, 0.864904
0.251327, 1.5708, 0.826463
0.314159, 1.5708, 0.790892
0.376991, 1.5708, 0.757956
0.439823, 1.5708, 0.727432
0.502655, 1.5708, 0.699109
0.565487, 1.5708, 0.672787
0.628319, 1.5708, 0.648277
0.69115, 1.5708, 0.6254
0.753982, 1.5708, 0.603988
0.816814, 1.5708, 0.583883
0.879646, 1.5708, 0.564934
0.942478, 1.5708, 0.547003
1.00531, 1.5708, 0.529957
1.06814, 1.5708, 0.513674
1.13097, 1.5708, 0.49804
1.19381, 1.5708, 0.482946
1.25664, 1.5708, 0.468296
1.31947, 1.5708, 0.453997
1.3823, 1.5708, 0.439966
1.44513, 1.5708, 0.426125
1.50796, 1.5708, 0.412404
1.5708, 1.5708, 0.398741
1.63363, 1.5708, 0.385077
1.69646, 1.5708, 0.371363
1.75929, 1.5708, 0.357553
1.82212, 1.5708, 0.343608
1.88496, 1.5708, 0.329495
1.94779, 1.5708, 0.315185
2.01062, 1.5708, 0.300656
2.07345, 1.5708, 0.28589
2.13628, 1.5708, 0.270873
2.19911, 1.5708, 0.255597
2.26195, 1.5708, 0.240056
2.32478, 1.5708, 0.224249
2.38761, 1.5708, 0.208181
2.45044, 1.5708, 0.191857
2.51327, 1.5708, 0.175287
2.57611, 1.5708, 0.158484
2.63894, 1.5708, 0.141463
2.70177, 1.5708, 0.124242
2.7646, 1.5708, 0.106841
2.82743, 1.5708, 0.0892831
2.89027, 1.5708, 0.0715909
2.9531, 1.5708, 0.0537898
3.01593, 1.5708, 0.0359062
3.07876, 1.5708, 0.0179671
0.0628319, 1.63363, 0.948718
0.125664, 1.63363, 0.903062
0.188496, 1.63363, 0.860785
0.251327, 1.63363, 0.82163
0.314159, 1.63363, 0.785352
0.376991, 1.63363, 0.75172
0.439823, 1.63363, 0.720514
0.502655, 1.63363, 0.691526
0.565487, 1.63363, 0.66456
0.628319, 1.63363, 0.639429
0.69115, 1.63363, 0.615958
0.753982, 1.63363, 0.593981
0.816814, 1.63363, 0.573344
0.879646, 1.63363, 0.553898
0.942478, 1.63363, 0.535506
1.00531, 1.63363, 0.518039
1.06814, 1.63363, 0.501377
1.13097, 1.63363, 0.485406
1.19381, 1.63363, 0.470021
1.25664, 1.63363, 0.455125
1.31947, 1.63363, 0.440629
1.3823, 1.63363, 0.426449
1.44513, 1.63363, 0.412509
1.50796, 1.63363, 0.398739
1.5708, 1.63363, 0.385077
1.63363, 1.63363, 0.371466
1.69646, 1.63363, 0.357855
1.75929, 1.63363, 0.344198
1.82212, 1.63363, 0.330457
1.88496, 1.63363, 0.316598
1.94779, 1.63363, 0.302591
2.01062, 1.63363, 0.288412
2.07345, 1.63363, 0.274042
2.13628, 1.63363, 0.259467
2.19911, 1.63363, 0.244675
2.26195, 1.63363, 0.22966
2.32478, 1.63363, 0.21442
2.38761, 1.63363, 0.198956
2.45044, 1.63363, 0.18327
2.51327, 1.63363, 0.167372
2.57611, 1.63363, 0.151271
2.63894, 1.63363, 0.13498
2.70177, 1.63363, 0.118514
2.7646, 1.63363, 0.10189
2.82743, 1.63363, 0.0851277
2.89027, 1.63363, 0.0682473
2.9531, 1.63363, 0.0512708
3.01593, 1.63363, 0.0342215
3.07876, 1.63363, 0.0171231
0.0628319, 1.69646, 0.94238
0.125664, 1.69646, 0.896279
0.188496, 1.69646, 0.853543
0.251327, 1.69646, 0.81392
0.314159, 1.69646, 0.777167
0.376991, 1.69646, 0.743059
0.439823, 1.69646, 0.711378
0.502655, 1.69646, 0.681922
0.565487, 1.69646, 0.654497
0.628319, 1.69646, 0.62892
0.69115, 1.69646, 0.605021
0.753982, 1.69646, 0.582636
0.816814, 1.69646, 0.561613
0.879646, 1.69646, 0.541807
0.942478, 1.69646, 0.523084
1.00531, 1.69646, 0.505317
1.06814, 1.69646, 0.488388
1.13097, 1.69646, 0.472185
1.19381, 1.69646, 0.456606
1.25664, 1.69646, 0.441556
1.31947, 1.69646, 0.426945
1.3823, 1.69646, 0.412692
1.44513, 1.69646, 0.398722
1.50796, 1.69646, 0.384966
1.5708, 1.69646, 0.371363
1.63363, 1.69646, 0.357855
1.69646, 1.69646, 0.344392
1.75929, 1.69646, 0.330928
1.82212, 1.69646, 0.317426
1.88496, 1.69646, 0.303849
1.94779, 1.69646, 0.290168
2.01062, 1.69646, 0.276358
2.07345, 1.69646, 0.2624
2.13628, 1.69646, 0.248276
2.19911, 1.69646, 0.233976
2.26195, 1.69646, 0.21949
2.32478, 1.69646, 0.204815
2.38761, 1.69646, 0.18995
2.45044, 1.69646, 0.174897
2.51327, 1.69646, 0.15966
2.57611, 1.69646, 0.144249
2.63894, 1.69646, 0.128673
2.70177, 1.69646, 0.112944
2.7646, 1.69646, 0.0970777
2.82743, 1.69646, 0.0810903
2.89027, 1.69646, 0.0649996
2.9531, 1.69646, 0.0488247
3.01593, 1.69646, 0.0325858
3.07876, 1.69646, 0.0163037
0.0628319, 1.75929, 0.932409
0.125664, 1.75929, 0.886131
0.188496, 1.75929, 0.84319
0.251327, 1.75929, 0.803338
0.314159, 1.75929, 0.766338
0.376991, 1.75929, 0.731968
0.439823, 1.75929, 0.700018
0.502655, 1.75929, 0.670286
0.565487, 1.75929, 0.642585
0.628319, 1.75929, 0.616735
0.69115, 1.75929, 0.59257
0.753982, 1.75929, 0.569929
0.816814, 1.75929, 0.548664
0.879646, 1.75929, 0.528634
0.942478, 1.75929, 0.509706
1.00531, 1.75929, 0.491757
1.06814, 1.75929, 0.474671
1.13097, 1.75929, 0.45834
1.19381, 1.75929, 0.442663
1.25664, 1.75929, 0.427546
1.31947, 1.75929, 0.412902
1.3823, 1.75929, 0.398652
1.44513, 1.75929, 0.384721
1.50796, 1.75929, 0.371041
1.5708, 1.75929, 0.357553
1.63363, 1.75929, 0.344198
1.69646, 1.75929, 0.330928
1.75929, 1.75929, 0.317698
1.82212, 1.75929, 0.304468
1.88496, 1.75929, 0.291203
1.94779, 1.75929, 0.277873
2.01062, 1.75929, 0.264453
2.07345, 1.75929, 0.250922
2.13628, 1.75929, 0.237262
2.19911, 1.75929, 0.223461
2.26195, 1.75929, 0.209509
2.32478, 1.75929, 0.195401
2.38761, 1.75929, 0.181133
2.45044, 1.75929, 0.166706
2.51327, 1.75929, 0.152124
2.57611, 1.75929, 0.137391
2.63894, 1.75929, 0.122517
2.70177, 1.75929, 0.107511
2.7646, 1.75929, 0.0923864
2.82743, 1.75929, 0.0771563
2.89027, 1.75929, 0.0618361
2.9531, 1.75929, 0.0464426
3.01593, 1.75929, 0.0309932
3.07876, 1.75929, 0.0155061
0.0628319, 1.82212, 0.918839
0.125664, 1.82212, 0.872646
0.188496, 1.82212, 0.829748
0.251327, 1.82212, 0.789903
0.314159, 1.82212, 0.752879
0.376991, 1.82212, 0.718459
0.439823, 1.82212, 0.686438
0.502655, 1.82212, 0.65662
0.565487, 1.82212, 0.628821
0.628319, 1.82212, 0.602867
0.69115, 1.82212, 0.578594
0.753982, 1.82212, 0.555847
0.816814, 1.82212, 0.53448
0.879646, 1.82212, 0.514357
0.942478, 1.82212, 0.495349
1.00531, 1.82212, 0.477334
1.06814, 1.82212, 0.4602
1.13097, 1.82212, 0.443842
1.19381, 1.82212, 0.42816
1.25664, 1.82212, 0.413063
1.31947, 1.82212, 0.398467
1.3823, 1.82212, 0.384292
1.44513, 1.82212, 0.370467
1.50796, 1.82212, 0.356926
1.5708, 1.82212, 0.343608
1.63363, 1.82212, 0.330457
1.69646, 1.82212, 0.317426
1.75929, 1.82212, 0.304468
1.82212, 1.82212, 0.291545
1.88496, 1.82212, 0.278622
1.94779, 1.82212, 0.265669
2.01062, 1.82212, 0.25266
2.07345, 1.82212, 0.239572
2.13628, 1.82212, 0.22639
2.19911, 1.82212, 0.213098
2.26195, 1.82212, 0.199685
2.32478, 1.82212, 0.186146
2.38761, 1.82212, 0.172475
2.45044, 1.82212, 0.158671
2.51327, 1.82212, 0.144737
2.57611, 1.82212, 0.130675
2.63894, 1.82212, 0.116493
2.70177, 1.82212, 0.102198
2.7646, 1.82212, 0.0878004
2.82743, 1.82212, 0.0733121
2.89027, 1.82212, 0.058746
2.9531, 1.82212, 0.0441164
3.01593, 1.82212, 0.0294382
3.07876, 1.82212, 0.0147273
0.0628319, 1.88496, 0.901716
0.125664, 1.88496, 0.855866
0.188496, 1.88496, 0.813254
0.251327, 1.88496, 0.773646
0.314159, 1.88496, 0.736816
0.376991, 1.88496, 0.702552
0.439823, 1.88496, 0.670655
0.502655, 1.88496, 0.640934
0.565487, 1.88496, 0.613211
0.628319, 1.88496, 0.587317
0.69115, 1.88496, 0.563091
0.753982, 1.88496, 0.540384
0.816814, 1.88496, 0.519053
0.879646, 1.88496, 0.498966
0.942478, 1.88496, 0.479998
1.00531, 1.88496, 0.46203
1.06814, 1.88496, 0.444954
1.13097, 1.88496, 0.428666
1.19381, 1.88496, 0.413071
1.25664, 1.88496, 0.398079
1.31947, 1.88496, 0.383609
1.3823, 1.88496, 0.369583
1.44513, 1.88496, 0.35593
1.50796, 1.88496, 0.342587
1.5708, 1.88496, 0.329494
1.63363, 1.88496, 0.316598
1.69646, 1.88496, 0.303848
1.75929, 1.88496, 0.291203
1.82212, 1.88496, 0.278622
1.88496, 1.88496, 0.266071
1.94779, 1.88496, 0.25352
2.01062, 1.88496, 0.240944
2.07345, 1.88496, 0.228318
2.13628, 1.88496, 0.215627
2.19911, 1.88496, 0.202854
2.26195, 1.88496, 0.189988
2.32478, 1.88496, 0.177022
2.38761, 1.88496, 0.163949
2.45044, 1.88496, 0.150767
2.51327, 1.88496, 0.137477
2.57611, 1.88496, 0.12408
2.63894, 1.88496, 0.110581
2.70177, 1.88496, 0.0969868
2.7646, 1.88496, 0.0833051
2.82743, 1.88496, 0.0695456
2.89027, 1.88496, 0.0557195
2.9531, 1.88496, 0.0418386
3.01593, 1.88496, 0.0279159
3.07876, 1.88496, 0.0139651
0.0628319, 1.94779, 0.881105
0.125664, 1.94779, 0.835846
0.188496, 1.94779, 0.793758
0.251327, 1.94779, 0.75461
0.314159, 1.94779, 0.718186
0.376991, 1.94779, 0.684279
0.439823, 1.94779, 0.652695
0.502655, 1.94779, 0.623252
0.565487, 1.94779, 0.595774
0.628319, 1.94779, 0.570098
0.69115, 1.94779, 0.54607
0.753982, 1.94779, 0.523544
0.816814, 1.94779, 0.502383
0.879646, 1.94779, 0.482457
0.942478, 1.94779, 0.463646
1.00531, 1.94779, 0.445835
1.06814, 1.94779, 0.428919
1.13097, 1.94779, 0.412798
1.19381, 1.94779, 0.397379
1.25664, 1.94779, 0.382575
1.31947, 1.94779, 0.368306
1.3823, 1.94779, 0.354499
1.44513, 1.94779, 0.341084
1.50796, 1.94779, 0.327999
1.5708, 1.94779, 0.315185
1.63363, 1.94779, 0.302591
1.69646, 1.94779, 0.290168
1.75929, 1.94779, 0.277873
1.82212, 1.94779, 0.265669
1.88496, 1.94779, 0.25352
1.94779, 1.94779, 0.241398
2.01062, 1.94779, 0.229276
2.07345, 1.94779, 0.217131
2.13628, 1.94779, 0.204945
2.19911, 1.94779, 0.192703
2.26195, 1.94779, 0.180392
2.32478, 1.94779, 0.168004
2.38761, 1.94779, 0.155532
2.45044, 1.94779, 0.142972
2.51327, 1.94779, 0.130323
2.57611, 1.94779, 0.117587
2.63894, 1.94779, 0.104765
2.70177, 1.94779, 0.0918631
2.7646, 1.94779, 0.0788874
2.82743, 1.94779, 0.0658459
2.89027, 1.94779, 0.0527476
2.9531, 1.94779, 0.0396026
3.01593, 1.94779, 0.0264219
3.07876, 1.94779, 0.013217
0.0628319, 2.01062, 0.85708
0.125664, 2.01062, 0.812656
0.188496, 2.01062, 0.771321
0.251327, 2.01062, 0.732851
0.314159, 2.01062, 0.697038
0.376991, 2.01062, 0.663682
0.439823, 2.01062, 0.632596
0.502655, 2.01062, 0.603603
0.565487, 2.01062, 0.576534
0.628319, 2.01062, 0.551232
0.69115, 2.01062, 0.527547
0.753982, 2.01062, 0.505339
0.816814, 2.01062, 0.484476
0.879646, 2.01062, 0.464833
0.942478, 2.01062, 0.446293
1.00531, 2.01062, 0.428746
1.06814, 2.01062, 0.41209
1.13097, 2.01062, 0.396228
1.19381, 2.01062, 0.381071
1.25664, 2.01062, 0.366535
1.31947, 2.01062, 0.352543
1.3823, 2.01062, 0.339023
1.44513, 2.01062, 0.325908
1.50796, 2.01062, 0.313138
1.5708, 2.01062, 0.300656
1.63363, 2.01062, 0.288412
1.69646, 2.01062, 0.276358
1.75929, 2.01062, 0.264453
1.82212, 2.01062, 0.25266
1.88496, 2.01062, 0.240944
1.94779, 2.01062, 0.229276
2.01062, 2.01062, 0.21763
2.07345, 2.01062, 0.205984
2.13628, 2.01062, 0.19432
2.19911, 2.01062, 0.18262
2.26195, 2.01062, 0.170874
2.32478, 2.01062, 0.15907
2.38761, 2.01062, 0.147202
2.45044, 2.01062, 0.135266
2.51327, 2.01062, 0.123258
2.57611, 2.01062, 0.111178
2.63894, 2.01062, 0.099029
2.70177, 2.01062, 0.0868131
2.7646, 2.01062, 0.0745357
2.82743, 2.01062, 0.0622029
2.89027, 2.01062, 0.0498223
2.9531, 2.01062, 0.0374023
3.01593, 2.01062, 0.024952
3.07876, 2.01062, 0.0124812
0.0628319, 2.07345, 0.829733
0.125664, 2.07345, 0.786378
0.188496, 2.07345, 0.746017
0.251327, 2.07345, 0.708436
0.314159, 2.07345, 0.673433
0.376991, 2.07345, 0.640816
0.439823, 2.07345, 0.610404
0.502655, 2.07345, 0.582029
0.565487, 2.07345, 0.555527
0.628319, 2.07345, 0.530748
0.69115, 2.07345, 0.507547
0.753982, 2.07345, 0.48579
0.816814, 2.07345, 0.465349
0.879646, 2.07345, 0.446106
0.942478, 2.07345, 0.427946
1.00531, 2.07345, 0.410766
1.06814, 2.07345, 0.394465
1.13097, 2.07345, 0.378953
1.19381, 2.07345, 0.364141
1.25664, 2.07345, 0.349951
1.31947, 2.07345, 0.336308
1.3823, 2.07345, 0.323141
1.44513, 2.07345, 0.310388
1.50796, 2.07345, 0.297989
1.5708, 2.07345, 0.28589
1.63363, 2.07345, 0.274042
1.69646, 2.07345, 0.262399
1.75929, 2.07345, 0.250922
1.82212, 2.07345, 0.239572
1.88496, 2.07345, 0.228318
1.94779, 2.07345, 0.217131
2.01062, 2.07345, 0.205984
2.07345, 2.07345, 0.194856
2.13628, 2.07345, 0.183729
2.19911, 2.07345, 0.172585
2.26195, 2.07345, 0.161412
2.32478, 2.07345, 0.150201
2.38761, 2.07345, 0.138942
2.45044, 2.07345, 0.127631
2.51327, 2.07345, 0.116264
2.57611, 2.07345, 0.10484
2.63894, 2.07345, 0.0933594
2.70177, 2.07345, 0.0818246
2.7646, 2.07345, 0.0702391
2.82743, 2.07345, 0.0586078
2.89027, 2.07345, 0.0469365
2.9531, 2.07345, 0.0352322
3.01593, 2.07345, 0.0235025
3.07876, 2.07345, 0.0117556
0.0628319, 2.13628, 0.799166
0.125664, 2.13628, 0.757107
0.188496, 2.13628, 0.717934
0.251327, 2.13628, 0.681443
0.314159, 2.13628, 0.647441
0.376991, 2.13628, 0.615743
0.439823, 2.13628, 0.586177
0.502655, 2.13628, 0.558581
0.565487, 2.13628, 0.532798
0.628319, 2.13628, 0.508685
0.69115, 2.13628, 0.486103
0.753982, 2.13628, 0.464924
0.816814, 2.13628, 0.445026
0.879646, 2.13628, 0.426294
0.942478, 2.13628, 0.408621
1.00531, 2.13628, 0.391905
1.06814, 2.13628, 0.376053
1.13097, 2.13628, 0.360976
1.19381, 2.13628, 0.346591
1.25664, 2.13628, 0.332821
1.31947, 2.13628, 0.319595
1.3823, 2.13628, 0.306846
1.44513, 2.13628, 0.294513
1.50796, 2.13628, 0.28254
1.5708, 2.13628, 0.270873
1.63363, 2.13628, 0.259466
1.69646, 2.13628, 0.248276
1.75929, 2.13628, 0.237262
1.82212, 2.13628, 0.22639
1.88496, 2.13628, 0.215627
1.94779, 2.13628, 0.204945
2.01062, 2.13628, 0.19432
2.07345, 2.13628, 0.183729
2.13628, 2.13628, 0.173154
2.19911, 2.13628, 0.162578
2.26195, 2.13628, 0.15199
2.32478, 2.13628, 0.141378
2.38761, 2.13628, 0.130733
2.45044, 2.13628, 0.120051
2.51327, 2.13628, 0.109326
2.57611, 2.13628, 0.0985576
2.63894, 2.13628, 0.0877441
2.70177, 2.13628, 0.0768868
2.7646, 2.13628, 0.0659884
2.82743, 2.13628, 0.0550525
2.89027, 2.13628, 0.0440837
2.9531, 2.13628, 0.0330875
3.01593, 2.13628, 0.0220703
3.07876, 2.13628, 0.0110388
0.0628319, 2.19911, 0.765496
0.125664, 2.19911, 0.724949
0.188496, 2.19911, 0.687169
0.251327, 2.19911, 0.651963
0.314159, 2.19911, 0.619144
0.376991, 2.19911, 0.588538
0.439823, 2.19911, 0.559982
0.502655, 2.19911, 0.533318
0.565487, 2.19911, 0.5084
0.628319, 2.19911, 0.48509
0.69115, 2.19911, 0.463257
0.753982, 2.19911, 0.442778
0.816814, 2.19911, 0.423536
0.879646, 2.19911, 0.405424
0.942478, 2.19911, 0.388337
1.00531, 2.19911, 0.372182
1.06814, 2.19911, 0.356866
1.13097, 2.19911, 0.342307
1.19381, 2.19911, 0.328425
1.25664, 2.19911, 0.315147
1.31947, 2.19911, 0.302405
1.3823, 2.19911, 0.290135
1.44513, 2.19911, 0.278279
1.50796, 2.19911, 0.266783
1.5708, 2.19911, 0.255597
1.63363, 2.19911, 0.244675
1.69646, 2.19911, 0.233975
1.75929, 2.19911, 0.223461
1.82212, 2.19911, 0.213098
1.88496, 2.19911, 0.202854
1.94779, 2.19911, 0.192703
2.01062, 2.19911, 0.18262
2.07345, 2.19911, 0.172585
2.13628, 2.19911, 0.162578
2.19911, 2.19911, 0.152585
2.26195, 2.19911, 0.142591
2.32478, 2.19911, 0.132587
2.38761, 2.19911, 0.122563
2.45044, 2.19911, 0.112514
2.51327, 2.19911, 0.102434
2.57611, 2.19911, 0.0923202
2.63894, 2.19911, 0.0821724
2.70177, 2.19911, 0.0719902
2.7646, 2.19911, 0.0617752
2.82743, 2.19911, 0.05153
2.89027, 2.19911, 0.0412581
2.9531, 2.19911, 0.0309639
3.01593, 2.19911, 0.0206525
3.07876, 2.19911, 0.0103292
0.0628319, 2.26195, 0.728851
0.125664, 2.26195, 0.690023
0.188496, 2.26195, 0.653832
0.251327, 2.26195, 0.620094
0.314159, 2.26195, 0.588633
0.376991, 2.26195, 0.559285
0.439823, 2.26195, 0.531893
0.502655, 2.26195, 0.506309
0.565487, 2.26195, 0.482395
0.628319, 2.26195, 0.460019
0.69115, 2.26195, 0.439057
0.753982, 2.26195, 0.419393
0.816814, 2.26195, 0.400917
0.879646, 2.26195, 0.383527
0.942478, 2.26195, 0.367124
1.00531, 2.26195, 0.351618
1.06814, 2.26195, 0.336923
1.13097, 2.26195, 0.32296
1.19381, 2.26195, 0.309655
1.25664, 2.26195, 0.296937
1.31947, 2.26195, 0.284742
1.3823, 2.26195, 0.27301
1.44513, 2.26195, 0.261685
1.50796, 2.26195, 0.250716
1.5708, 2.26195, 0.240056
1.63363, 2.26195, 0.22966
1.69646, 2.26195, 0.21949
1.75929, 2.26195, 0.209509
1.82212, 2.26195, 0.199685
1.88496, 2.26195, 0.189988
1.94779, 2.26195, 0.180392
2.01062, 2.26195, 0.170874
2.07345, 2.26195, 0.161412
2.13628, 2.26195, 0.15199
2.19911, 2.26195, 0.142591
2.26195, 2.26195, 0.133203
2.32478, 2.26195, 0.123815
2.38761, 2.26195, 0.114419
2.45044, 2.26195, 0.105007
2.51327, 2.26195, 0.0955738
2.57611, 2.26195, 0.0861172
2.63894, 2.26195, 0.0766349
2.70177, 2.26195, 0.0671264
2.7646, 2.26195, 0.0575922
2.82743, 2.26195, 0.0480342
2.89027, 2.26195, 0.0384548
2.9531, 2.26195, 0.0288576
3.01593, 2.26195, 0.0192464
3.07876, 2.26195, 0.00962562
0.0628319, 2.32478, 0.689373
0.125664, 2.32478, 0.652459
0.188496, 2.32478, 0.618042
0.251327, 2.32478, 0.585948
0.314159, 2.32478, 0.556011
0.376991, 2.32478, 0.528075
0.439823, 2.32478, 0.501995
0.502655, 2.32478, 0.47763
0.565487, 2.32478, 0.454851
0.628319, 2.32478, 0.433532
0.69115, 2.32478, 0.413559
0.753982, 2.32478, 0.394821
0.816814, 2.32478, 0.377214
0.879646, 2.32478, 0.360642
0.942478, 2.32478, 0.345013
1.00531, 2.32478, 0.330242
1.06814, 2.32478, 0.316248
1.13097, 2.32478, 0.302956
1.19381, 2.32478, 0.290297
1.25664, 2.32478, 0.278204
1.31947, 2.32478, 0.266616
1.3823, 2.32478, 0.255478
1.44513, 2.32478, 0.244735
1.50796, 2.32478, 0.234341
1.5708, 2.32478, 0.224249
1.63363, 2.32478, 0.21442
1.69646, 2.32478, 0.204815
1.75929, 2.32478, 0.195401
1.82212, 2.32478, 0.186146
1.88496, 2.32478, 0.177022
1.94779, 2.32478, 0.168004
2.01062, 2.32478, 0.15907
2.07345, 2.32478, 0.150201
2.13628, 2.32478, 0.141378
2.19911, 2.32478, 0.132587
2.26195, 2.32478, 0.123815
2.32478, 2.32478, 0.115053
2.38761, 2.32478, 0.10629
2.45044, 2.32478, 0.0975199
2.51327, 2.32478, 0.0887379
2.57611, 2.32478, 0.07994
2.63894, 2.32478, 0.0711237
2.70177, 2.32478, 0.0622881
2.7646, 2.32478, 0.053433
2.82743, 2.32478, 0.0445596
2.89027, 2.32478, 0.0356695
2.9531, 2.32478, 0.0267652
3.01593, 2.32478, 0.0178498
3.07876, 2.32478, 0.00892686
0.0628319, 2.38761, 0.647214
0.125664, 2.38761, 0.612399
0.188496, 2.38761, 0.57993
0.251327, 2.38761, 0.549644
0.314159, 2.38761, 0.521386
0.376991, 2.38761, 0.495011
0.439823, 2.38761, 0.470381
0.502655, 2.38761, 0.447367
0.565487, 2.38761, 0.425846
0.628319, 2.38761, 0.405702
0.69115, 2.38761, 0.386826
0.753982, 2.38761, 0.369116
0.816814, 2.38761, 0.352475
0.879646, 2.38761, 0.336813
0.942478, 2.38761, 0.322044
1.00531, 2.38761, 0.308089
1.06814, 2.38761, 0.294871
1.13097, 2.38761, 0.282321
1.19381, 2.38761, 0.270372
1.25664, 2.38761, 0.258965
1.31947, 2.38761, 0.248042
1.3823, 2.38761, 0.237549
1.44513, 2.38761, 0.227437
1.50796, 2.38761, 0.217662
1.5708, 2.38761, 0.208181
1.63363, 2.38761, 0.198955
1.69646, 2.38761, 0.18995
1.75929, 2.38761, 0.181133
1.82212, 2.38761, 0.172475
1.88496, 2.38761, 0.163949
1.94779, 2.38761, 0.155532
2.01062, 2.38761, 0.147202
2.07345, 2.38761, 0.138942
2.13628, 2.38761, 0.130733
2.19911, 2.38761, 0.122563
2.26195, 2.38761, 0.114419
2.32478, 2.38761, 0.10629
2.38761, 2.38761, 0.0981676
2.45044, 2.38761, 0.0900454
2.51327, 2.38761, 0.0819179
2.57611, 2.38761, 0.0737809
2.63894, 2.38761, 0.0656319
2.70177, 2.38761, 0.0574692
2.7646, 2.38761, 0.0492923
2.82743, 2.38761, 0.0411016
2.89027, 2.38761, 0.0328982
2.9531, 2.38761, 0.0246839
3.01593, 2.38761, 0.0164609
3.07876, 2.38761, 0.00823198
0.0628319, 2.45044, 0.602535
0.125664, 2.45044, 0.569993
0.188496, 2.45044, 0.539635
0.251327, 2.45044, 0.511312
0.314159, 2.45044, 0.484879
0.376991, 2.45044, 0.460202
0.439823, 2.45044, 0.437152
0.502655, 2.45044, 0.415611
0.565487, 2.45044, 0.395463
0.628319, 2.45044, 0.376602
0.69115, 2.45044, 0.358927
0.753982, 2.45044, 0.342342
0.816814, 2.45044, 0.326759
0.879646, 2.45044, 0.312092
0.942478, 2.45044, 0.298263
1.00531, 2.45044, 0.285197
1.06814, 2.45044, 0.272826
1.13097, 2.45044, 0.261083
1.19381, 2.45044, 0.249907
1.25664, 2.45044, 0.239243
1.31947, 2.45044, 0.229036
1.3823, 2.45044, 0.219238
1.44513, 2.45044, 0.209803
1.50796, 2.45044, 0.200689
1.5708, 2.45044, 0.191857
1.63363, 2.45044, 0.18327
1.69646, 2.45044, 0.174897
1.75929, 2.45044, 0.166706
1.82212, 2.45044, 0.158671
1.88496, 2.45044, 0.150767
1.94779, 2.45044, 0.142972
2.01062, 2.45044, 0.135266
2.07345, 2.45044, 0.127631
2.13628, 2.45044, 0.120051
2.19911, 2.45044, 0.112514
2.26195, 2.45044, 0.105006
2.32478, 2.45044, 0.0975199
2.38761, 2.45044, 0.0900454
2.45044, 2.45044, 0.0825763
2.51327, 2.45044, 0.0751072
2.57611, 2.45044, 0.0676339
2.63894, 2.45044, 0.0601536
2.70177, 2.45044, 0.0526644
2.7646, 2.45044, 0.0451653
2.82743, 2.45044, 0.0376563
2.89027, 2.45044, 0.0301378
2.9531, 2.45044, 0.0226112
3.01593, 2.45044, 0.015078
3.07876, 2.45044, 0.00754015
0.0628319, 2.51327, 0.555511
0.125664, 2.51327, 0.525401
0.188496, 2.51327, 0.497306
0.251327, 2.51327, 0.471089
0.314159, 2.51327, 0.446616
0.376991, 2.51327, 0.423764
0.439823, 2.51327, 0.402416
0.502655, 2.51327, 0.382461
0.565487, 2.51327, 0.363794
0.628319, 2.51327, 0.346317
0.69115, 2.51327, 0.329937
0.753982, 2.51327, 0.314567
0.816814, 2.51327, 0.300125
0.879646, 2.51327, 0.286533
0.942478, 2.51327, 0.273718
1.00531, 2.51327, 0.261612
1.06814, 2.51327, 0.250152
1.13097, 2.51327, 0.239277
1.19381, 2.51327, 0.228931
1.25664, 2.51327, 0.219062
1.31947, 2.51327, 0.209622
1.3823, 2.51327, 0.200565
1.44513, 2.51327, 0.191849
1.50796, 2.51327, 0.183435
1.5708, 2.51327, 0.175287
1.63363, 2.51327, 0.167372
1.69646, 2.51327, 0.15966
1.75929, 2.51327, 0.152124
1.82212, 2.51327, 0.144737
1.88496, 2.51327, 0.137477
1.94779, 2.51327, 0.130323
2.01062, 2.51327, 0.123258
2.07345, 2.51327, 0.116264
2.13628, 2.51327, 0.109326
2.19911, 2.51327, 0.102433
2.26195, 2.51327, 0.0955738
2.32478, 2.51327, 0.0887379
2.38761, 2.51327, 0.0819178
2.45044, 2.51327, 0.0751072
2.51327, 2.51327, 0.0683006
2.57611, 2.51327, 0.061494
2.63894, 2.51327, 0.0546843
2.70177, 2.51327, 0.0478695
2.7646, 2.51327, 0.0410483
2.82743, 2.51327, 0.0342203
2.89027, 2.51327, 0.0273857
2.9531, 2.51327, 0.0205451
3.01593, 2.51327, 0.0136996
3.07876, 2.51327, 0.00685066
0.0628319, 2.57611, 0.506324
0.125664, 2.57611, 0.478793
0.188496, 2.57611, 0.453101
0.251327, 2.57611, 0.42912
0.314159, 2.57611, 0.406732
0.376991, 2.57611, 0.385823
0.439823, 2.57611, 0.366286
0.502655, 2.57611, 0.348022
0.565487, 2.57611, 0.330934
0.628319, 2.57611, 0.314934
0.69115, 2.57611, 0.299938
0.753982, 2.57611, 0.285865
0.816814, 2.57611, 0.272641
0.879646, 2.57611, 0.260196
0.942478, 2.57611, 0.248463
1.00531, 2.57611, 0.237382
1.06814, 2.57611, 0.226893
1.13097, 2.57611, 0.216941
1.19381, 2.57611, 0.207478
1.25664, 2.57611, 0.198454
1.31947, 2.57611, 0.189825
1.3823, 2.57611, 0.18155
1.44513, 2.57611, 0.173592
1.50796, 2.57611, 0.165914
1.5708, 2.57611, 0.158484
1.63363, 2.57611, 0.151271
1.69646, 2.57611, 0.144249
1.75929, 2.57611, 0.137391
1.82212, 2.57611, 0.130675
1.88496, 2.57611, 0.12408
1.94779, 2.57611, 0.117587
2.01062, 2.57611, 0.111178
2.07345, 2.57611, 0.10484
2.13628, 2.57611, 0.0985576
2.19911, 2.57611, 0.0923202
2.26195, 2.57611, 0.0861172
2.32478, 2.57611, 0.0799399
2.38761, 2.57611, 0.0737809
2.45044, 2.57611, 0.0676339
2.51327, 2.57611, 0.0614939
2.57611, 2.57611, 0.055357
2.63894, 2.57611, 0.04922
2.70177, 2.57611, 0.0430809
2.7646, 2.57611, 0.0369381
2.82743, 2.57611, 0.030791
2.89027, 2.57611, 0.0246395
2.9531, 2.57611, 0.0184838
3.01593, 2.57611, 0.0123246
3.07876, 2.57611, 0.00616293
0.0628319, 2.63894, 0.455163
0.125664, 2.63894, 0.430347
0.188496, 2.63894, 0.407183
0.251327, 2.63894, 0.38556
0.314159, 2.63894, 0.365369
0.376991, 2.63894, 0.346509
0.439823, 2.63894, 0.328885
0.502655, 2.63894, 0.312406
0.565487, 2.63894, 0.296987
0.628319, 2.63894, 0.282549
0.69115, 2.63894, 0.269014
0.753982, 2.63894, 0.256313
0.816814, 2.63894, 0.244378
0.879646, 2.63894, 0.233146
0.942478, 2.63894, 0.222558
1.00531, 2.63894, 0.212559
1.06814, 2.63894, 0.203095
1.13097, 2.63894, 0.194119
1.19381, 2.63894, 0.185585
1.25664, 2.63894, 0.177449
1.31947, 2.63894, 0.169673
1.3823, 2.63894, 0.16222
1.44513, 2.63894, 0.155054
1.50796, 2.63894, 0.148145
1.5708, 2.63894, 0.141463
1.63363, 2.63894, 0.13498
1.69646, 2.63894, 0.128672
1.75929, 2.63894, 0.122517
1.82212, 2.63894, 0.116493
1.88496, 2.63894, 0.110581
1.94779, 2.63894, 0.104765
2.01062, 2.63894, 0.0990289
2.07345, 2.63894, 0.0933593
2.13628, 2.63894, 0.087744
2.19911, 2.63894, 0.0821723
2.26195, 2.63894, 0.0766349
2.32478, 2.63894, 0.0711237
2.38761, 2.63894, 0.0656318
2.45044, 2.63894, 0.0601536
2.51327, 2.63894, 0.0546843
2.57611, 2.63894, 0.04922
2.63894, 2.63894, 0.0437579
2.70177, 2.63894, 0.0382958
2.7646, 2.63894, 0.0328322
2.82743, 2.63894, 0.0273662
2.89027, 2.63894, 0.0218974
2.9531, 2.63894, 0.0164259
3.01593, 2.63894, 0.010952
3.07876, 2.63894, 0.00547647
0.0628319, 2.70177, 0.402229
0.125664, 2.70177, 0.380247
0.188496, 2.70177, 0.359726
0.251327, 2.70177, 0.340567
0.314159, 2.70177, 0.322675
0.376991, 2.70177, 0.30596
0.439823, 2.70177, 0.290338
0.502655, 2.70177, 0.27573
0.565487, 2.70177, 0.26206
0.628319, 2.70177, 0.249259
0.69115, 2.70177, 0.237258
0.753982, 2.70177, 0.225996
0.816814, 2.70177, 0.215412
0.879646, 2.70177, 0.205453
0.942478, 2.70177, 0.196065
1.00531, 2.70177, 0.187199
1.06814, 2.70177, 0.17881
1.13097, 2.70177, 0.170855
1.19381, 2.70177, 0.163292
1.25664, 2.70177, 0.156086
1.31947, 2.70177, 0.149199
1.3823, 2.70177, 0.142601
1.44513, 2.70177, 0.13626
1.50796, 2.70177, 0.130149
1.5708, 2.70177, 0.124242
1.63363, 2.70177, 0.118514
1.69646, 2.70177, 0.112944
1.75929, 2.70177, 0.107511
1.82212, 2.70177, 0.102198
1.88496, 2.70177, 0.0969867
1.94779, 2.70177, 0.091863
2.01062, 2.70177, 0.086813
2.07345, 2.70177, 0.0818245
2.13628, 2.70177, 0.0768868
2.19911, 2.70177, 0.0719902
2.26195, 2.70177, 0.0671263
2.32478, 2.70177, 0.062288
2.38761, 2.70177, 0.0574691
2.45044, 2.70177, 0.0526644
2.51327, 2.70177, 0.0478695
2.57611, 2.70177, 0.0430809
2.63894, 2.70177, 0.0382958
2.70177, 2.70177, 0.0335123
2.7646, 2.70177, 0.0287287
2.82743, 2.70177, 0.0239442
2.89027, 2.70177, 0.0191581
2.9531, 2.70177, 0.0143704
3.01593, 2.70177, 0.00958122
3.07876, 2.70177, 0.00479091
0.0628319, 2.7646, 0.347727
0.125664, 2.7646, 0.328685
0.188496, 2.7646, 0.310908
0.251327, 2.7646, 0.294307
0.314159, 2.7646, 0.278803
0.376991, 2.7646, 0.264318
0.439823, 2.7646, 0.250778
0.502655, 2.7646, 0.238116
0.565487, 2.7646, 0.226266
0.628319, 2.7646, 0.215167
0.69115, 2.7646, 0.204763
0.753982, 2.7646, 0.194998
0.816814, 2.7646, 0.185823
0.879646, 2.7646, 0.177188
0.942478, 2.7646, 0.169049
1.00531, 2.7646, 0.161364
1.06814, 2.7646, 0.154092
1.13097, 2.7646, 0.147197
1.19381, 2.7646, 0.140644
1.25664, 2.7646, 0.134401
1.31947, 2.7646, 0.128437
1.3823, 2.7646, 0.122725
1.44513, 2.7646, 0.117237
1.50796, 2.7646, 0.11195
1.5708, 2.7646, 0.106841
1.63363, 2.7646, 0.10189
1.69646, 2.7646, 0.0970776
1.75929, 2.7646, 0.0923863
1.82212, 2.7646, 0.0878003
1.88496, 2.7646, 0.083305
1.94779, 2.7646, 0.0788874
2.01062, 2.7646, 0.0745356
2.07345, 2.7646, 0.0702391
2.13628, 2.7646, 0.0659884
2.19911, 2.7646, 0.0617752
2.26195, 2.7646, 0.0575922
2.32478, 2.7646, 0.053433
2.38761, 2.7646, 0.0492923
2.45044, 2.7646, 0.0451653
2.51327, 2.7646, 0.0410483
2.57611, 2.7646, 0.0369381
2.63894, 2.7646, 0.0328322
2.70177, 2.7646, 0.0287287
2.7646, 2.7646, 0.0246261
2.82743, 2.7646, 0.0205236
2.89027, 2.7646, 0.0164204
2.9531, 2.7646, 0.0123164
3.01593, 2.7646, 0.00821151
3.07876, 2.7646, 0.00410594
0.0628319, 2.82743, 0.291869
0.125664, 2.82743, 0.27586
0.188496, 2.82743, 0.260911
0.251327, 2.82743, 0.246952
0.314159, 2.82743, 0.233913
0.376991, 2.82743, 0.221729
0.439823, 2.82743, 0.21034
0.502655, 2.82743, 0.199688
0.565487, 2.82743, 0.189719
0.628319, 2.82743, 0.180382
0.69115, 2.82743, 0.171628
0.753982, 2.82743, 0.163413
0.816814, 2.82743, 0.155692
0.879646, 2.82743, 0.148427
0.942478, 2.82743, 0.141579
1.00531, 2.82743, 0.135114
1.06814, 2.82743, 0.128997
1.13097, 2.82743, 0.123198
1.19381, 2.82743, 0.117687
1.25664, 2.82743, 0.112438
1.31947, 2.82743, 0.107424
1.3823, 2.82743, 0.102623
1.44513, 2.82743, 0.0980127
1.50796, 2.82743, 0.0935722
1.5708, 2.82743, 0.0892829
1.63363, 2.82743, 0.0851276
1.69646, 2.82743, 0.0810902
1.75929, 2.82743, 0.0771561
1.82212, 2.82743, 0.073312
1.88496, 2.82743, 0.0695455
1.94779, 2.82743, 0.0658458
2.01062, 2.82743, 0.0622028
2.07345, 2.82743, 0.0586077
2.13628, 2.82743, 0.0550524
2.19911, 2.82743, 0.0515299
2.26195, 2.82743, 0.0480341
2.32478, 2.82743, 0.0445595
2.38761, 2.82743, 0.0411016
2.45044, 2.82743, 0.0376563
2.51327, 2.82743, 0.0342203
2.57611, 2.82743, 0.030791
2.63894, 2.82743, 0.0273662
2.70177, 2.82743, 0.0239441
2.7646, 2.82743, 0.0205236
2.82743, 2.82743, 0.0171036
2.89027, 2.82743, 0.0136836
2.9531, 2.82743, 0.0102632
3.01593, 2.82743, 0.00684248
3.07876, 2.82743, 0.00342135
0.0628319, 2.89027, 0.234873
0.125664, 2.89027, 0.221973
0.188496, 2.89027, 0.209927
0.251327, 2.89027, 0.198676
0.314159, 2.89027, 0.188167
0.376991, 2.89027, 0.178346
0.439823, 2.89027, 0.169165
0.502655, 2.89027, 0.160578
0.565487, 2.89027, 0.152541
0.628319, 2.89027, 0.145013
0.69115, 2.89027, 0.137956
0.753982, 2.89027, 0.131331
0.816814, 2.89027, 0.125107
0.879646, 2.89027, 0.119249
0.942478, 2.89027, 0.113728
1.00531, 2.89027, 0.108515
1.06814, 2.89027, 0.103584
1.13097, 2.89027, 0.0989095
1.19381, 2.89027, 0.0944681
1.25664, 2.89027, 0.0902379
1.31947, 2.89027, 0.0861987
1.3823, 2.89027, 0.0823314
1.44513, 2.89027, 0.0786183
1.50796, 2.89027, 0.0750432
1.5708, 2.89027, 0.0715908
1.63363, 2.89027, 0.0682472
1.69646, 2.89027, 0.0649995
1.75929, 2.89027, 0.061836
1.82212, 2.89027, 0.0587459
1.88496, 2.89027, 0.0557194
1.94779, 2.89027, 0.0527475
2.01062, 2.89027, 0.0498223
2.07345, 2.89027, 0.0469364
2.13628, 2.89027, 0.0440836
2.19911, 2.89027, 0.0412581
2.26195, 2.89027, 0.0384548
2.32478, 2.89027, 0.0356694
2.38761, 2.89027, 0.0328982
2.45044, 2.89027, 0.0301378
2.51327, 2.89027, 0.0273857
2.57611, 2.89027, 0.0246395
2.63894, 2.89027, 0.0218974
2.70177, 2.89027, 0.0191581
2.7646, 2.89027, 0.0164204
2.82743, 2.89027, 0.0136836
2.89027, 2.89027, 0.010947
2.9531, 2.89027, 0.0082105
3.01593, 2.89027, 0.00547382
3.07876, 2.89027, 0.00273696
0.0628319, 2.9531, 0.176961
0.125664, 2.9531, 0.167232
0.188496, 2.9531, 0.158146
0.251327, 2.9531, 0.149659
0.314159, 2.9531, 0.141732
0.376991, 2.9531, 0.134323
0.439823, 2.9531, 0.127397
0.502655, 2.9531, 0.120918
0.565487, 2.9531, 0.114855
0.628319, 2.9531, 0.109174
0.69115, 2.9531, 0.103849
0.753982, 2.9531, 0.0988507
0.816814, 2.9531, 0.0941537
0.879646, 2.9531, 0.0897337
0.942478, 2.9531, 0.085568
1.00531, 2.9531, 0.081635
1.06814, 2.9531, 0.0779147
1.13097, 2.9531, 0.0743882
1.19381, 2.9531, 0.0710379
1.25664, 2.9531, 0.0678474
1.31947, 2.9531, 0.0648012
1.3823, 2.9531, 0.0618852
1.44513, 2.9531, 0.059086
1.50796, 2.9531, 0.0563913
1.5708, 2.9531, 0.0537898
1.63363, 2.9531, 0.0512708
1.69646, 2.9531, 0.0488246
1.75929, 2.9531, 0.0464425
1.82212, 2.9531, 0.0441163
1.88496, 2.9531, 0.0418385
1.94779, 2.9531, 0.0396025
2.01062, 2.9531, 0.0374022
2.07345, 2.9531, 0.0352322
2.13628, 2.9531, 0.0330875
2.19911, 2.9531, 0.0309639
2.26195, 2.9531, 0.0288576
2.32478, 2.9531, 0.0267652
2.38761, 2.9531, 0.0246839
2.45044, 2.9531, 0.0226112
2.51327, 2.9531, 0.020545
2.57611, 2.9531, 0.0184837
2.63894, 2.9531, 0.0164259
2.70177, 2.9531, 0.0143704
2.7646, 2.9531, 0.0123164
2.82743, 2.9531, 0.0102632
2.89027, 2.9531, 0.0082105
2.9531, 2.9531, 0.00615792
3.01593, 2.9531, 0.00410533
3.07876, 2.9531, 0.00205269
0.0628319, 3.01593, 0.118359
0.125664, 3.01593, 0.111847
0.188496, 3.01593, 0.105765
0.251327, 3.01593, 0.100084
0.314159, 3.01593, 0.0947774
0.376991, 3.01593, 0.0898179
0.439823, 3.01593, 0.085181
0.502655, 3.01593, 0.0808437
0.565487, 3.01593, 0.0767838
0.628319, 3.01593, 0.0729809
0.69115, 3.01593, 0.0694153
0.753982, 3.01593, 0.0660687
0.816814, 3.01593, 0.0629238
0.879646, 3.01593, 0.0599644
0.942478, 3.01593, 0.0571753
1.00531, 3.01593, 0.0545421
1.06814, 3.01593, 0.0520514
1.13097, 3.01593, 0.0496906
1.19381, 3.01593, 0.0474479
1.25664, 3.01593, 0.0453124
1.31947, 3.01593, 0.0432736
1.3823, 3.01593, 0.0413222
1.44513, 3.01593, 0.0394492
1.50796, 3.01593, 0.0376464
1.5708, 3.01593, 0.0359062
1.63363, 3.01593, 0.0342214
1.69646, 3.01593, 0.0325857
1.75929, 3.01593, 0.0309931
1.82212, 3.01593, 0.0294382
1.88496, 3.01593, 0.0279159
1.94779, 3.01593, 0.0264219
2.01062, 3.01593, 0.0249519
2.07345, 3.01593, 0.0235025
2.13628, 3.01593, 0.0220703
2.19911, 3.01593, 0.0206525
2.26195, 3.01593, 0.0192464
2.32478, 3.01593, 0.0178498
2.38761, 3.01593, 0.0164609
2.45044, 3.01593, 0.0150779
2.51327, 3.01593, 0.0136996
2.57611, 3.01593, 0.0123246
2.63894, 3.01593, 0.010952
2.70177, 3.01593, 0.00958122
2.7646, 3.01593, 0.00821151
2.82743, 3.01593, 0.00684248
2.89027, 3.01593, 0.00547382
2.9531, 3.01593, 0.00410533
3.01593, 3.01593, 0.00273689
3.07876, 3.01593, 0.00136845
0.0628319, 3.07876, 0.0592952
0.125664, 3.07876, 0.0560312
0.188496, 3.07876, 0.052983
0.251327, 3.07876, 0.0501358
0.314159, 3.07876, 0.0474758
0.376991, 3.07876, 0.0449898
0.439823, 3.07876, 0.0426655
0.502655, 3.07876, 0.0404914
0.565487, 3.07876, 0.0384563
0.628319, 3.07876, 0.0365499
0.69115, 3.07876, 0.0347625
0.753982, 3.07876, 0.0330849
0.816814, 3.07876, 0.0315084
0.879646, 3.07876, 0.0300249
0.942478, 3.07876, 0.0286268
1.00531, 3.07876, 0.0273068
1.06814, 3.07876, 0.0260583
1.13097, 3.07876, 0.0248749
1.19381, 3.07876, 0.0237508
1.25664, 3.07876, 0.0226805
1.31947, 3.07876, 0.0216587
1.3823, 3.07876, 0.0206808
1.44513, 3.07876, 0.0197422
1.50796, 3.07876, 0.0188389
1.5708, 3.07876, 0.017967
1.63363, 3.07876, 0.017123
1.69646, 3.07876, 0.0163037
1.75929, 3.07876, 0.015506
1.82212, 3.07876, 0.0147273
1.88496, 3.07876, 0.0139651
1.94779, 3.07876, 0.013217
2.01062, 3.07876, 0.0124811
2.07345, 3.07876, 0.0117556
2.13628, 3.07876, 0.0110388
2.19911, 3.07876, 0.0103292
2.26195, 3.07876, 0.00962561
2.32478, 3.07876, 0.00892685
2.38761, 3.07876, 0.00823198
2.45044, 3.07876, 0.00754014
2.51327, 3.07876, 0.00685066
2.57611, 3.07876, 0.00616292
2.63894, 3.07876, 0.00547647
2.70177, 3.07876, 0.00479091
2.7646, 3.07876, 0.00410594
2.82743, 3.07876, 0.00342135
2.89027, 3.07876, 0.00273696
2.9531, 3.07876, 0.00205269
3.01593, 3.07876, 0.00136845
3.07876, 3.07876, 0.000684225
