0.0628319, 0.0628319, 0.117907
0.125664, 0.0628319, 0.173023
0.188496, 0.0628319, 0.227893
0.251327, 0.0628319, 0.282274
0.314159, 0.0628319, 0.335925
0.376991, 0.0628319, 0.388613
0.439823, 0.0628319, 0.440106
0.502655, 0.0628319, 0.490181
0.565487, 0.0628319, 0.53862
0.628319, 0.0628319, 0.585214
0.69115, 0.0628319, 0.629761
0.753982, 0.0628319, 0.67207
0.816814, 0.0628319, 0.711959
0.879646, 0.0628319, 0.749255
0.942478, 0.0628319, 0.783798
1.00531, 0.0628319, 0.815438
1.06814, 0.0628319, 0.84404
1.13097, 0.0628319, 0.869479
1.19381, 0.0628319, 0.891644
1.25664, 0.0628319, 0.910437
1.31947, 0.0628319, 0.925775
1.3823, 0.0628319, 0.937589
1.44513, 0.0628319, 0.945824
1.50796, 0.0628319, 0.950439
1.5708, 0.0628319, 0.95141
1.63363, 0.0628319, 0.948724
1.69646, 0.0628319, 0.942386
1.75929, 0.0628319, 0.932415
1.82212, 0.0628319, 0.918844
1.88496, 0.0628319, 0.901722
1.94779, 0.0628319, 0.88111
2.01062, 0.0628319, 0.857085
2.07345, 0.0628319, 0.829738
2.13628, 0.0628319, 0.79917
2.19911, 0.0628319, 0.7655
2.26195, 0.0628319, 0.728855
2.32478, 0.0628319, 0.689377
2.38761, 0.0628319, 0.647217
2.45044, 0.0628319, 0.602539
2.51327, 0.0628319, 0.555514
2.57611, 0.0628319, 0.506326
2.63894, 0.0628319, 0.455166
2.70177, 0.0628319, 0.402231
2.7646, 0.0628319, 0.347729
2.82743, 0.0628319, 0.291871
2.89027, 0.0628319, 0.234875
2.9531, 0.0628319, 0.176962
3.01593, 0.0628319, 0.11836
3.07876, 0.0628319, 0.0592956
0.0628319, 0.125664, 0.173023
0.125664, 0.125664, 0.220958
0.188496, 0.125664, 0.268893
0.251327, 0.125664, 0.316586
0.314159, 0.125664, 0.363798
0.376991, 0.125664, 0.410296
0.439823, 0.125664, 0.455851
0.502655, 0.125664, 0.500243
0.565487, 0.125664, 0.543258
0.628319, 0.125664, 0.584688
0.69115, 0.125664, 0.624337
0.753982, 0.125664, 0.662014
0.816814, 0.125664, 0.697541
0.879646, 0.125664, 0.730749
0.942478, 0.125664, 0.76148
1.00531, 0.125664, 0.789588
1.06814, 0.125664, 0.814937
1.13097, 0.125664, 0.837405
1.19381, 0.125664, 0.856882
1.25664, 0.125664, 0.873273
1.31947, 0.125664, 0.886492
1.3823, 0.125664, 0.896471
1.44513, 0.125664, 0.903153
1.50796, 0.125664, 0.906497
1.5708, 0.125664, 0.906475
1.63363, 0.125664, 0.903072
1.69646, 0.125664, 0.89629
1.75929, 0.125664, 0.886142
1.82212, 0.125664, 0.872656
1.88496, 0.125664, 0.855876
1.94779, 0.125664, 0.835856
2.01062, 0.125664, 0.812666
2.07345, 0.125664, 0.786388
2.13628, 0.125664, 0.757116
2.19911, 0.125664, 0.724957
2.26195, 0.125664, 0.690031
2.32478, 0.125664, 0.652467
2.38761, 0.125664, 0.612406
2.45044, 0.125664, 0.569999
2.51327, 0.125664, 0.525407
2.57611, 0.125664, 0.478799
2.63894, 0.125664, 0.430352
2.70177, 0.125664, 0.380251
2.7646, 0.125664, 0.328689
2.82743, 0.125664, 0.275863
2.89027, 0.125664, 0.221975
2.9531, 0.125664, 0.167234
3.01593, 0.125664, 0.111848
3.07876, 0.125664, 0.0560319
0.0628319, 0.188496, 0.227893
0.125664, 0.188496, 0.268893
0.188496, 0.188496, 0.310136
0.251327, 0.188496, 0.35138
0.314159, 0.188496, 0.392385
0.376991, 0.188496, 0.43292
0.439823, 0.188496, 0.47276
0.502655, 0.188496, 0.511684
0.565487, 0.188496, 0.54948
0.628319, 0.188496, 0.585945
0.69115, 0.188496, 0.620883
0.753982, 0.188496, 0.654108
0.816814, 0.188496, 0.685443
0.879646, 0.188496, 0.714721
0.942478, 0.188496, 0.741787
1.00531, 0.188496, 0.766495
1.06814, 0.188496, 0.788714
1.13097, 0.188496, 0.808321
1.19381, 0.188496, 0.825208
1.25664, 0.188496, 0.839279
1.31947, 0.188496, 0.850449
1.3823, 0.188496, 0.858649
1.44513, 0.188496, 0.863821
1.50796, 0.188496, 0.865922
1.5708, 0.188496, 0.864921
1.63363, 0.188496, 0.860801
1.69646, 0.188496, 0.853559
1.75929, 0.188496, 0.843206
1.82212, 0.188496, 0.829764
1.88496, 0.188496, 0.81327
1.94779, 0.188496, 0.793773
2.01062, 0.188496, 0.771335
2.07345, 0.188496, 0.746032
2.13628, 0.188496, 0.717948
2.19911, 0.188496, 0.687183
2.26195, 0.188496, 0.653845
2.32478, 0.188496, 0.618054
2.38761, 0.188496, 0.579941
2.45044, 0.188496, 0.539645
2.51327, 0.188496, 0.497316
2.57611, 0.188496, 0.453109
2.63894, 0.188496, 0.407191
2.70177, 0.188496, 0.359733
2.7646, 0.188496, 0.310914
2.82743, 0.188496, 0.260916
2.89027, 0.188496, 0.209931
2.9531, 0.188496, 0.158149
3.01593, 0.188496, 0.105767
3.07876, 0.188496, 0.052984
0.0628319, 0.251327, 0.282274
0.125664, 0.251327, 0.316586
0.188496, 0.251327, 0.35138
0.251327, 0.251327, 0.386411
0.314159, 0.251327, 0.421442
0.376991, 0.251327, 0.456241
0.439823, 0.251327, 0.490584
0.502655, 0.251327, 0.524251
0.565487, 0.251327, 0.557034
0.628319, 0.251327, 0.588729
0.69115, 0.251327, 0.619143
0.753982, 0.251327, 0.648092
0.816814, 0.251327, 0.6754
0.879646, 0.251327, 0.700905
0.942478, 0.251327, 0.72445
1.00531, 0.251327, 0.745893
1.06814, 0.251327, 0.765103
1.13097, 0.251327, 0.781958
1.19381, 0.251327, 0.796351
1.25664, 0.251327, 0.808185
1.31947, 0.251327, 0.817376
1.3823, 0.251327, 0.823854
1.44513, 0.251327, 0.82756
1.50796, 0.251327, 0.828447
1.5708, 0.251327, 0.826485
1.63363, 0.251327, 0.821651
1.69646, 0.251327, 0.813941
1.75929, 0.251327, 0.803359
1.82212, 0.251327, 0.789923
1.88496, 0.251327, 0.773666
1.94779, 0.251327, 0.75463
2.01062, 0.251327, 0.732871
2.07345, 0.251327, 0.708455
2.13628, 0.251327, 0.681462
2.19911, 0.251327, 0.65198
2.26195, 0.251327, 0.62011
2.32478, 0.251327, 0.585963
2.38761, 0.251327, 0.549659
2.45044, 0.251327, 0.511325
2.51327, 0.251327, 0.471101
2.57611, 0.251327, 0.429132
2.63894, 0.251327, 0.38557
2.70177, 0.251327, 0.340576
2.7646, 0.251327, 0.294315
2.82743, 0.251327, 0.246959
2.89027, 0.251327, 0.198682
2.9531, 0.251327, 0.149664
3.01593, 0.251327, 0.100087
3.07876, 0.251327, 0.0501371
0.0628319, 0.314159, 0.335925
0.125664, 0.314159, 0.363798
0.188496, 0.314159, 0.392385
0.251327, 0.314159, 0.421442
0.314159, 0.314159, 0.45073
0.376991, 0.314159, 0.480019
0.439823, 0.314159, 0.509082
0.502655, 0.314159, 0.537704
0.565487, 0.314159, 0.565675
0.628319, 0.314159, 0.592793
0.69115, 0.314159, 0.618868
0.753982, 0.314159, 0.643715
0.816814, 0.314159, 0.667163
0.879646, 0.314159, 0.689047
0.942478, 0.314159, 0.709215
1.00531, 0.314159, 0.727525
1.06814, 0.314159, 0.743845
1.13097, 0.314159, 0.758057
1.19381, 0.314159, 0.770052
1.25664, 0.314159, 0.779733
1.31947, 0.314159, 0.787017
1.3823, 0.314159, 0.791831
1.44513, 0.314159, 0.794116
1.50796, 0.314159, 0.793824
1.5708, 0.314159, 0.790919
1.63363, 0.314159, 0.785379
1.69646, 0.314159, 0.777194
1.75929, 0.314159, 0.766364
1.82212, 0.314159, 0.752905
1.88496, 0.314159, 0.736841
1.94779, 0.314159, 0.71821
2.01062, 0.314159, 0.697062
2.07345, 0.314159, 0.673456
2.13628, 0.314159, 0.647463
2.19911, 0.314159, 0.619165
2.26195, 0.314159, 0.588654
2.32478, 0.314159, 0.55603
2.38761, 0.314159, 0.521404
2.45044, 0.314159, 0.484896
2.51327, 0.314159, 0.446632
2.57611, 0.314159, 0.406746
2.63894, 0.314159, 0.365382
2.70177, 0.314159, 0.322686
2.7646, 0.314159, 0.278813
2.82743, 0.314159, 0.233921
2.89027, 0.314159, 0.188173
2.9531, 0.314159, 0.141737
3.01593, 0.314159, 0.0947808
3.07876, 0.314159, 0.0474774
0.0628319, 0.376991, 0.388613
0.125664, 0.376991, 0.410296
0.188496, 0.376991, 0.43292
0.251327, 0.376991, 0.456241
0.314159, 0.376991, 0.480019
0.376991, 0.376991, 0.504021
0.439823, 0.376991, 0.528023
0.502655, 0.376991, 0.551808
0.565487, 0.376991, 0.575168
0.628319, 0.376991, 0.597902
0.69115, 0.376991, 0.61982
0.753982, 0.376991, 0.640739
0.816814, 0.376991, 0.660488
0.879646, 0.376991, 0.678905
0.942478, 0.376991, 0.695838
1.00531, 0.376991, 0.711145
1.06814, 0.376991, 0.724696
1.13097, 0.376991, 0.736372
1.19381, 0.376991, 0.746065
1.25664, 0.376991, 0.753679
1.31947, 0.376991, 0.759127
1.3823, 0.376991, 0.762338
1.44513, 0.376991, 0.763249
1.50796, 0.376991, 0.761812
1.5708, 0.376991, 0.757988
1.63363, 0.376991, 0.751752
1.69646, 0.376991, 0.74309
1.75929, 0.376991, 0.732
1.82212, 0.376991, 0.71849
1.88496, 0.376991, 0.702582
1.94779, 0.376991, 0.684308
2.01062, 0.376991, 0.663711
2.07345, 0.376991, 0.640843
2.13628, 0.376991, 0.61577
2.19911, 0.376991, 0.588564
2.26195, 0.376991, 0.559309
2.32478, 0.376991, 0.528099
2.38761, 0.376991, 0.495033
2.45044, 0.376991, 0.460222
2.51327, 0.376991, 0.423783
2.57611, 0.376991, 0.38584
2.63894, 0.376991, 0.346525
2.70177, 0.376991, 0.305974
2.7646, 0.376991, 0.264329
2.82743, 0.376991, 0.221739
2.89027, 0.376991, 0.178354
2.9531, 0.376991, 0.134329
3.01593, 0.376991, 0.0898218
3.07876, 0.376991, 0.0449918
0.0628319, 0.439823, 0.440106
0.125664, 0.439823, 0.455851
0.188496, 0.439823, 0.47276
0.251327, 0.439823, 0.490584
0.314159, 0.439823, 0.509082
0.376991, 0.439823, 0.528023
0.439823, 0.439823, 0.54718
0.502655, 0.439823, 0.566337
0.565487, 0.439823, 0.585286
0.628319, 0.439823, 0.603827
0.69115, 0.439823, 0.621769
0.753982, 0.439823, 0.638933
0.816814, 0.439823, 0.655146
0.879646, 0.439823, 0.670247
0.942478, 0.439823, 0.684086
1.00531, 0.439823, 0.696521
1.06814, 0.439823, 0.707422
1.13097, 0.439823, 0.716671
1.19381, 0.439823, 0.724159
1.25664, 0.439823, 0.729789
1.31947, 0.439823, 0.733475
1.3823, 0.439823, 0.735143
1.44513, 0.439823, 0.734731
1.50796, 0.439823, 0.732186
1.5708, 0.439823, 0.727469
1.63363, 0.439823, 0.720551
1.69646, 0.439823, 0.711414
1.75929, 0.439823, 0.700054
1.82212, 0.439823, 0.686473
1.88496, 0.439823, 0.67069
1.94779, 0.439823, 0.652729
2.01062, 0.439823, 0.632629
2.07345, 0.439823, 0.610437
2.13628, 0.439823, 0.586208
2.19911, 0.439823, 0.560011
2.26195, 0.439823, 0.531921
2.32478, 0.439823, 0.502022
2.38761, 0.439823, 0.470407
2.45044, 0.439823, 0.437176
2.51327, 0.439823, 0.402438
2.57611, 0.439823, 0.366306
2.63894, 0.439823, 0.328903
2.70177, 0.439823, 0.290354
2.7646, 0.439823, 0.250791
2.82743, 0.439823, 0.210352
2.89027, 0.439823, 0.169175
2.9531, 0.439823, 0.127404
3.01593, 0.439823, 0.0851856
3.07876, 0.439823, 0.0426679
0.0628319, 0.502655, 0.490181
0.125664, 0.502655, 0.500243
0.188496, 0.502655, 0.511684
0.251327, 0.502655, 0.524251
0.314159, 0.502655, 0.537704
0.376991, 0.502655, 0.551808
0.439823, 0.502655, 0.566337
0.502655, 0.502655, 0.581074
0.565487, 0.502655, 0.595812
0.628319, 0.502655, 0.61035
0.69115, 0.502655, 0.624498
0.753982, 0.502655, 0.638077
0.816814, 0.502655, 0.650915
0.879646, 0.502655, 0.662852
0.942478, 0.502655, 0.673737
1.00531, 0.502655, 0.68343
1.06814, 0.502655, 0.691801
1.13097, 0.502655, 0.69873
1.19381, 0.502655, 0.70411
1.25664, 0.502655, 0.707842
1.31947, 0.502655, 0.70984
1.3823, 0.502655, 0.71003
1.44513, 0.502655, 0.708345
1.50796, 0.502655, 0.704732
1.5708, 0.502655, 0.699151
1.63363, 0.502655, 0.691568
1.69646, 0.502655, 0.681963
1.75929, 0.502655, 0.670327
1.82212, 0.502655, 0.65666
1.88496, 0.502655, 0.640974
1.94779, 0.502655, 0.62329
2.01062, 0.502655, 0.60364
2.07345, 0.502655, 0.582065
2.13628, 0.502655, 0.558616
2.19911, 0.502655, 0.533351
2.26195, 0.502655, 0.506341
2.32478, 0.502655, 0.477661
2.38761, 0.502655, 0.447396
2.45044, 0.502655, 0.415637
2.51327, 0.502655, 0.382485
2.57611, 0.502655, 0.348044
2.63894, 0.502655, 0.312426
2.70177, 0.502655, 0.275748
2.7646, 0.502655, 0.238131
2.82743, 0.502655, 0.199701
2.89027, 0.502655, 0.160589
2.9531, 0.502655, 0.120926
3.01593, 0.502655, 0.0808489
3.07876, 0.502655, 0.040494
0.0628319, 0.565487, 0.53862
0.125664, 0.565487, 0.543258
0.188496, 0.565487, 0.54948
0.251327, 0.565487, 0.557034
0.314159, 0.565487, 0.565675
0.376991, 0.565487, 0.575168
0.439823, 0.565487, 0.585286
0.502655, 0.565487, 0.595812
0.565487, 0.565487, 0.606537
0.628319, 0.565487, 0.617261
0.69115, 0.565487, 0.627796
0.753982, 0.565487, 0.637961
0.816814, 0.565487, 0.647586
0.879646, 0.565487, 0.656509
0.942478, 0.565487, 0.664581
1.00531, 0.565487, 0.671661
1.06814, 0.565487, 0.67762
1.13097, 0.565487, 0.682339
1.19381, 0.565487, 0.685708
1.25664, 0.565487, 0.687629
1.31947, 0.565487, 0.688015
1.3823, 0.565487, 0.686789
1.44513, 0.565487, 0.683885
1.50796, 0.565487, 0.679248
1.5708, 0.565487, 0.672833
1.63363, 0.565487, 0.664606
1.69646, 0.565487, 0.654542
1.75929, 0.565487, 0.64263
1.82212, 0.565487, 0.628865
1.88496, 0.565487, 0.613255
1.94779, 0.565487, 0.595817
2.01062, 0.565487, 0.576575
2.07345, 0.565487, 0.555567
2.13628, 0.565487, 0.532837
2.19911, 0.565487, 0.508438
2.26195, 0.565487, 0.48243
2.32478, 0.565487, 0.454884
2.38761, 0.565487, 0.425877
2.45044, 0.565487, 0.395493
2.51327, 0.565487, 0.363821
2.57611, 0.565487, 0.330959
2.63894, 0.565487, 0.29701
2.70177, 0.565487, 0.26208
2.7646, 0.565487, 0.226283
2.82743, 0.565487, 0.189734
2.89027, 0.565487, 0.152553
2.9531, 0.565487, 0.114863
3.01593, 0.565487, 0.0767896
3.07876, 0.565487, 0.0384592
0.0628319, 0.628319, 0.585214
0.125664, 0.628319, 0.584688
0.188496, 0.628319, 0.585945
0.251327, 0.628319, 0.588729
0.314159, 0.628319, 0.592793
0.376991, 0.628319, 0.597902
0.439823, 0.628319, 0.603827
0.502655, 0.628319, 0.61035
0.565487, 0.628319, 0.617261
0.628319, 0.628319, 0.624363
0.69115, 0.628319, 0.631464
0.753982, 0.628319, 0.638386
0.816814, 0.628319, 0.644956
0.879646, 0.628319, 0.651016
0.942478, 0.628319, 0.656415
1.00531, 0.628319, 0.661013
1.06814, 0.628319, 0.66468
1.13097, 0.628319, 0.667296
1.19381, 0.628319, 0.668753
1.25664, 0.628319, 0.66895
1.31947, 0.628319, 0.667801
1.3823, 0.628319, 0.665226
1.44513, 0.628319, 0.661159
1.50796, 0.628319, 0.655542
1.5708, 0.628319, 0.648327
1.63363, 0.628319, 0.639479
1.69646, 0.628319, 0.628971
1.75929, 0.628319, 0.616785
1.82212, 0.628319, 0.602916
1.88496, 0.628319, 0.587365
1.94779, 0.628319, 0.570145
2.01062, 0.628319, 0.551277
2.07345, 0.628319, 0.530792
2.13628, 0.628319, 0.508728
2.19911, 0.628319, 0.485131
2.26195, 0.628319, 0.460058
2.32478, 0.628319, 0.433569
2.38761, 0.628319, 0.405736
2.45044, 0.628319, 0.376634
2.51327, 0.628319, 0.346347
2.57611, 0.628319, 0.314962
2.63894, 0.628319, 0.282573
2.70177, 0.628319, 0.24928
2.7646, 0.628319, 0.215186
2.82743, 0.628319, 0.180398
2.89027, 0.628319, 0.145026
2.9531, 0.628319, 0.109184
3.01593, 0.628319, 0.0729872
3.07876, 0.628319, 0.0365531
0.0628319, 0.69115, 0.629761
0.125664, 0.69115, 0.624337
0.188496, 0.69115, 0.620883
0.251327, 0.69115, 0.619143
0.314159, 0.69115, 0.618868
0.376991, 0.69115, 0.61982
0.439823, 0.69115, 0.621769
0.502655, 0.69115, 0.624498
0.565487, 0.69115, 0.627796
0.628319, 0.69115, 0.631464
0.69115, 0.69115, 0.635312
0.753982, 0.69115, 0.63916
0.816814, 0.69115, 0.642838
0.879646, 0.69115, 0.646185
0.942478, 0.69115, 0.649051
1.00531, 0.69115, 0.651296
1.06814, 0.69115, 0.65279
1.13097, 0.69115, 0.653413
1.19381, 0.69115, 0.653056
1.25664, 0.69115, 0.651619
1.31947, 0.69115, 0.649012
1.3823, 0.69115, 0.645156
1.44513, 0.69115, 0.639982
1.50796, 0.69115, 0.633431
1.5708, 0.69115, 0.625455
1.63363, 0.69115, 0.616012
1.69646, 0.69115, 0.605075
1.75929, 0.69115, 0.592624
1.82212, 0.69115, 0.578647
1.88496, 0.69115, 0.563143
1.94779, 0.69115, 0.546121
2.01062, 0.69115, 0.527597
2.07345, 0.69115, 0.507595
2.13628, 0.69115, 0.48615
2.19911, 0.69115, 0.463301
2.26195, 0.69115, 0.439099
2.32478, 0.69115, 0.413599
2.38761, 0.69115, 0.386863
2.45044, 0.69115, 0.358962
2.51327, 0.69115, 0.32997
2.57611, 0.69115, 0.299967
2.63894, 0.69115, 0.269041
2.70177, 0.69115, 0.237281
2.7646, 0.69115, 0.204783
2.82743, 0.69115, 0.171645
2.89027, 0.69115, 0.137969
2.9531, 0.69115, 0.103859
3.01593, 0.69115, 0.0694222
3.07876, 0.69115, 0.034766
0.0628319, 0.753982, 0.67207
0.125664, 0.753982, 0.662014
0.188496, 0.753982, 0.654108
0.251327, 0.753982, 0.648092
0.314159, 0.753982, 0.643715
0.376991, 0.753982, 0.640739
0.439823, 0.753982, 0.638933
0.502655, 0.753982, 0.638077
0.565487, 0.753982, 0.637961
0.628319, 0.753982, 0.638386
0.69115, 0.753982, 0.63916
0.753982, 0.753982, 0.640105
0.816814, 0.753982, 0.641049
0.879646, 0.753982, 0.641833
0.942478, 0.753982, 0.642307
1.00531, 0.753982, 0.642329
1.06814, 0.753982, 0.641771
1.13097, 0.753982, 0.640511
1.19381, 0.753982, 0.638439
1.25664, 0.753982, 0.635456
1.31947, 0.753982, 0.631471
1.3823, 0.753982, 0.626403
1.44513, 0.753982, 0.620182
1.50796, 0.753982, 0.612747
1.5708, 0.753982, 0.604047
1.63363, 0.753982, 0.59404
1.69646, 0.753982, 0.582694
1.75929, 0.753982, 0.569987
1.82212, 0.753982, 0.555904
1.88496, 0.753982, 0.54044
1.94779, 0.753982, 0.523599
2.01062, 0.753982, 0.505393
2.07345, 0.753982, 0.485842
2.13628, 0.753982, 0.464974
2.19911, 0.753982, 0.442825
2.26195, 0.753982, 0.419439
2.32478, 0.753982, 0.394864
2.38761, 0.753982, 0.369156
2.45044, 0.753982, 0.34238
2.51327, 0.753982, 0.314602
2.57611, 0.753982, 0.285896
2.63894, 0.753982, 0.256342
2.70177, 0.753982, 0.226021
2.7646, 0.753982, 0.19502
2.82743, 0.753982, 0.163431
2.89027, 0.753982, 0.131346
2.9531, 0.753982, 0.0988617
3.01593, 0.753982, 0.0660761
3.07876, 0.753982, 0.0330886
0.0628319, 0.816814, 0.711959
0.125664, 0.816814, 0.697541
0.188496, 0.816814, 0.685443
0.251327, 0.816814, 0.6754
0.314159, 0.816814, 0.667163
0.376991, 0.816814, 0.660488
0.439823, 0.816814, 0.655146
0.502655, 0.816814, 0.650915
0.565487, 0.816814, 0.647586
0.628319, 0.816814, 0.644956
0.69115, 0.816814, 0.642838
0.753982, 0.816814, 0.641049
0.816814, 0.816814, 0.639421
0.879646, 0.816814, 0.637792
0.942478, 0.816814, 0.636013
1.00531, 0.816814, 0.633943
1.06814, 0.816814, 0.631452
1.13097, 0.816814, 0.628419
1.19381, 0.816814, 0.624734
1.25664, 0.816814, 0.620295
1.31947, 0.816814, 0.615012
1.3823, 0.816814, 0.608802
1.44513, 0.816814, 0.601595
1.50796, 0.816814, 0.593327
1.5708, 0.816814, 0.583945
1.63363, 0.816814, 0.573406
1.69646, 0.816814, 0.561675
1.75929, 0.816814, 0.548726
1.82212, 0.816814, 0.534541
1.88496, 0.816814, 0.519113
1.94779, 0.816814, 0.502441
2.01062, 0.816814, 0.484533
2.07345, 0.816814, 0.465404
2.13628, 0.816814, 0.445079
2.19911, 0.816814, 0.423587
2.26195, 0.816814, 0.400966
2.32478, 0.816814, 0.37726
2.38761, 0.816814, 0.352518
2.45044, 0.816814, 0.326799
2.51327, 0.816814, 0.300162
2.57611, 0.816814, 0.272675
2.63894, 0.816814, 0.244409
2.70177, 0.816814, 0.215439
2.7646, 0.816814, 0.185846
2.82743, 0.816814, 0.155712
2.89027, 0.816814, 0.125122
2.9531, 0.816814, 0.0941655
3.01593, 0.816814, 0.0629317
3.07876, 0.816814, 0.0315124
0.0628319, 0.879646, 0.749255
0.125664, 0.879646, 0.730749
0.188496, 0.879646, 0.714721
0.251327, 0.879646, 0.700905
0.314159, 0.879646, 0.689047
0.376991, 0.879646, 0.678905
0.439823, 0.879646, 0.670247
0.502655, 0.879646, 0.662852
0.565487, 0.879646, 0.656509
0.628319, 0.879646, 0.651016
0.69115, 0.879646, 0.646185
0.753982, 0.879646, 0.641833
0.816814, 0.879646, 0.637792
0.879646, 0.879646, 0.633901
0.942478, 0.879646, 0.63001
1.00531, 0.879646, 0.625978
1.06814, 0.879646, 0.621674
1.13097, 0.879646, 0.616979
1.19381, 0.879646, 0.611781
1.25664, 0.879646, 0.605978
1.31947, 0.879646, 0.599478
1.3823, 0.879646, 0.592199
1.44513, 0.879646, 0.584068
1.50796, 0.879646, 0.57502
1.5708, 0.879646, 0.565
1.63363, 0.879646, 0.553964
1.69646, 0.879646, 0.541873
1.75929, 0.879646, 0.528699
1.82212, 0.879646, 0.514421
1.88496, 0.879646, 0.499029
1.94779, 0.879646, 0.482519
2.01062, 0.879646, 0.464893
2.07345, 0.879646, 0.446164
2.13628, 0.879646, 0.42635
2.19911, 0.879646, 0.405477
2.26195, 0.879646, 0.383578
2.32478, 0.879646, 0.36069
2.38761, 0.879646, 0.336859
2.45044, 0.879646, 0.312134
2.51327, 0.879646, 0.286572
2.57611, 0.879646, 0.260231
2.63894, 0.879646, 0.233178
2.70177, 0.879646, 0.205481
2.7646, 0.879646, 0.177212
2.82743, 0.879646, 0.148448
2.89027, 0.879646, 0.119265
2.9531, 0.879646, 0.0897462
3.01593, 0.879646, 0.0599728
3.07876, 0.879646, 0.0300291
0.0628319, 0.942478, 0.783798
0.125664, 0.942478, 0.76148
0.188496, 0.942478, 0.741787
0.251327, 0.942478, 0.72445
0.314159, 0.942478, 0.709215
0.376991, 0.942478, 0.695838
0.439823, 0.942478, 0.684086
0.502655, 0.942478, 0.673737
0.565487, 0.942478, 0.664581
0.628319, 0.942478, 0.656415
0.69115, 0.942478, 0.649051
0.753982, 0.942478, 0.642307
0.816814, 0.942478, 0.636013
0.879646, 0.942478, 0.63001
0.942478, 0.942478, 0.624146
1.00531, 0.942478, 0.618283
1.06814, 0.942478, 0.612288
1.13097, 0.942478, 0.606042
1.19381, 0.942478, 0.599432
1.25664, 0.942478, 0.592357
1.31947, 0.942478, 0.584723
1.3823, 0.942478, 0.576448
1.44513, 0.942478, 0.567457
1.50796, 0.942478, 0.557684
1.5708, 0.942478, 0.547072
1.63363, 0.942478, 0.535575
1.69646, 0.942478, 0.523153
1.75929, 0.942478, 0.509774
1.82212, 0.942478, 0.495416
1.88496, 0.942478, 0.480064
1.94779, 0.942478, 0.46371
2.01062, 0.942478, 0.446356
2.07345, 0.942478, 0.428007
2.13628, 0.942478, 0.40868
2.19911, 0.942478, 0.388394
2.26195, 0.942478, 0.367177
2.32478, 0.942478, 0.345064
2.38761, 0.942478, 0.322092
2.45044, 0.942478, 0.298307
2.51327, 0.942478, 0.273759
2.57611, 0.942478, 0.248501
2.63894, 0.942478, 0.222592
2.70177, 0.942478, 0.196095
2.7646, 0.942478, 0.169075
2.82743, 0.942478, 0.141601
2.89027, 0.942478, 0.113745
2.9531, 0.942478, 0.0855811
3.01593, 0.942478, 0.0571841
3.07876, 0.942478, 0.0286312
0.0628319, 1.00531, 0.815438
0.125664, 1.00531, 0.789588
0.188496, 1.00531, 0.766495
0.251327, 1.00531, 0.745893
0.314159, 1.00531, 0.727525
0.376991, 1.00531, 0.711145
0.439823, 1.00531, 0.696521
0.502655, 1.00531, 0.68343
0.565487, 1.00531, 0.671661
0.628319, 1.00531, 0.661013
0.69115, 1.00531, 0.651296
0.753982, 1.00531, 0.642329
0.816814, 1.00531, 0.633943
0.879646, 1.00531, 0.625978
0.942478, 1.00531, 0.618283
1.00531, 1.00531, 0.610719
1.06814, 1.00531, 0.603154
1.13097, 1.00531, 0.595468
1.19381, 1.00531, 0.587548
1.25664, 1.00531, 0.579294
1.31947, 1.00531, 0.57061
1.3823, 1.00531, 0.561412
1.44513, 1.00531, 0.551626
1.50796, 1.00531, 0.541185
1.5708, 1.00531, 0.53003
1.63363, 1.00531, 0.518112
1.69646, 1.00531, 0.505389
1.75929, 1.00531, 0.491828
1.82212, 1.00531, 0.477405
1.88496, 1.00531, 0.462099
1.94779, 1.00531, 0.445903
2.01062, 1.00531, 0.428812
2.07345, 1.00531, 0.410829
2.13628, 1.00531, 0.391967
2.19911, 1.00531, 0.37224
2.26195, 1.00531, 0.351674
2.32478, 1.00531, 0.330295
2.38761, 1.00531, 0.308138
2.45044, 1.00531, 0.285244
2.51327, 1.00531, 0.261655
2.57611, 1.00531, 0.237421
2.63894, 1.00531, 0.212594
2.70177, 1.00531, 0.18723
2.7646, 1.00531, 0.16139
2.82743, 1.00531, 0.135136
2.89027, 1.00531, 0.108533
2.9531, 1.00531, 0.0816487
3.01593, 1.00531, 0.0545513
3.07876, 1.00531, 0.0273114
0.0628319, 1.06814, 0.84404
0.125664, 1.06814, 0.814937
0.188496, 1.06814, 0.788714
0.251327, 1.06814, 0.765103
0.314159, 1.06814, 0.743845
0.376991, 1.06814, 0.724696
0.439823, 1.06814, 0.707422
0.502655, 1.06814, 0.691801
0.565487, 1.06814, 0.67762
0.628319, 1.06814, 0.66468
0.69115, 1.06814, 0.65279
0.753982, 1.06814, 0.641771
0.816814, 1.06814, 0.631452
0.879646, 1.06814, 0.621674
0.942478, 1.06814, 0.612288
1.00531, 1.06814, 0.603154
1.06814, 1.06814, 0.59414
1.13097, 1.06814, 0.585126
1.19381, 1.06814, 0.576
1.25664, 1.06814, 0.566659
1.31947, 1.06814, 0.557008
1.3823, 1.06814, 0.546965
1.44513, 1.06814, 0.536451
1.50796, 1.06814, 0.525399
1.5708, 1.06814, 0.51375
1.63363, 1.06814, 0.501452
1.69646, 1.06814, 0.488462
1.75929, 1.06814, 0.474745
1.82212, 1.06814, 0.460273
1.88496, 1.06814, 0.445026
1.94779, 1.06814, 0.428989
2.01062, 1.06814, 0.412158
2.07345, 1.06814, 0.394531
2.13628, 1.06814, 0.376117
2.19911, 1.06814, 0.356927
2.26195, 1.06814, 0.336981
2.32478, 1.06814, 0.316303
2.38761, 1.06814, 0.294922
2.45044, 1.06814, 0.272874
2.51327, 1.06814, 0.250196
2.57611, 1.06814, 0.226933
2.63894, 1.06814, 0.203132
2.70177, 1.06814, 0.178843
2.7646, 1.06814, 0.15412
2.82743, 1.06814, 0.12902
2.89027, 1.06814, 0.103603
2.9531, 1.06814, 0.0779289
3.01593, 1.06814, 0.0520609
3.07876, 1.06814, 0.026063
0.0628319, 1.13097, 0.869479
0.125664, 1.13097, 0.837405
0.188496, 1.13097, 0.808321
0.251327, 1.13097, 0.781958
0.314159, 1.13097, 0.758057
0.376991, 1.13097, 0.736372
0.439823, 1.13097, 0.716671
0.502655, 1.13097, 0.69873
0.565487, 1.13097, 0.682339
0.628319, 1.13097, 0.667296
0.69115, 1.13097, 0.653413
0.753982, 1.13097, 0.640511
0.816814, 1.13097, 0.628419
0.879646, 1.13097, 0.616979
0.942478, 1.13097, 0.606042
1.00531, 1.13097, 0.595468
1.06814, 1.13097, 0.585126
1.13097, 1.13097, 0.574896
1.19381, 1.13097, 0.564665
1.25664, 1.13097, 0.554332
1.31947, 1.13097, 0.543801
1.3823, 1.13097, 0.532986
1.44513, 1.13097, 0.521812
1.50796, 1.13097, 0.51021
1.5708, 1.13097, 0.498117
1.63363, 1.13097, 0.485483
1.69646, 1.13097, 0.472262
1.75929, 1.13097, 0.458417
1.82212, 1.13097, 0.443917
1.88496, 1.13097, 0.42874
1.94779, 1.13097, 0.41287
2.01062, 1.13097, 0.396298
2.07345, 1.13097, 0.379021
2.13628, 1.13097, 0.361042
2.19911, 1.13097, 0.34237
2.26195, 1.13097, 0.32302
2.32478, 1.13097, 0.303013
2.38761, 1.13097, 0.282374
2.45044, 1.13097, 0.261132
2.51327, 1.13097, 0.239323
2.57611, 1.13097, 0.216983
2.63894, 1.13097, 0.194157
2.70177, 1.13097, 0.170888
2.7646, 1.13097, 0.147226
2.82743, 1.13097, 0.123222
2.89027, 1.13097, 0.0989289
2.9531, 1.13097, 0.0744028
3.01593, 1.13097, 0.0497004
3.07876, 1.13097, 0.0248798
0.0628319, 1.19381, 0.891644
0.125664, 1.19381, 0.856882
0.188496, 1.19381, 0.825208
0.251327, 1.19381, 0.796351
0.314159, 1.19381, 0.770052
0.376991, 1.19381, 0.746065
0.439823, 1.19381, 0.724159
0.502655, 1.19381, 0.70411
0.565487, 1.19381, 0.685708
0.628319, 1.19381, 0.668753
0.69115, 1.19381, 0.653056
0.753982, 1.19381, 0.638439
0.816814, 1.19381, 0.624734
0.879646, 1.19381, 0.611781
0.942478, 1.19381, 0.599432
1.00531, 1.19381, 0.587548
1.06814, 1.19381, 0.576
1.13097, 1.19381, 0.564665
1.19381, 1.19381, 0.553434
1.25664, 1.19381, 0.542202
1.31947, 1.19381, 0.530875
1.3823, 1.19381, 0.519368
1.44513, 1.19381, 0.507602
1.50796, 1.19381, 0.495509
1.5708, 1.19381, 0.483026
1.63363, 1.19381, 0.470101
1.69646, 1.19381, 0.456685
1.75929, 1.19381, 0.442742
1.82212, 1.19381, 0.428237
1.88496, 1.19381, 0.413147
1.94779, 1.19381, 0.397453
2.01062, 1.19381, 0.381143
2.07345, 1.19381, 0.364211
2.13628, 1.19381, 0.346658
2.19911, 1.19381, 0.32849
2.26195, 1.19381, 0.309716
2.32478, 1.19381, 0.290355
2.38761, 1.19381, 0.270427
2.45044, 1.19381, 0.249958
2.51327, 1.19381, 0.228978
2.57611, 1.19381, 0.207521
2.63894, 1.19381, 0.185623
2.70177, 1.19381, 0.163326
2.7646, 1.19381, 0.140674
2.82743, 1.19381, 0.117712
2.89027, 1.19381, 0.094488
2.9531, 1.19381, 0.0710529
3.01593, 1.19381, 0.047458
3.07876, 1.19381, 0.0237559
0.0628319, 1.25664, 0.910437
0.125664, 1.25664, 0.873273
0.188496, 1.25664, 0.839279
0.251327, 1.25664, 0.808185
0.314159, 1.25664, 0.779733
0.376991, 1.25664, 0.753679
0.439823, 1.25664, 0.729789
0.502655, 1.25664, 0.707842
0.565487, 1.25664, 0.687629
0.628319, 1.25664, 0.66895
0.69115, 1.25664, 0.651619
0.753982, 1.25664, 0.635456
0.816814, 1.25664, 0.620295
0.879646, 1.25664, 0.605978
0.942478, 1.25664, 0.592357
1.00531, 1.25664, 0.579294
1.06814, 1.25664, 0.566659
1.13097, 1.25664, 0.554332
1.19381, 1.25664, 0.542202
1.25664, 1.25664, 0.530165
1.31947, 1.25664, 0.518129
1.3823, 1.25664, 0.506006
1.44513, 1.25664, 0.493719
1.50796, 1.25664, 0.481197
1.5708, 1.25664, 0.468378
1.63363, 1.25664, 0.455207
1.69646, 1.25664, 0.441637
1.75929, 1.25664, 0.427626
1.82212, 1.25664, 0.413142
1.88496, 1.25664, 0.398157
1.94779, 1.25664, 0.382651
2.01062, 1.25664, 0.366609
2.07345, 1.25664, 0.350023
2.13628, 1.25664, 0.33289
2.19911, 1.25664, 0.315213
2.26195, 1.25664, 0.297
2.32478, 1.25664, 0.278264
2.38761, 1.25664, 0.259021
2.45044, 1.25664, 0.239295
2.51327, 1.25664, 0.219111
2.57611, 1.25664, 0.198497
2.63894, 1.25664, 0.177489
2.70177, 1.25664, 0.15612
2.7646, 1.25664, 0.134431
2.82743, 1.25664, 0.112463
2.89027, 1.25664, 0.0902584
2.9531, 1.25664, 0.0678628
3.01593, 1.25664, 0.0453227
3.07876, 1.25664, 0.0226856
0.0628319, 1.31947, 0.925775
0.125664, 1.31947, 0.886492
0.188496, 1.31947, 0.850449
0.251327, 1.31947, 0.817376
0.314159, 1.31947, 0.787017
0.376991, 1.31947, 0.759127
0.439823, 1.31947, 0.733475
0.502655, 1.31947, 0.70984
0.565487, 1.31947, 0.688015
0.628319, 1.31947, 0.667801
0.69115, 1.31947, 0.649012
0.753982, 1.31947, 0.631471
0.816814, 1.31947, 0.615012
0.879646, 1.31947, 0.599478
0.942478, 1.31947, 0.584723
1.00531, 1.31947, 0.57061
1.06814, 1.31947, 0.557008
1.13097, 1.31947, 0.543801
1.19381, 1.31947, 0.530875
1.25664, 1.31947, 0.518129
1.31947, 1.31947, 0.505469
1.3823, 1.31947, 0.492808
1.44513, 1.31947, 0.480069
1.50796, 1.31947, 0.467181
1.5708, 1.31947, 0.45408
1.63363, 1.31947, 0.440712
1.69646, 1.31947, 0.427027
1.75929, 1.31947, 0.412984
1.82212, 1.31947, 0.398547
1.88496, 1.31947, 0.383688
1.94779, 1.31947, 0.368384
2.01062, 1.31947, 0.352618
2.07345, 1.31947, 0.336381
2.13628, 1.31947, 0.319665
2.19911, 1.31947, 0.302472
2.26195, 1.31947, 0.284806
2.32478, 1.31947, 0.266677
2.38761, 1.31947, 0.248099
2.45044, 1.31947, 0.229089
2.51327, 1.31947, 0.209671
2.57611, 1.31947, 0.18987
2.63894, 1.31947, 0.169714
2.70177, 1.31947, 0.149235
2.7646, 1.31947, 0.128468
2.82743, 1.31947, 0.10745
2.89027, 1.31947, 0.0862195
2.9531, 1.31947, 0.0648169
3.01593, 1.31947, 0.0432841
3.07876, 1.31947, 0.021664
0.0628319, 1.3823, 0.937589
0.125664, 1.3823, 0.896471
0.188496, 1.3823, 0.858649
0.251327, 1.3823, 0.823854
0.314159, 1.3823, 0.791831
0.376991, 1.3823, 0.762338
0.439823, 1.3823, 0.735143
0.502655, 1.3823, 0.71003
0.565487, 1.3823, 0.686789
0.628319, 1.3823, 0.665226
0.69115, 1.3823, 0.645156
0.753982, 1.3823, 0.626403
0.816814, 1.3823, 0.608802
0.879646, 1.3823, 0.592199
0.942478, 1.3823, 0.576448
1.00531, 1.3823, 0.561412
1.06814, 1.3823, 0.546965
1.13097, 1.3823, 0.532986
1.19381, 1.3823, 0.519368
1.25664, 1.3823, 0.506006
1.31947, 1.3823, 0.492808
1.3823, 1.3823, 0.479688
1.44513, 1.3823, 0.466568
1.50796, 1.3823, 0.453376
1.5708, 1.3823, 0.44005
1.63363, 1.3823, 0.426533
1.69646, 1.3823, 0.412776
1.75929, 1.3823, 0.398735
1.82212, 1.3823, 0.384374
1.88496, 1.3823, 0.369663
1.94779, 1.3823, 0.354578
2.01062, 1.3823, 0.339099
2.07345, 1.3823, 0.323215
2.13628, 1.3823, 0.306917
2.19911, 1.3823, 0.290203
2.26195, 1.3823, 0.273075
2.32478, 1.3823, 0.255539
2.38761, 1.3823, 0.237607
2.45044, 1.3823, 0.219292
2.51327, 1.3823, 0.200615
2.57611, 1.3823, 0.181596
2.63894, 1.3823, 0.162261
2.70177, 1.3823, 0.142637
2.7646, 1.3823, 0.122756
2.82743, 1.3823, 0.102649
2.89027, 1.3823, 0.0823525
2.9531, 1.3823, 0.0619011
3.01593, 1.3823, 0.0413329
3.07876, 1.3823, 0.0206861
0.0628319, 1.44513, 0.945824
0.125664, 1.44513, 0.903153
0.188496, 1.44513, 0.863821
0.251327, 1.44513, 0.82756
0.314159, 1.44513, 0.794116
0.376991, 1.44513, 0.763249
0.439823, 1.44513, 0.734731
0.502655, 1.44513, 0.708345
0.565487, 1.44513, 0.683885
0.628319, 1.44513, 0.661159
0.69115, 1.44513, 0.639982
0.753982, 1.44513, 0.620182
0.816814, 1.44513, 0.601595
0.879646, 1.44513, 0.584068
0.942478, 1.44513, 0.567457
1.00531, 1.44513, 0.551626
1.06814, 1.44513, 0.536451
1.13097, 1.44513, 0.521812
1.19381, 1.44513, 0.507602
1.25664, 1.44513, 0.493719
1.31947, 1.44513, 0.480069
1.3823, 1.44513, 0.466568
1.44513, 1.44513, 0.453137
1.50796, 1.44513, 0.439706
1.5708, 1.44513, 0.42621
1.63363, 1.44513, 0.412594
1.69646, 1.44513, 0.398807
1.75929, 1.44513, 0.384804
1.82212, 1.44513, 0.37055
1.88496, 1.44513, 0.356012
1.94779, 1.44513, 0.341163
2.01062, 1.44513, 0.325986
2.07345, 1.44513, 0.310463
2.13628, 1.44513, 0.294585
2.19911, 1.44513, 0.278348
2.26195, 1.44513, 0.261751
2.32478, 1.44513, 0.244797
2.38761, 1.44513, 0.227496
2.45044, 1.44513, 0.209858
2.51327, 1.44513, 0.191899
2.57611, 1.44513, 0.173638
2.63894, 1.44513, 0.155095
2.70177, 1.44513, 0.136297
2.7646, 1.44513, 0.117268
2.82743, 1.44513, 0.0980391
2.89027, 1.44513, 0.0786396
2.9531, 1.44513, 0.0591021
3.01593, 1.44513, 0.03946
3.07876, 1.44513, 0.0197476
0.0628319, 1.50796, 0.950439
0.125664, 1.50796, 0.906497
0.188496, 1.50796, 0.865922
0.251327, 1.50796, 0.828447
0.314159, 1.50796, 0.793824
0.376991, 1.50796, 0.761812
0.439823, 1.50796, 0.732186
0.502655, 1.50796, 0.704732
0.565487, 1.50796, 0.679248
0.628319, 1.50796, 0.655542
0.69115, 1.50796, 0.633431
0.753982, 1.50796, 0.612747
0.816814, 1.50796, 0.593327
0.879646, 1.50796, 0.57502
0.942478, 1.50796, 0.557684
1.00531, 1.50796, 0.541185
1.06814, 1.50796, 0.525399
1.13097, 1.50796, 0.51021
1.19381, 1.50796, 0.495509
1.25664, 1.50796, 0.481197
1.31947, 1.50796, 0.467181
1.3823, 1.50796, 0.453376
1.44513, 1.50796, 0.439706
1.50796, 1.50796, 0.426098
1.5708, 1.50796, 0.41249
1.63363, 1.50796, 0.398825
1.69646, 1.50796, 0.385051
1.75929, 1.50796, 0.371126
1.82212, 1.50796, 0.357009
1.88496, 1.50796, 0.342669
1.94779, 1.50796, 0.328079
2.01062, 1.50796, 0.313216
2.07345, 1.50796, 0.298064
2.13628, 1.50796, 0.282612
2.19911, 1.50796, 0.266852
2.26195, 1.50796, 0.250782
2.32478, 1.50796, 0.234403
2.38761, 1.50796, 0.217721
2.45044, 1.50796, 0.200744
2.51327, 1.50796, 0.183485
2.57611, 1.50796, 0.16596
2.63894, 1.50796, 0.148186
2.70177, 1.50796, 0.130186
2.7646, 1.50796, 0.111982
2.82743, 1.50796, 0.0935988
2.89027, 1.50796, 0.0750646
2.9531, 1.50796, 0.0564075
3.01593, 1.50796, 0.0376572
3.07876, 1.50796, 0.0188443
0.0628319, 1.5708, 0.95141
0.125664, 1.5708, 0.906475
0.188496, 1.5708, 0.864921
0.251327, 1.5708, 0.826485
0.314159, 1.5708, 0.790919
0.376991, 1.5708, 0.757988
0.439823, 1.5708, 0.727469
0.502655, 1.5708, 0.699151
0.565487, 1.5708, 0.672833
0.628319, 1.5708, 0.648327
0.69115, 1.5708, 0.625455
0.753982, 1.5708, 0.604047
0.816814, 1.5708, 0.583945
0.879646, 1.5708, 0.565
0.942478, 1.5708, 0.547072
1.00531, 1.5708, 0.53003
1.06814, 1.5708, 0.51375
1.13097, 1.5708, 0.498117
1.19381, 1.5708, 0.483026
1.25664, 1.5708, 0.468378
1.31947, 1.5708, 0.45408
1.3823, 1.5708, 0.44005
1.44513, 1.5708, 0.42621
1.50796, 1.5708, 0.41249
1.5708, 1.5708, 0.398827
1.63363, 1.5708, 0.385163
1.69646, 1.5708, 0.371448
1.75929, 1.5708, 0.357637
1.82212, 1.5708, 0.343691
1.88496, 1.5708, 0.329576
1.94779, 1.5708, 0.315265
2.01062, 1.5708, 0.300734
2.07345, 1.5708, 0.285966
2.13628, 1.5708, 0.270946
2.19911, 1.5708, 0.255666
2.26195, 1.5708, 0.240122
2.32478, 1.5708, 0.224312
2.38761, 1.5708, 0.20824
2.45044, 1.5708, 0.191912
2.51327, 1.5708, 0.175338
2.57611, 1.5708, 0.15853
2.63894, 1.5708, 0.141504
2.70177, 1.5708, 0.124278
2.7646, 1.5708, 0.106873
2.82743, 1.5708, 0.0893096
2.89027, 1.5708, 0.0716122
2.9531, 1.5708, 0.0538059
3.01593, 1.5708, 0.035917
3.07876, 1.5708, 0.0179725
0.0628319, 1.63363, 0.948724
0.125664, 1.63363, 0.903072
0.188496, 1.63363, 0.860801
0.251327, 1.63363, 0.821651
0.314159, 1.63363, 0.785379
0.376991, 1.63363, 0.751752
0.439823, 1.63363, 0.720551
0.502655, 1.63363, 0.691568
0.565487, 1.63363, 0.664606
0.628319, 1.63363, 0.639479
0.69115, 1.63363, 0.616012
0.753982, 1.63363, 0.59404
0.816814, 1.63363, 0.573406
0.879646, 1.63363, 0.553964
0.942478, 1.63363, 0.535575
1.00531, 1.63363, 0.518112
1.06814, 1.63363, 0.501452
1.13097, 1.63363, 0.485483
1.19381, 1.63363, 0.470101
1.25664, 1.63363, 0.455207
1.31947, 1.63363, 0.440712
1.3823, 1.63363, 0.426533
1.44513, 1.63363, 0.412594
1.50796, 1.63363, 0.398825
1.5708, 1.63363, 0.385163
1.63363, 1.63363, 0.371552
1.69646, 1.63363, 0.35794
1.75929, 1.63363, 0.344283
1.82212, 1.63363, 0.33054
1.88496, 1.63363, 0.316679
1.94779, 1.63363, 0.30267
2.01062, 1.63363, 0.288489
2.07345, 1.63363, 0.274117
2.13628, 1.63363, 0.259539
2.19911, 1.63363, 0.244744
2.26195, 1.63363, 0.229726
2.32478, 1.63363, 0.214483
2.38761, 1.63363, 0.199014
2.45044, 1.63363, 0.183325
2.51327, 1.63363, 0.167423
2.57611, 1.63363, 0.151317
2.63894, 1.63363, 0.135022
2.70177, 1.63363, 0.118551
2.7646, 1.63363, 0.101922
2.82743, 1.63363, 0.0851542
2.89027, 1.63363, 0.0682686
2.9531, 1.63363, 0.0512869
3.01593, 1.63363, 0.0342322
3.07876, 1.63363, 0.0171285
0.0628319, 1.69646, 0.942386
0.125664, 1.69646, 0.89629
0.188496, 1.69646, 0.853559
0.251327, 1.69646, 0.813941
0.314159, 1.69646, 0.777194
0.376991, 1.69646, 0.74309
0.439823, 1.69646, 0.711414
0.502655, 1.69646, 0.681963
0.565487, 1.69646, 0.654542
0.628319, 1.69646, 0.628971
0.69115, 1.69646, 0.605075
0.753982, 1.69646, 0.582694
0.816814, 1.69646, 0.561675
0.879646, 1.69646, 0.541873
0.942478, 1.69646, 0.523153
1.00531, 1.69646, 0.505389
1.06814, 1.69646, 0.488462
1.13097, 1.69646, 0.472262
1.19381, 1.69646, 0.456685
1.25664, 1.69646, 0.441637
1.31947, 1.69646, 0.427027
1.3823, 1.69646, 0.412776
1.44513, 1.69646, 0.398807
1.50796, 1.69646, 0.385051
1.5708, 1.69646, 0.371448
1.63363, 1.69646, 0.35794
1.69646, 1.69646, 0.344476
1.75929, 1.69646, 0.331012
1.82212, 1.69646, 0.317508
1.88496, 1.69646, 0.30393
1.94779, 1.69646, 0.290247
2.01062, 1.69646, 0.276435
2.07345, 1.69646, 0.262474
2.13628, 1.69646, 0.248348
2.19911, 1.69646, 0.234045
2.26195, 1.69646, 0.219556
2.32478, 1.69646, 0.204878
2.38761, 1.69646, 0.190009
2.45044, 1.69646, 0.174951
2.51327, 1.69646, 0.159711
2.57611, 1.69646, 0.144295
2.63894, 1.69646, 0.128714
2.70177, 1.69646, 0.11298
2.7646, 1.69646, 0.0971091
2.82743, 1.69646, 0.0811167
2.89027, 1.69646, 0.0650208
2.9531, 1.69646, 0.0488407
3.01593, 1.69646, 0.0325965
3.07876, 1.69646, 0.0163091
0.0628319, 1.75929, 0.932415
0.125664, 1.75929, 0.886142
0.188496, 1.75929, 0.843206
0.251327, 1.75929, 0.803359
0.314159, 1.75929, 0.766364
0.376991, 1.75929, 0.732
0.439823, 1.75929, 0.700054
0.502655, 1.75929, 0.670327
0.565487, 1.75929, 0.64263
0.628319, 1.75929, 0.616785
0.69115, 1.75929, 0.592624
0.753982, 1.75929, 0.569987
0.816814, 1.75929, 0.548726
0.879646, 1.75929, 0.528699
0.942478, 1.75929, 0.509774
1.00531, 1.75929, 0.491828
1.06814, 1.75929, 0.474745
1.13097, 1.75929, 0.458417
1.19381, 1.75929, 0.442742
1.25664, 1.75929, 0.427626
1.31947, 1.75929, 0.412984
1.3823, 1.75929, 0.398735
1.44513, 1.75929, 0.384804
1.50796, 1.75929, 0.371126
1.5708, 1.75929, 0.357637
1.63363, 1.75929, 0.344283
1.69646, 1.75929, 0.331012
1.75929, 1.75929, 0.317781
1.82212, 1.75929, 0.30455
1.88496, 1.75929, 0.291283
1.94779, 1.75929, 0.277952
2.01062, 1.75929, 0.26453
2.07345, 1.75929, 0.250996
2.13628, 1.75929, 0.237334
2.19911, 1.75929, 0.22353
2.26195, 1.75929, 0.209575
2.32478, 1.75929, 0.195463
2.38761, 1.75929, 0.181191
2.45044, 1.75929, 0.16676
2.51327, 1.75929, 0.152173
2.57611, 1.75929, 0.137436
2.63894, 1.75929, 0.122558
2.70177, 1.75929, 0.107547
2.7646, 1.75929, 0.0924175
2.82743, 1.75929, 0.0771824
2.89027, 1.75929, 0.0618571
2.9531, 1.75929, 0.0464584
3.01593, 1.75929, 0.0310037
3.07876, 1.75929, 0.0155114
0.0628319, 1.82212, 0.918844
0.125664, 1.82212, 0.872656
0.188496, 1.82212, 0.829764
0.251327, 1.82212, 0.789923
0.314159, 1.82212, 0.752905
0.376991, 1.82212, 0.71849
0.439823, 1.82212, 0.686473
0.502655, 1.82212, 0.65666
0.565487, 1.82212, 0.628865
0.628319, 1.82212, 0.602916
0.69115, 1.82212, 0.578647
0.753982, 1.82212, 0.555904
0.816814, 1.82212, 0.534541
0.879646, 1.82212, 0.514421
0.942478, 1.82212, 0.495416
1.00531, 1.82212, 0.477405
1.06814, 1.82212, 0.460273
1.13097, 1.82212, 0.443917
1.19381, 1.82212, 0.428237
1.25664, 1.82212, 0.413142
1.31947, 1.82212, 0.398547
1.3823, 1.82212, 0.384374
1.44513, 1.82212, 0.37055
1.50796, 1.82212, 0.357009
1.5708, 1.82212, 0.343691
1.63363, 1.82212, 0.33054
1.69646, 1.82212, 0.317508
1.75929, 1.82212, 0.30455
1.82212, 1.82212, 0.291626
1.88496, 1.82212, 0.278701
1.94779, 1.82212, 0.265746
2.01062, 1.82212, 0.252735
2.07345, 1.82212, 0.239646
2.13628, 1.82212, 0.22646
2.19911, 1.82212, 0.213165
2.26195, 1.82212, 0.19975
2.32478, 1.82212, 0.186207
2.38761, 1.82212, 0.172532
2.45044, 1.82212, 0.158724
2.51327, 1.82212, 0.144786
2.57611, 1.82212, 0.13072
2.63894, 1.82212, 0.116533
2.70177, 1.82212, 0.102233
2.7646, 1.82212, 0.087831
2.82743, 1.82212, 0.0733378
2.89027, 1.82212, 0.0587667
2.9531, 1.82212, 0.044132
3.01593, 1.82212, 0.0294486
3.07876, 1.82212, 0.0147326
0.0628319, 1.88496, 0.901722
0.125664, 1.88496, 0.855876
0.188496, 1.88496, 0.81327
0.251327, 1.88496, 0.773666
0.314159, 1.88496, 0.736841
0.376991, 1.88496, 0.702582
0.439823, 1.88496, 0.67069
0.502655, 1.88496, 0.640974
0.565487, 1.88496, 0.613255
0.628319, 1.88496, 0.587365
0.69115, 1.88496, 0.563143
0.753982, 1.88496, 0.54044
0.816814, 1.88496, 0.519113
0.879646, 1.88496, 0.499029
0.942478, 1.88496, 0.480064
1.00531, 1.88496, 0.462099
1.06814, 1.88496, 0.445026
1.13097, 1.88496, 0.42874
1.19381, 1.88496, 0.413147
1.25664, 1.88496, 0.398157
1.31947, 1.88496, 0.383688
1.3823, 1.88496, 0.369663
1.44513, 1.88496, 0.356012
1.50796, 1.88496, 0.342669
1.5708, 1.88496, 0.329576
1.63363, 1.88496, 0.316679
1.69646, 1.88496, 0.30393
1.75929, 1.88496, 0.291283
1.82212, 1.88496, 0.278701
1.88496, 1.88496, 0.266149
1.94779, 1.88496, 0.253597
2.01062, 1.88496, 0.241018
2.07345, 1.88496, 0.22839
2.13628, 1.88496, 0.215696
2.19911, 1.88496, 0.20292
2.26195, 1.88496, 0.190051
2.32478, 1.88496, 0.177082
2.38761, 1.88496, 0.164005
2.45044, 1.88496, 0.15082
2.51327, 1.88496, 0.137525
2.57611, 1.88496, 0.124124
2.63894, 1.88496, 0.110621
2.70177, 1.88496, 0.0970217
2.7646, 1.88496, 0.0833352
2.82743, 1.88496, 0.0695709
2.89027, 1.88496, 0.0557398
2.9531, 1.88496, 0.0418539
3.01593, 1.88496, 0.0279262
3.07876, 1.88496, 0.0139702
0.0628319, 1.94779, 0.88111
0.125664, 1.94779, 0.835856
0.188496, 1.94779, 0.793773
0.251327, 1.94779, 0.75463
0.314159, 1.94779, 0.71821
0.376991, 1.94779, 0.684308
0.439823, 1.94779, 0.652729
0.502655, 1.94779, 0.62329
0.565487, 1.94779, 0.595817
0.628319, 1.94779, 0.570145
0.69115, 1.94779, 0.546121
0.753982, 1.94779, 0.523599
0.816814, 1.94779, 0.502441
0.879646, 1.94779, 0.482519
0.942478, 1.94779, 0.46371
1.00531, 1.94779, 0.445903
1.06814, 1.94779, 0.428989
1.13097, 1.94779, 0.41287
1.19381, 1.94779, 0.397453
1.25664, 1.94779, 0.382651
1.31947, 1.94779, 0.368384
1.3823, 1.94779, 0.354578
1.44513, 1.94779, 0.341163
1.50796, 1.94779, 0.328079
1.5708, 1.94779, 0.315265
1.63363, 1.94779, 0.30267
1.69646, 1.94779, 0.290247
1.75929, 1.94779, 0.277952
1.82212, 1.94779, 0.265746
1.88496, 1.94779, 0.253597
1.94779, 1.94779, 0.241473
2.01062, 1.94779, 0.229348
2.07345, 1.94779, 0.217201
2.13628, 1.94779, 0.205013
2.19911, 1.94779, 0.192768
2.26195, 1.94779, 0.180454
2.32478, 1.94779, 0.168062
2.38761, 1.94779, 0.155587
2.45044, 1.94779, 0.143023
2.51327, 1.94779, 0.13037
2.57611, 1.94779, 0.11763
2.63894, 1.94779, 0.104804
2.70177, 1.94779, 0.0918972
2.7646, 1.94779, 0.0789169
2.82743, 1.94779, 0.0658706
2.89027, 1.94779, 0.0527675
2.9531, 1.94779, 0.0396176
3.01593, 1.94779, 0.0264319
3.07876, 1.94779, 0.0132221
0.0628319, 2.01062, 0.857085
0.125664, 2.01062, 0.812666
0.188496, 2.01062, 0.771335
0.251327, 2.01062, 0.732871
0.314159, 2.01062, 0.697062
0.376991, 2.01062, 0.663711
0.439823, 2.01062, 0.632629
0.502655, 2.01062, 0.60364
0.565487, 2.01062, 0.576575
0.628319, 2.01062, 0.551277
0.69115, 2.01062, 0.527597
0.753982, 2.01062, 0.505393
0.816814, 2.01062, 0.484533
0.879646, 2.01062, 0.464893
0.942478, 2.01062, 0.446356
1.00531, 2.01062, 0.428812
1.06814, 2.01062, 0.412158
1.13097, 2.01062, 0.396298
1.19381, 2.01062, 0.381143
1.25664, 2.01062, 0.366609
1.31947, 2.01062, 0.352618
1.3823, 2.01062, 0.339099
1.44513, 2.01062, 0.325986
1.50796, 2.01062, 0.313216
1.5708, 2.01062, 0.300734
1.63363, 2.01062, 0.288489
1.69646, 2.01062, 0.276435
1.75929, 2.01062, 0.26453
1.82212, 2.01062, 0.252735
1.88496, 2.01062, 0.241018
1.94779, 2.01062, 0.229348
2.01062, 2.01062, 0.2177
2.07345, 2.01062, 0.206053
2.13628, 2.01062, 0.194385
2.19911, 2.01062, 0.182683
2.26195, 2.01062, 0.170934
2.32478, 2.01062, 0.159127
2.38761, 2.01062, 0.147256
2.45044, 2.01062, 0.135315
2.51327, 2.01062, 0.123304
2.57611, 2.01062, 0.11122
2.63894, 2.01062, 0.0990665
2.70177, 2.01062, 0.0868463
2.7646, 2.01062, 0.0745643
2.82743, 2.01062, 0.062227
2.89027, 2.01062, 0.0498417
2.9531, 2.01062, 0.0374169
3.01593, 2.01062, 0.0249617
3.07876, 2.01062, 0.0124861
0.0628319, 2.07345, 0.829738
0.125664, 2.07345, 0.786388
0.188496, 2.07345, 0.746032
0.251327, 2.07345, 0.708455
0.314159, 2.07345, 0.673456
0.376991, 2.07345, 0.640843
0.439823, 2.07345, 0.610437
0.502655, 2.07345, 0.582065
0.565487, 2.07345, 0.555567
0.628319, 2.07345, 0.530792
0.69115, 2.07345, 0.507595
0.753982, 2.07345, 0.485842
0.816814, 2.07345, 0.465404
0.879646, 2.07345, 0.446164
0.942478, 2.07345, 0.428007
1.00531, 2.07345, 0.410829
1.06814, 2.07345, 0.394531
1.13097, 2.07345, 0.379021
1.19381, 2.07345, 0.364211
1.25664, 2.07345, 0.350023
1.31947, 2.07345, 0.336381
1.3823, 2.07345, 0.323215
1.44513, 2.07345, 0.310463
1.50796, 2.07345, 0.298064
1.5708, 2.07345, 0.285966
1.63363, 2.07345, 0.274117
1.69646, 2.07345, 0.262474
1.75929, 2.07345, 0.250996
1.82212, 2.07345, 0.239646
1.88496, 2.07345, 0.22839
1.94779, 2.07345, 0.217201
2.01062, 2.07345, 0.206053
2.07345, 2.07345, 0.194923
2.13628, 2.07345, 0.183792
2.19911, 2.07345, 0.172646
2.26195, 2.07345, 0.16147
2.32478, 2.07345, 0.150256
2.38761, 2.07345, 0.138993
2.45044, 2.07345, 0.127679
2.51327, 2.07345, 0.116308
2.57611, 2.07345, 0.10488
2.63894, 2.07345, 0.0933957
2.70177, 2.07345, 0.0818567
2.7646, 2.07345, 0.0702669
2.82743, 2.07345, 0.0586311
2.89027, 2.07345, 0.0469553
2.9531, 2.07345, 0.0352464
3.01593, 2.07345, 0.023512
3.07876, 2.07345, 0.0117604
0.0628319, 2.13628, 0.79917
0.125664, 2.13628, 0.757116
0.188496, 2.13628, 0.717948
0.251327, 2.13628, 0.681462
0.314159, 2.13628, 0.647463
0.376991, 2.13628, 0.61577
0.439823, 2.13628, 0.586208
0.502655, 2.13628, 0.558616
0.565487, 2.13628, 0.532837
0.628319, 2.13628, 0.508728
0.69115, 2.13628, 0.48615
0.753982, 2.13628, 0.464974
0.816814, 2.13628, 0.445079
0.879646, 2.13628, 0.42635
0.942478, 2.13628, 0.40868
1.00531, 2.13628, 0.391967
1.06814, 2.13628, 0.376117
1.13097, 2.13628, 0.361042
1.19381, 2.13628, 0.346658
1.25664, 2.13628, 0.33289
1.31947, 2.13628, 0.319665
1.3823, 2.13628, 0.306917
1.44513, 2.13628, 0.294585
1.50796, 2.13628, 0.282612
1.5708, 2.13628, 0.270946
1.63363, 2.13628, 0.259539
1.69646, 2.13628, 0.248348
1.75929, 2.13628, 0.237334
1.82212, 2.13628, 0.22646
1.88496, 2.13628, 0.215696
1.94779, 2.13628, 0.205013
2.01062, 2.13628, 0.194385
2.07345, 2.13628, 0.183792
2.13628, 2.13628, 0.173215
2.19911, 2.13628, 0.162637
2.26195, 2.13628, 0.152046
2.32478, 2.13628, 0.141431
2.38761, 2.13628, 0.130783
2.45044, 2.13628, 0.120097
2.51327, 2.13628, 0.109369
2.57611, 2.13628, 0.0985966
2.63894, 2.13628, 0.0877791
2.70177, 2.13628, 0.0769178
2.7646, 2.13628, 0.0660152
2.82743, 2.13628, 0.0550749
2.89027, 2.13628, 0.0441017
2.9531, 2.13628, 0.0331012
3.01593, 2.13628, 0.0220795
3.07876, 2.13628, 0.0110434
0.0628319, 2.19911, 0.7655
0.125664, 2.19911, 0.724957
0.188496, 2.19911, 0.687183
0.251327, 2.19911, 0.65198
0.314159, 2.19911, 0.619165
0.376991, 2.19911, 0.588564
0.439823, 2.19911, 0.560011
0.502655, 2.19911, 0.533351
0.565487, 2.19911, 0.508438
0.628319, 2.19911, 0.485131
0.69115, 2.19911, 0.463301
0.753982, 2.19911, 0.442825
0.816814, 2.19911, 0.423587
0.879646, 2.19911, 0.405477
0.942478, 2.19911, 0.388394
1.00531, 2.19911, 0.37224
1.06814, 2.19911, 0.356927
1.13097, 2.19911, 0.34237
1.19381, 2.19911, 0.32849
1.25664, 2.19911, 0.315213
1.31947, 2.19911, 0.302472
1.3823, 2.19911, 0.290203
1.44513, 2.19911, 0.278348
1.50796, 2.19911, 0.266852
1.5708, 2.19911, 0.255666
1.63363, 2.19911, 0.244744
1.69646, 2.19911, 0.234045
1.75929, 2.19911, 0.22353
1.82212, 2.19911, 0.213165
1.88496, 2.19911, 0.20292
1.94779, 2.19911, 0.192768
2.01062, 2.19911, 0.182683
2.07345, 2.19911, 0.172646
2.13628, 2.19911, 0.162637
2.19911, 2.19911, 0.152641
2.26195, 2.19911, 0.142645
2.32478, 2.19911, 0.132638
2.38761, 2.19911, 0.122611
2.45044, 2.19911, 0.112558
2.51327, 2.19911, 0.102475
2.57611, 2.19911, 0.0923576
2.63894, 2.19911, 0.0822059
2.70177, 2.19911, 0.0720199
2.7646, 2.19911, 0.0618009
2.82743, 2.19911, 0.0515515
2.89027, 2.19911, 0.0412754
2.9531, 2.19911, 0.030977
3.01593, 2.19911, 0.0206612
3.07876, 2.19911, 0.0103336
0.0628319, 2.26195, 0.728855
0.125664, 2.26195, 0.690031
0.188496, 2.26195, 0.653845
0.251327, 2.26195, 0.62011
0.314159, 2.26195, 0.588654
0.376991, 2.26195, 0.559309
0.439823, 2.26195, 0.531921
0.502655, 2.26195, 0.506341
0.565487, 2.26195, 0.48243
0.628319, 2.26195, 0.460058
0.69115, 2.26195, 0.439099
0.753982, 2.26195, 0.419439
0.816814, 2.26195, 0.400966
0.879646, 2.26195, 0.383578
0.942478, 2.26195, 0.367177
1.00531, 2.26195, 0.351674
1.06814, 2.26195, 0.336981
1.13097, 2.26195, 0.32302
1.19381, 2.26195, 0.309716
1.25664, 2.26195, 0.297
1.31947, 2.26195, 0.284806
1.3823, 2.26195, 0.273075
1.44513, 2.26195, 0.261751
1.50796, 2.26195, 0.250782
1.5708, 2.26195, 0.240122
1.63363, 2.26195, 0.229726
1.69646, 2.26195, 0.219556
1.75929, 2.26195, 0.209575
1.82212, 2.26195, 0.19975
1.88496, 2.26195, 0.190051
1.94779, 2.26195, 0.180454
2.01062, 2.26195, 0.170934
2.07345, 2.26195, 0.16147
2.13628, 2.26195, 0.152046
2.19911, 2.26195, 0.142645
2.26195, 2.26195, 0.133255
2.32478, 2.26195, 0.123864
2.38761, 2.26195, 0.114464
2.45044, 2.26195, 0.105049
2.51327, 2.26195, 0.0956128
2.57611, 2.26195, 0.0861528
2.63894, 2.26195, 0.0766669
2.70177, 2.26195, 0.0671546
2.7646, 2.26195, 0.0576166
2.82743, 2.26195, 0.0480547
2.89027, 2.26195, 0.0384713
2.9531, 2.26195, 0.02887
3.01593, 2.26195, 0.0192547
3.07876, 2.26195, 0.00962979
0.0628319, 2.32478, 0.689377
0.125664, 2.32478, 0.652467
0.188496, 2.32478, 0.618054
0.251327, 2.32478, 0.585963
0.314159, 2.32478, 0.55603
0.376991, 2.32478, 0.528099
0.439823, 2.32478, 0.502022
0.502655, 2.32478, 0.477661
0.565487, 2.32478, 0.454884
0.628319, 2.32478, 0.433569
0.69115, 2.32478, 0.413599
0.753982, 2.32478, 0.394864
0.816814, 2.32478, 0.37726
0.879646, 2.32478, 0.36069
0.942478, 2.32478, 0.345064
1.00531, 2.32478, 0.330295
1.06814, 2.32478, 0.316303
1.13097, 2.32478, 0.303013
1.19381, 2.32478, 0.290355
1.25664, 2.32478, 0.278264
1.31947, 2.32478, 0.266677
1.3823, 2.32478, 0.255539
1.44513, 2.32478, 0.244797
1.50796, 2.32478, 0.234403
1.5708, 2.32478, 0.224312
1.63363, 2.32478, 0.214483
1.69646, 2.32478, 0.204878
1.75929, 2.32478, 0.195463
1.82212, 2.32478, 0.186207
1.88496, 2.32478, 0.177082
1.94779, 2.32478, 0.168062
2.01062, 2.32478, 0.159127
2.07345, 2.32478, 0.150256
2.13628, 2.32478, 0.141431
2.19911, 2.32478, 0.132638
2.26195, 2.32478, 0.123864
2.32478, 2.32478, 0.115098
2.38761, 2.32478, 0.106333
2.45044, 2.32478, 0.0975599
2.51327, 2.32478, 0.0887748
2.57611, 2.32478, 0.0799736
2.63894, 2.32478, 0.071154
2.70177, 2.32478, 0.0623148
2.7646, 2.32478, 0.0534562
2.82743, 2.32478, 0.044579
2.89027, 2.32478, 0.0356851
2.9531, 2.32478, 0.026777
3.01593, 2.32478, 0.0178577
3.07876, 2.32478, 0.00893081
0.0628319, 2.38761, 0.647217
0.125664, 2.38761, 0.612406
0.188496, 2.38761, 0.579941
0.251327, 2.38761, 0.549659
0.314159, 2.38761, 0.521404
0.376991, 2.38761, 0.495033
0.439823, 2.38761, 0.470407
0.502655, 2.38761, 0.447396
0.565487, 2.38761, 0.425877
0.628319, 2.38761, 0.405736
0.69115, 2.38761, 0.386863
0.753982, 2.38761, 0.369156
0.816814, 2.38761, 0.352518
0.879646, 2.38761, 0.336859
0.942478, 2.38761, 0.322092
1.00531, 2.38761, 0.308138
1.06814, 2.38761, 0.294922
1.13097, 2.38761, 0.282374
1.19381, 2.38761, 0.270427
1.25664, 2.38761, 0.259021
1.31947, 2.38761, 0.248099
1.3823, 2.38761, 0.237607
1.44513, 2.38761, 0.227496
1.50796, 2.38761, 0.217721
1.5708, 2.38761, 0.20824
1.63363, 2.38761, 0.199014
1.69646, 2.38761, 0.190009
1.75929, 2.38761, 0.181191
1.82212, 2.38761, 0.172532
1.88496, 2.38761, 0.164005
1.94779, 2.38761, 0.155587
2.01062, 2.38761, 0.147256
2.07345, 2.38761, 0.138993
2.13628, 2.38761, 0.130783
2.19911, 2.38761, 0.122611
2.26195, 2.38761, 0.114464
2.32478, 2.38761, 0.106333
2.38761, 2.38761, 0.098208
2.45044, 2.38761, 0.090083
2.51327, 2.38761, 0.0819526
2.57611, 2.38761, 0.0738125
2.63894, 2.38761, 0.0656603
2.70177, 2.38761, 0.0574943
2.7646, 2.38761, 0.049314
2.82743, 2.38761, 0.0411198
2.89027, 2.38761, 0.0329129
2.9531, 2.38761, 0.0246949
3.01593, 2.38761, 0.0164683
3.07876, 2.38761, 0.00823569
0.0628319, 2.45044, 0.602539
0.125664, 2.45044, 0.569999
0.188496, 2.45044, 0.539645
0.251327, 2.45044, 0.511325
0.314159, 2.45044, 0.484896
0.376991, 2.45044, 0.460222
0.439823, 2.45044, 0.437176
0.502655, 2.45044, 0.415637
0.565487, 2.45044, 0.395493
0.628319, 2.45044, 0.376634
0.69115, 2.45044, 0.358962
0.753982, 2.45044, 0.34238
0.816814, 2.45044, 0.326799
0.879646, 2.45044, 0.312134
0.942478, 2.45044, 0.298307
1.00531, 2.45044, 0.285244
1.06814, 2.45044, 0.272874
1.13097, 2.45044, 0.261132
1.19381, 2.45044, 0.249958
1.25664, 2.45044, 0.239295
1.31947, 2.45044, 0.229089
1.3823, 2.45044, 0.219292
1.44513, 2.45044, 0.209858
1.50796, 2.45044, 0.200744
1.5708, 2.45044, 0.191912
1.63363, 2.45044, 0.183325
1.69646, 2.45044, 0.174951
1.75929, 2.45044, 0.16676
1.82212, 2.45044, 0.158724
1.88496, 2.45044, 0.15082
1.94779, 2.45044, 0.143023
2.01062, 2.45044, 0.135315
2.07345, 2.45044, 0.127679
2.13628, 2.45044, 0.120097
2.19911, 2.45044, 0.112558
2.26195, 2.45044, 0.105049
2.32478, 2.45044, 0.0975599
2.38761, 2.45044, 0.090083
2.45044, 2.45044, 0.0826113
2.51327, 2.45044, 0.0751395
2.57611, 2.45044, 0.0676634
2.63894, 2.45044, 0.0601801
2.70177, 2.45044, 0.0526878
2.7646, 2.45044, 0.0451856
2.82743, 2.45044, 0.0376733
2.89027, 2.45044, 0.0301515
2.9531, 2.45044, 0.0226215
3.01593, 2.45044, 0.0150848
3.07876, 2.45044, 0.0075436
0.0628319, 2.51327, 0.555514
0.125664, 2.51327, 0.525407
0.188496, 2.51327, 0.497316
0.251327, 2.51327, 0.471101
0.314159, 2.51327, 0.446632
0.376991, 2.51327, 0.423783
0.439823, 2.51327, 0.402438
0.502655, 2.51327, 0.382485
0.565487, 2.51327, 0.363821
0.628319, 2.51327, 0.346347
0.69115, 2.51327, 0.32997
0.753982, 2.51327, 0.314602
0.816814, 2.51327, 0.300162
0.879646, 2.51327, 0.286572
0.942478, 2.51327, 0.273759
1.00531, 2.51327, 0.261655
1.06814, 2.51327, 0.250196
1.13097, 2.51327, 0.239323
1.19381, 2.51327, 0.228978
1.25664, 2.51327, 0.219111
1.31947, 2.51327, 0.209671
1.3823, 2.51327, 0.200615
1.44513, 2.51327, 0.191899
1.50796, 2.51327, 0.183485
1.5708, 2.51327, 0.175338
1.63363, 2.51327, 0.167423
1.69646, 2.51327, 0.159711
1.75929, 2.51327, 0.152173
1.82212, 2.51327, 0.144786
1.88496, 2.51327, 0.137525
1.94779, 2.51327, 0.13037
2.01062, 2.51327, 0.123304
2.07345, 2.51327, 0.116308
2.13628, 2.51327, 0.109369
2.19911, 2.51327, 0.102475
2.26195, 2.51327, 0.0956128
2.32478, 2.51327, 0.0887748
2.38761, 2.51327, 0.0819526
2.45044, 2.51327, 0.0751395
2.51327, 2.51327, 0.0683304
2.57611, 2.51327, 0.0615211
2.63894, 2.51327, 0.0547087
2.70177, 2.51327, 0.0478911
2.7646, 2.51327, 0.041067
2.82743, 2.51327, 0.034236
2.89027, 2.51327, 0.0273983
2.9531, 2.51327, 0.0205546
3.01593, 2.51327, 0.0137059
3.07876, 2.51327, 0.00685385
0.0628319, 2.57611, 0.506326
0.125664, 2.57611, 0.478799
0.188496, 2.57611, 0.453109
0.251327, 2.57611, 0.429132
0.314159, 2.57611, 0.406746
0.376991, 2.57611, 0.38584
0.439823, 2.57611, 0.366306
0.502655, 2.57611, 0.348044
0.565487, 2.57611, 0.330959
0.628319, 2.57611, 0.314962
0.69115, 2.57611, 0.299967
0.753982, 2.57611, 0.285896
0.816814, 2.57611, 0.272675
0.879646, 2.57611, 0.260231
0.942478, 2.57611, 0.248501
1.00531, 2.57611, 0.237421
1.06814, 2.57611, 0.226933
1.13097, 2.57611, 0.216983
1.19381, 2.57611, 0.207521
1.25664, 2.57611, 0.198497
1.31947, 2.57611, 0.18987
1.3823, 2.57611, 0.181596
1.44513, 2.57611, 0.173638
1.50796, 2.57611, 0.16596
1.5708, 2.57611, 0.15853
1.63363, 2.57611, 0.151317
1.69646, 2.57611, 0.144295
1.75929, 2.57611, 0.137436
1.82212, 2.57611, 0.13072
1.88496, 2.57611, 0.124124
1.94779, 2.57611, 0.11763
2.01062, 2.57611, 0.11122
2.07345, 2.57611, 0.10488
2.13628, 2.57611, 0.0985966
2.19911, 2.57611, 0.0923576
2.26195, 2.57611, 0.0861528
2.32478, 2.57611, 0.0799736
2.38761, 2.57611, 0.0738125
2.45044, 2.57611, 0.0676634
2.51327, 2.57611, 0.0615211
2.57611, 2.57611, 0.0553818
2.63894, 2.57611, 0.0492423
2.70177, 2.57611, 0.0431006
2.7646, 2.57611, 0.0369551
2.82743, 2.57611, 0.0308053
2.89027, 2.57611, 0.024651
2.9531, 2.57611, 0.0184924
3.01593, 2.57611, 0.0123304
3.07876, 2.57611, 0.00616583
0.0628319, 2.63894, 0.455166
0.125664, 2.63894, 0.430352
0.188496, 2.63894, 0.407191
0.251327, 2.63894, 0.38557
0.314159, 2.63894, 0.365382
0.376991, 2.63894, 0.346525
0.439823, 2.63894, 0.328903
0.502655, 2.63894, 0.312426
0.565487, 2.63894, 0.29701
0.628319, 2.63894, 0.282573
0.69115, 2.63894, 0.269041
0.753982, 2.63894, 0.256342
0.816814, 2.63894, 0.244409
0.879646, 2.63894, 0.233178
0.942478, 2.63894, 0.222592
1.00531, 2.63894, 0.212594
1.06814, 2.63894, 0.203132
1.13097, 2.63894, 0.194157
1.19381, 2.63894, 0.185623
1.25664, 2.63894, 0.177489
1.31947, 2.63894, 0.169714
1.3823, 2.63894, 0.162261
1.44513, 2.63894, 0.155095
1.50796, 2.63894, 0.148186
1.5708, 2.63894, 0.141504
1.63363, 2.63894, 0.135022
1.69646, 2.63894, 0.128714
1.75929, 2.63894, 0.122558
1.82212, 2.63894, 0.116533
1.88496, 2.63894, 0.110621
1.94779, 2.63894, 0.104804
2.01062, 2.63894, 0.0990665
2.07345, 2.63894, 0.0933957
2.13628, 2.63894, 0.0877791
2.19911, 2.63894, 0.0822059
2.26195, 2.63894, 0.0766669
2.32478, 2.63894, 0.071154
2.38761, 2.63894, 0.0656603
2.45044, 2.63894, 0.0601801
2.51327, 2.63894, 0.0547087
2.57611, 2.63894, 0.0492423
2.63894, 2.63894, 0.043778
2.70177, 2.63894, 0.0383135
2.7646, 2.63894, 0.0328475
2.82743, 2.63894, 0.0273791
2.89027, 2.63894, 0.0219078
2.9531, 2.63894, 0.0164337
3.01593, 2.63894, 0.0109573
3.07876, 2.63894, 0.00547908
0.0628319, 2.70177, 0.402231
0.125664, 2.70177, 0.380251
0.188496, 2.70177, 0.359733
0.251327, 2.70177, 0.340576
0.314159, 2.70177, 0.322686
0.376991, 2.70177, 0.305974
0.439823, 2.70177, 0.290354
0.502655, 2.70177, 0.275748
0.565487, 2.70177, 0.26208
0.628319, 2.70177, 0.24928
0.69115, 2.70177, 0.237281
0.753982, 2.70177, 0.226021
0.816814, 2.70177, 0.215439
0.879646, 2.70177, 0.205481
0.942478, 2.70177, 0.196095
1.00531, 2.70177, 0.18723
1.06814, 2.70177, 0.178843
1.13097, 2.70177, 0.170888
1.19381, 2.70177, 0.163326
1.25664, 2.70177, 0.15612
1.31947, 2.70177, 0.149235
1.3823, 2.70177, 0.142637
1.44513, 2.70177, 0.136297
1.50796, 2.70177, 0.130186
1.5708, 2.70177, 0.124278
1.63363, 2.70177, 0.118551
1.69646, 2.70177, 0.11298
1.75929, 2.70177, 0.107547
1.82212, 2.70177, 0.102233
1.88496, 2.70177, 0.0970217
1.94779, 2.70177, 0.0918972
2.01062, 2.70177, 0.0868463
2.07345, 2.70177, 0.0818567
2.13628, 2.70177, 0.0769178
2.19911, 2.70177, 0.0720199
2.26195, 2.70177, 0.0671546
2.32478, 2.70177, 0.0623148
2.38761, 2.70177, 0.0574943
2.45044, 2.70177, 0.0526878
2.51327, 2.70177, 0.0478911
2.57611, 2.70177, 0.0431006
2.63894, 2.70177, 0.0383135
2.70177, 2.70177, 0.0335279
2.7646, 2.70177, 0.0287422
2.82743, 2.70177, 0.0239555
2.89027, 2.70177, 0.0191672
2.9531, 2.70177, 0.0143773
3.01593, 2.70177, 0.00958583
3.07876, 2.70177, 0.00479322
0.0628319, 2.7646, 0.347729
0.125664, 2.7646, 0.328689
0.188496, 2.7646, 0.310914
0.251327, 2.7646, 0.294315
0.314159, 2.7646, 0.278813
0.376991, 2.7646, 0.264329
0.439823, 2.7646, 0.250791
0.502655, 2.7646, 0.238131
0.565487, 2.7646, 0.226283
0.628319, 2.7646, 0.215186
0.69115, 2.7646, 0.204783
0.753982, 2.7646, 0.19502
0.816814, 2.7646, 0.185846
0.879646, 2.7646, 0.177212
0.942478, 2.7646, 0.169075
1.00531, 2.7646, 0.16139
1.06814, 2.7646, 0.15412
1.13097, 2.7646, 0.147226
1.19381, 2.7646, 0.140674
1.25664, 2.7646, 0.134431
1.31947, 2.7646, 0.128468
1.3823, 2.7646, 0.122756
1.44513, 2.7646, 0.117268
1.50796, 2.7646, 0.111982
1.5708, 2.7646, 0.106873
1.63363, 2.7646, 0.101922
1.69646, 2.7646, 0.0971091
1.75929, 2.7646, 0.0924175
1.82212, 2.7646, 0.087831
1.88496, 2.7646, 0.0833352
1.94779, 2.7646, 0.0789169
2.01062, 2.7646, 0.0745643
2.07345, 2.7646, 0.0702669
2.13628, 2.7646, 0.0660152
2.19911, 2.7646, 0.0618009
2.26195, 2.7646, 0.0576166
2.32478, 2.7646, 0.0534562
2.38761, 2.7646, 0.049314
2.45044, 2.7646, 0.0451856
2.51327, 2.7646, 0.041067
2.57611, 2.7646, 0.0369551
2.63894, 2.7646, 0.0328475
2.70177, 2.7646, 0.0287422
2.7646, 2.7646, 0.0246378
2.82743, 2.7646, 0.0205334
2.89027, 2.7646, 0.0164283
2.9531, 2.7646, 0.0123224
3.01593, 2.7646, 0.00821549
3.07876, 2.7646, 0.00410794
0.0628319, 2.82743, 0.291871
0.125664, 2.82743, 0.275863
0.188496, 2.82743, 0.260916
0.251327, 2.82743, 0.246959
0.314159, 2.82743, 0.233921
0.376991, 2.82743, 0.221739
0.439823, 2.82743, 0.210352
0.502655, 2.82743, 0.199701
0.565487, 2.82743, 0.189734
0.628319, 2.82743, 0.180398
0.69115, 2.82743, 0.171645
0.753982, 2.82743, 0.163431
0.816814, 2.82743, 0.155712
0.879646, 2.82743, 0.148448
0.942478, 2.82743, 0.141601
1.00531, 2.82743, 0.135136
1.06814, 2.82743, 0.12902
1.13097, 2.82743, 0.123222
1.19381, 2.82743, 0.117712
1.25664, 2.82743, 0.112463
1.31947, 2.82743, 0.10745
1.3823, 2.82743, 0.102649
1.44513, 2.82743, 0.0980391
1.50796, 2.82743, 0.0935988
1.5708, 2.82743, 0.0893096
1.63363, 2.82743, 0.0851542
1.69646, 2.82743, 0.0811167
1.75929, 2.82743, 0.0771824
1.82212, 2.82743, 0.0733378
1.88496, 2.82743, 0.0695709
1.94779, 2.82743, 0.0658706
2.01062, 2.82743, 0.062227
2.07345, 2.82743, 0.0586311
2.13628, 2.82743, 0.0550749
2.19911, 2.82743, 0.0515515
2.26195, 2.82743, 0.0480547
2.32478, 2.82743, 0.044579
2.38761, 2.82743, 0.0411198
2.45044, 2.82743, 0.0376733
2.51327, 2.82743, 0.034236
2.57611, 2.82743, 0.0308053
2.63894, 2.82743, 0.0273791
2.70177, 2.82743, 0.0239555
2.7646, 2.82743, 0.0205334
2.82743, 2.82743, 0.0171118
2.89027, 2.82743, 0.0136902
2.9531, 2.82743, 0.0102682
3.01593, 2.82743, 0.00684582
3.07876, 2.82743, 0.00342302
0.0628319, 2.89027, 0.234875
0.125664, 2.89027, 0.221975
0.188496, 2.89027, 0.209931
0.251327, 2.89027, 0.198682
0.314159, 2.89027, 0.188173
0.376991, 2.89027, 0.178354
0.439823, 2.89027, 0.169175
0.502655, 2.89027, 0.160589
0.565487, 2.89027, 0.152553
0.628319, 2.89027, 0.145026
0.69115, 2.89027, 0.137969
0.753982, 2.89027, 0.131346
0.816814, 2.89027, 0.125122
0.879646, 2.89027, 0.119265
0.942478, 2.89027, 0.113745
1.00531, 2.89027, 0.108533
1.06814, 2.89027, 0.103603
1.13097, 2.89027, 0.0989289
1.19381, 2.89027, 0.094488
1.25664, 2.89027, 0.0902584
1.31947, 2.89027, 0.0862195
1.3823, 2.89027, 0.0823525
1.44513, 2.89027, 0.0786396
1.50796, 2.89027, 0.0750646
1.5708, 2.89027, 0.0716122
1.63363, 2.89027, 0.0682686
1.69646, 2.89027, 0.0650208
1.75929, 2.89027, 0.0618571
1.82212, 2.89027, 0.0587667
1.88496, 2.89027, 0.0557398
1.94779, 2.89027, 0.0527675
2.01062, 2.89027, 0.0498417
2.07345, 2.89027, 0.0469553
2.13628, 2.89027, 0.0441017
2.19911, 2.89027, 0.0412754
2.26195, 2.89027, 0.0384713
2.32478, 2.89027, 0.0356851
2.38761, 2.89027, 0.0329129
2.45044, 2.89027, 0.0301515
2.51327, 2.89027, 0.0273983
2.57611, 2.89027, 0.024651
2.63894, 2.89027, 0.0219078
2.70177, 2.89027, 0.0191672
2.7646, 2.89027, 0.0164283
2.82743, 2.89027, 0.0136902
2.89027, 2.89027, 0.0109524
2.9531, 2.89027, 0.00821453
3.01593, 2.89027, 0.00547651
3.07876, 2.89027, 0.00273831
0.0628319, 2.9531, 0.176962
0.125664, 2.9531, 0.167234
0.188496, 2.9531, 0.158149
0.251327, 2.9531, 0.149664
0.314159, 2.9531, 0.141737
0.376991, 2.9531, 0.134329
0.439823, 2.9531, 0.127404
0.502655, 2.9531, 0.120926
0.565487, 2.9531, 0.114863
0.628319, 2.9531, 0.109184
0.69115, 2.9531, 0.103859
0.753982, 2.9531, 0.0988617
0.816814, 2.9531, 0.0941655
0.879646, 2.9531, 0.0897462
0.942478, 2.9531, 0.0855811
1.00531, 2.9531, 0.0816487
1.06814, 2.9531, 0.0779289
1.13097, 2.9531, 0.0744028
1.19381, 2.9531, 0.0710529
1.25664, 2.9531, 0.0678628
1.31947, 2.9531, 0.0648169
1.3823, 2.9531, 0.0619011
1.44513, 2.9531, 0.0591021
1.50796, 2.9531, 0.0564075
1.5708, 2.9531, 0.0538059
1.63363, 2.9531, 0.0512869
1.69646, 2.9531, 0.0488407
1.75929, 2.9531, 0.0464584
1.82212, 2.9531, 0.044132
1.88496, 2.9531, 0.0418539
1.94779, 2.9531, 0.0396176
2.01062, 2.9531, 0.0374169
2.07345, 2.9531, 0.0352464
2.13628, 2.9531, 0.0331012
2.19911, 2.9531, 0.030977
2.26195, 2.9531, 0.02887
2.32478, 2.9531, 0.026777
2.38761, 2.9531, 0.0246949
2.45044, 2.9531, 0.0226215
2.51327, 2.9531, 0.0205546
2.57611, 2.9531, 0.0184924
2.63894, 2.9531, 0.0164337
2.70177, 2.9531, 0.0143773
2.7646, 2.9531, 0.0123224
2.82743, 2.9531, 0.0102682
2.89027, 2.9531, 0.00821453
2.9531, 2.9531, 0.00616095
3.01593, 2.9531, 0.00410736
3.07876, 2.9531, 0.0020537
0.0628319, 3.01593, 0.11836
0.125664, 3.01593, 0.111848
0.188496, 3.01593, 0.105767
0.251327, 3.01593, 0.100087
0.314159, 3.01593, 0.0947808
0.376991, 3.01593, 0.0898218
0.439823, 3.01593, 0.0851856
0.502655, 3.01593, 0.0808489
0.565487, 3.01593, 0.0767896
0.628319, 3.01593, 0.0729872
0.69115, 3.01593, 0.0694222
0.753982, 3.01593, 0.0660761
0.816814, 3.01593, 0.0629317
0.879646, 3.01593, 0.0599728
0.942478, 3.01593, 0.0571841
1.00531, 3.01593, 0.0545513
1.06814, 3.01593, 0.0520609
1.13097, 3.01593, 0.0497004
1.19381, 3.01593, 0.047458
1.25664, 3.01593, 0.0453227
1.31947, 3.01593, 0.0432841
1.3823, 3.01593, 0.0413329
1.44513, 3.01593, 0.03946
1.50796, 3.01593, 0.0376572
1.5708, 3.01593, 0.035917
1.63363, 3.01593, 0.0342322
1.69646, 3.01593, 0.0325965
1.75929, 3.01593, 0.0310037
1.82212, 3.01593, 0.0294486
1.88496, 3.01593, 0.0279262
1.94779, 3.01593, 0.0264319
2.01062, 3.01593, 0.0249617
2.07345, 3.01593, 0.023512
2.13628, 3.01593, 0.0220795
2.19911, 3.01593, 0.0206612
2.26195, 3.01593, 0.0192547
2.32478, 3.01593, 0.0178577
2.38761, 3.01593, 0.0164683
2.45044, 3.01593, 0.0150848
2.51327, 3.01593, 0.0137059
2.57611, 3.01593, 0.0123304
2.63894, 3.01593, 0.0109573
2.70177, 3.01593, 0.00958583
2.7646, 3.01593, 0.00821549
2.82743, 3.01593, 0.00684582
2.89027, 3.01593, 0.00547651
2.9531, 3.01593, 0.00410736
3.01593, 3.01593, 0.00273825
3.07876, 3.01593, 0.00136913
0.0628319, 3.07876, 0.0592956
0.125664, 3.07876, 0.0560319
0.188496, 3.07876, 0.052984
0.251327, 3.07876, 0.0501371
0.314159, 3.07876, 0.0474774
0.376991, 3.07876, 0.0449918
0.439823, 3.07876, 0.0426679
0.502655, 3.07876, 0.040494
0.565487, 3.07876, 0.0384592
0.628319, 3.07876, 0.0365531
0.69115, 3.07876, 0.034766
0.753982, 3.07876, 0.0330886
0.816814, 3.07876, 0.0315124
0.879646, 3.07876, 0.0300291
0.942478, 3.07876, 0.0286312
1.00531, 3.07876, 0.0273114
1.06814, 3.07876, 0.026063
1.13097, 3.07876, 0.0248798
1.19381, 3.07876, 0.0237559
1.25664, 3.07876, 0.0226856
1.31947, 3.07876, 0.021664
1.3823, 3.07876, 0.0206861
1.44513, 3.07876, 0.0197476
1.50796, 3.07876, 0.0188443
1.5708, 3.07876, 0.0179725
1.63363, 3.07876, 0.0171285
1.69646, 3.07876, 0.0163091
1.75929, 3.07876, 0.0155114
1.82212, 3.07876, 0.0147326
1.88496, 3.07876, 0.0139702
1.94779, 3.07876, 0.0132221
2.01062, 3.07876, 0.0124861
2.07345, 3.07876, 0.0117604
2.13628, 3.07876, 0.0110434
2.19911, 3.07876, 0.0103336
2.26195, 3.07876, 0.00962979
2.32478, 3.07876, 0.00893081
2.38761, 3.07876, 0.00823569
2.45044, 3.07876, 0.0075436
2.51327, 3.07876, 0.00685385
2.57611, 3.07876, 0.00616583
2.63894, 3.07876, 0.00547908
2.70177, 3.07876, 0.00479322
2.7646, 3.07876, 0.00410794
2.82743, 3.07876, 0.00342302
2.89027, 3.07876, 0.00273831
2.9531, 3.07876, 0.0020537
3.01593, 3.07876, 0.00136913
3.07876, 3.07876, 0.000684566
