0.0698132, 0.0698132, 0.130072
0.139626, 0.0698132, 0.190388
0.20944, 0.0698132, 0.250368
0.279253, 0.0698132, 0.309678
0.349066, 0.0698132, 0.367993
0.418879, 0.0698132, 0.424993
0.488692, 0.0698132, 0.48037
0.558505, 0.0698132, 0.533821
0.628319, 0.0698132, 0.58506
0.698132, 0.0698132, 0.633809
0.767945, 0.0698132, 0.679806
0.837758, 0.0698132, 0.722805
0.907571, 0.0698132, 0.762574
0.977384, 0.0698132, 0.7989
1.0472, 0.0698132, 0.831586
1.11701, 0.0698132, 0.860457
1.18682, 0.0698132, 0.885354
1.25664, 0.0698132, 0.906142
1.32645, 0.0698132, 0.922705
1.39626, 0.0698132, 0.934948
1.46608, 0.0698132, 0.9428
1.53589, 0.0698132, 0.946211
1.6057, 0.0698132, 0.945152
1.67552, 0.0698132, 0.939619
1.74533, 0.0698132, 0.929629
1.81514, 0.0698132, 0.915222
1.88496, 0.0698132, 0.896459
1.95477, 0.0698132, 0.873424
2.02458, 0.0698132, 0.846221
2.0944, 0.0698132, 0.814976
2.16421, 0.0698132, 0.779833
2.23402, 0.0698132, 0.740959
2.30383, 0.0698132, 0.698536
2.37365, 0.0698132, 0.652765
2.44346, 0.0698132, 0.603863
2.51327, 0.0698132, 0.552064
2.58309, 0.0698132, 0.497615
2.6529, 0.0698132, 0.440777
2.72271, 0.0698132, 0.381821
2.79253, 0.0698132, 0.32103
2.86234, 0.0698132, 0.258696
2.93215, 0.0698132, 0.195118
3.00197, 0.0698132, 0.130602
3.07178, 0.0698132, 0.0654586
0.0698132, 0.139626, 0.190388
0.139626, 0.139626, 0.241941
0.20944, 0.139626, 0.293493
0.279253, 0.139626, 0.344714
0.349066, 0.139626, 0.39528
0.418879, 0.139626, 0.444875
0.488692, 0.139626, 0.493192
0.558505, 0.139626, 0.539937
0.628319, 0.139626, 0.584823
0.698132, 0.139626, 0.627581
0.767945, 0.139626, 0.667952
0.837758, 0.139626, 0.705694
0.907571, 0.139626, 0.740581
0.977384, 0.139626, 0.772401
1.0472, 0.139626, 0.800963
1.11701, 0.139626, 0.826092
1.18682, 0.139626, 0.847634
1.25664, 0.139626, 0.865453
1.32645, 0.139626, 0.879433
1.39626, 0.139626, 0.88948
1.46608, 0.139626, 0.89552
1.53589, 0.139626, 0.8975
1.6057, 0.139626, 0.895388
1.67552, 0.139626, 0.889174
1.74533, 0.139626, 0.878868
1.81514, 0.139626, 0.864504
1.88496, 0.139626, 0.846134
1.95477, 0.139626, 0.823832
2.02458, 0.139626, 0.79769
2.0944, 0.139626, 0.767823
2.16421, 0.139626, 0.734361
2.23402, 0.139626, 0.697456
2.30383, 0.139626, 0.657274
2.37365, 0.139626, 0.614001
2.44346, 0.139626, 0.567836
2.51327, 0.139626, 0.518994
2.58309, 0.139626, 0.467701
2.6529, 0.139626, 0.4142
2.72271, 0.139626, 0.35874
2.79253, 0.139626, 0.301583
2.86234, 0.139626, 0.242998
2.93215, 0.139626, 0.183263
3.00197, 0.139626, 0.12266
3.07178, 0.139626, 0.0614756
0.0698132, 0.20944, 0.250368
0.139626, 0.20944, 0.293493
0.20944, 0.20944, 0.336949
0.279253, 0.20944, 0.380405
0.349066, 0.20944, 0.423537
0.418879, 0.20944, 0.466033
0.488692, 0.20944, 0.507588
0.558505, 0.20944, 0.54791
0.628319, 0.20944, 0.586716
0.698132, 0.20944, 0.62374
0.767945, 0.20944, 0.658728
0.837758, 0.20944, 0.69144
0.907571, 0.20944, 0.721653
0.977384, 0.20944, 0.749161
1.0472, 0.20944, 0.773772
1.11701, 0.20944, 0.795316
1.18682, 0.20944, 0.813637
1.25664, 0.20944, 0.828602
1.32645, 0.20944, 0.840095
1.39626, 0.20944, 0.848019
1.46608, 0.20944, 0.8523
1.53589, 0.20944, 0.85288
1.6057, 0.20944, 0.849725
1.67552, 0.20944, 0.842819
1.74533, 0.20944, 0.832166
1.81514, 0.20944, 0.817793
1.88496, 0.20944, 0.799742
1.95477, 0.20944, 0.778079
2.02458, 0.20944, 0.752885
2.0944, 0.20944, 0.724264
2.16421, 0.20944, 0.692333
2.23402, 0.20944, 0.657229
2.30383, 0.20944, 0.619105
2.37365, 0.20944, 0.57813
2.44346, 0.20944, 0.534487
2.51327, 0.20944, 0.488373
2.58309, 0.20944, 0.439997
2.6529, 0.20944, 0.389581
2.72271, 0.20944, 0.337356
2.79253, 0.20944, 0.283563
2.86234, 0.20944, 0.228451
2.93215, 0.20944, 0.172276
3.00197, 0.20944, 0.115298
3.07178, 0.20944, 0.0577838
0.0698132, 0.279253, 0.309678
0.139626, 0.279253, 0.344714
0.20944, 0.279253, 0.380405
0.279253, 0.279253, 0.416418
0.349066, 0.279253, 0.452432
0.418879, 0.279253, 0.488133
0.488692, 0.279253, 0.523218
0.558505, 0.279253, 0.557397
0.628319, 0.279253, 0.590391
0.698132, 0.279253, 0.621936
0.767945, 0.279253, 0.651779
0.837758, 0.279253, 0.679684
0.907571, 0.279253, 0.705432
0.977384, 0.279253, 0.728816
1.0472, 0.279253, 0.749649
1.11701, 0.279253, 0.767761
1.18682, 0.279253, 0.782997
1.25664, 0.279253, 0.795224
1.32645, 0.279253, 0.804325
1.39626, 0.279253, 0.810203
1.46608, 0.279253, 0.81278
1.53589, 0.279253, 0.811996
1.6057, 0.279253, 0.807813
1.67552, 0.279253, 0.80021
1.74533, 0.279253, 0.789186
1.81514, 0.279253, 0.774758
1.88496, 0.279253, 0.756963
1.95477, 0.279253, 0.735856
2.02458, 0.279253, 0.711509
2.0944, 0.279253, 0.684014
2.16421, 0.279253, 0.653477
2.23402, 0.279253, 0.620021
2.30383, 0.279253, 0.583787
2.37365, 0.279253, 0.544927
2.44346, 0.279253, 0.503609
2.51327, 0.279253, 0.460013
2.58309, 0.279253, 0.414333
2.6529, 0.279253, 0.36677
2.72271, 0.279253, 0.317539
2.79253, 0.279253, 0.266862
2.86234, 0.279253, 0.214967
2.93215, 0.279253, 0.162091
3.00197, 0.279253, 0.108474
3.07178, 0.279253, 0.0543613
0.0698132, 0.349066, 0.367993
0.139626, 0.349066, 0.39528
0.20944, 0.349066, 0.423537
0.279253, 0.349066, 0.452432
0.349066, 0.349066, 0.48164
0.418879, 0.349066, 0.510848
0.488692, 0.349066, 0.539754
0.558505, 0.349066, 0.568069
0.628319, 0.349066, 0.595516
0.698132, 0.349066, 0.621832
0.767945, 0.349066, 0.646767
0.837758, 0.349066, 0.670087
0.907571, 0.349066, 0.691574
0.977384, 0.349066, 0.711023
1.0472, 0.349066, 0.728248
1.11701, 0.349066, 0.74308
1.18682, 0.349066, 0.755366
1.25664, 0.349066, 0.764971
1.32645, 0.349066, 0.771778
1.39626, 0.349066, 0.775687
1.46608, 0.349066, 0.77662
1.53589, 0.349066, 0.774512
1.6057, 0.349066, 0.769322
1.67552, 0.349066, 0.761023
1.74533, 0.349066, 0.749609
1.81514, 0.349066, 0.73509
1.88496, 0.349066, 0.717495
1.95477, 0.349066, 0.696872
2.02458, 0.349066, 0.673282
2.0944, 0.349066, 0.646806
2.16421, 0.349066, 0.617539
2.23402, 0.349066, 0.585593
2.30383, 0.349066, 0.551094
2.37365, 0.349066, 0.514182
2.44346, 0.349066, 0.475008
2.51327, 0.349066, 0.433739
2.58309, 0.349066, 0.39055
2.6529, 0.349066, 0.345629
2.72271, 0.349066, 0.29917
2.79253, 0.349066, 0.251378
2.86234, 0.349066, 0.202465
2.93215, 0.349066, 0.152646
3.00197, 0.349066, 0.102145
3.07178, 0.349066, 0.0511873
0.0698132, 0.418879, 0.424993
0.139626, 0.418879, 0.444875
0.20944, 0.418879, 0.466033
0.279253, 0.418879, 0.488133
0.349066, 0.418879, 0.510848
0.418879, 0.418879, 0.533865
0.488692, 0.418879, 0.556882
0.558505, 0.418879, 0.57961
0.628319, 0.418879, 0.601773
0.698132, 0.418879, 0.623109
0.767945, 0.418879, 0.64337
0.837758, 0.418879, 0.662324
0.907571, 0.418879, 0.679752
0.977384, 0.418879, 0.695453
1.0472, 0.418879, 0.709241
1.11701, 0.418879, 0.720946
1.18682, 0.418879, 0.730417
1.25664, 0.418879, 0.737516
1.32645, 0.418879, 0.742127
1.39626, 0.418879, 0.744149
1.46608, 0.418879, 0.743499
1.53589, 0.418879, 0.740112
1.6057, 0.418879, 0.733939
1.67552, 0.418879, 0.724951
1.74533, 0.418879, 0.713136
1.81514, 0.418879, 0.698498
1.88496, 0.418879, 0.681058
1.95477, 0.418879, 0.660854
2.02458, 0.418879, 0.637941
2.0944, 0.418879, 0.612388
2.16421, 0.418879, 0.584281
2.23402, 0.418879, 0.553719
2.30383, 0.418879, 0.520816
2.37365, 0.418879, 0.485697
2.44346, 0.418879, 0.448503
2.51327, 0.418879, 0.409384
2.58309, 0.418879, 0.368501
2.6529, 0.418879, 0.326024
2.72271, 0.418879, 0.282133
2.79253, 0.418879, 0.237016
2.86234, 0.418879, 0.190867
2.93215, 0.418879, 0.143885
3.00197, 0.418879, 0.0962741
3.07178, 0.418879, 0.0482426
0.0698132, 0.488692, 0.48037
0.139626, 0.488692, 0.493192
0.20944, 0.488692, 0.507588
0.279253, 0.488692, 0.523218
0.349066, 0.488692, 0.539754
0.418879, 0.488692, 0.556882
0.488692, 0.488692, 0.574298
0.558505, 0.488692, 0.591715
0.628319, 0.488692, 0.608856
0.698132, 0.488692, 0.62546
0.767945, 0.488692, 0.641281
0.837758, 0.488692, 0.656086
0.907571, 0.488692, 0.669659
0.977384, 0.488692, 0.681797
1.0472, 0.488692, 0.692317
1.11701, 0.488692, 0.701048
1.18682, 0.488692, 0.707837
1.25664, 0.488692, 0.71255
1.32645, 0.488692, 0.715066
1.39626, 0.488692, 0.715283
1.46608, 0.488692, 0.713116
1.53589, 0.488692, 0.708496
1.6057, 0.488692, 0.701371
1.67552, 0.488692, 0.691708
1.74533, 0.488692, 0.679487
1.81514, 0.488692, 0.664707
1.88496, 0.488692, 0.647383
1.95477, 0.488692, 0.627545
2.02458, 0.488692, 0.605239
2.0944, 0.488692, 0.580525
2.16421, 0.488692, 0.553477
2.23402, 0.488692, 0.524186
2.30383, 0.488692, 0.492751
2.37365, 0.488692, 0.459289
2.44346, 0.488692, 0.423924
2.51327, 0.488692, 0.386794
2.58309, 0.488692, 0.348044
2.6529, 0.488692, 0.307833
2.72271, 0.488692, 0.266323
2.79253, 0.488692, 0.223687
2.86234, 0.488692, 0.180102
2.93215, 0.488692, 0.135752
3.00197, 0.488692, 0.0908237
3.07178, 0.488692, 0.0455089
0.0698132, 0.558505, 0.533821
0.139626, 0.558505, 0.539937
0.20944, 0.558505, 0.54791
0.279253, 0.558505, 0.557397
0.349066, 0.558505, 0.568069
0.418879, 0.558505, 0.57961
0.488692, 0.558505, 0.591715
0.558505, 0.558505, 0.604096
0.628319, 0.558505, 0.616476
0.698132, 0.558505, 0.628596
0.767945, 0.558505, 0.640208
0.837758, 0.558505, 0.651081
0.907571, 0.558505, 0.660998
0.977384, 0.558505, 0.66976
1.0472, 0.558505, 0.67718
1.11701, 0.558505, 0.68309
1.18682, 0.558505, 0.687336
1.25664, 0.558505, 0.689781
1.32645, 0.558505, 0.690304
1.39626, 0.558505, 0.688802
1.46608, 0.558505, 0.685186
1.53589, 0.558505, 0.679384
1.6057, 0.558505, 0.671342
1.67552, 0.558505, 0.661021
1.74533, 0.558505, 0.648396
1.81514, 0.558505, 0.633461
1.88496, 0.558505, 0.616223
1.95477, 0.558505, 0.596705
2.02458, 0.558505, 0.574945
2.0944, 0.558505, 0.550994
2.16421, 0.558505, 0.524918
2.23402, 0.558505, 0.496795
2.30383, 0.558505, 0.466716
2.37365, 0.558505, 0.434783
2.44346, 0.558505, 0.40111
2.51327, 0.558505, 0.365821
2.58309, 0.558505, 0.329051
2.6529, 0.558505, 0.29094
2.72271, 0.558505, 0.251639
2.79253, 0.558505, 0.211306
2.86234, 0.558505, 0.170102
2.93215, 0.558505, 0.128196
3.00197, 0.558505, 0.0857603
3.07178, 0.558505, 0.0429692
0.0698132, 0.628319, 0.58506
0.139626, 0.628319, 0.584823
0.20944, 0.628319, 0.586716
0.279253, 0.628319, 0.590391
0.349066, 0.628319, 0.595516
0.418879, 0.628319, 0.601773
0.488692, 0.628319, 0.608856
0.558505, 0.628319, 0.616476
0.628319, 0.628319, 0.624357
0.698132, 0.628319, 0.632238
0.767945, 0.628319, 0.639873
0.837758, 0.628319, 0.647031
0.907571, 0.628319, 0.653495
0.977384, 0.628319, 0.659064
1.0472, 0.628319, 0.663555
1.11701, 0.628319, 0.666796
1.18682, 0.628319, 0.668634
1.25664, 0.628319, 0.668932
1.32645, 0.628319, 0.667568
1.39626, 0.628319, 0.664434
1.46608, 0.628319, 0.659441
1.53589, 0.628319, 0.652513
1.6057, 0.628319, 0.643593
1.67552, 0.628319, 0.632637
1.74533, 0.628319, 0.619616
1.81514, 0.628319, 0.604517
1.88496, 0.628319, 0.587343
1.95477, 0.628319, 0.568108
2.02458, 0.628319, 0.546842
2.0944, 0.628319, 0.523589
2.16421, 0.628319, 0.498406
2.23402, 0.628319, 0.47136
2.30383, 0.628319, 0.442533
2.37365, 0.628319, 0.412016
2.44346, 0.628319, 0.379912
2.51327, 0.628319, 0.346332
2.58309, 0.628319, 0.311397
2.6529, 0.628319, 0.275237
2.72271, 0.628319, 0.237989
2.79253, 0.628319, 0.199795
2.86234, 0.628319, 0.160805
2.93215, 0.628319, 0.121171
3.00197, 0.628319, 0.081052
3.07178, 0.628319, 0.0406076
0.0698132, 0.698132, 0.633809
0.139626, 0.698132, 0.627581
0.20944, 0.698132, 0.62374
0.279253, 0.698132, 0.621936
0.349066, 0.698132, 0.621832
0.418879, 0.698132, 0.623109
0.488692, 0.698132, 0.62546
0.558505, 0.698132, 0.628596
0.628319, 0.698132, 0.632238
0.698132, 0.698132, 0.636127
0.767945, 0.698132, 0.640016
0.837758, 0.698132, 0.643674
0.907571, 0.698132, 0.646885
0.977384, 0.698132, 0.649448
1.0472, 0.698132, 0.651178
1.11701, 0.698132, 0.651905
1.18682, 0.698132, 0.651474
1.25664, 0.698132, 0.649747
1.32645, 0.698132, 0.6466
1.39626, 0.698132, 0.641925
1.46608, 0.698132, 0.635629
1.53589, 0.698132, 0.627635
1.6057, 0.698132, 0.617881
1.67552, 0.698132, 0.606318
1.74533, 0.698132, 0.592914
1.81514, 0.698132, 0.57765
1.88496, 0.698132, 0.560523
1.95477, 0.698132, 0.54154
2.02458, 0.698132, 0.520726
2.0944, 0.698132, 0.498115
2.16421, 0.698132, 0.473756
2.23402, 0.698132, 0.447707
2.30383, 0.698132, 0.420041
2.37365, 0.698132, 0.390838
2.44346, 0.698132, 0.360189
2.51327, 0.698132, 0.328196
2.58309, 0.698132, 0.294969
2.6529, 0.698132, 0.260623
2.72271, 0.698132, 0.225284
2.79253, 0.698132, 0.189081
2.86234, 0.698132, 0.15215
2.93215, 0.698132, 0.114631
3.00197, 0.698132, 0.076669
3.07178, 0.698132, 0.0384091
0.0698132, 0.767945, 0.679806
0.139626, 0.767945, 0.667952
0.20944, 0.767945, 0.658728
0.279253, 0.767945, 0.651779
0.349066, 0.767945, 0.646767
0.418879, 0.767945, 0.64337
0.488692, 0.767945, 0.641281
0.558505, 0.767945, 0.640208
0.628319, 0.767945, 0.639873
0.698132, 0.767945, 0.640016
0.767945, 0.767945, 0.640391
0.837758, 0.767945, 0.640765
0.907571, 0.767945, 0.640923
0.977384, 0.767945, 0.640665
1.0472, 0.767945, 0.639804
1.11701, 0.767945, 0.638171
1.18682, 0.767945, 0.63561
1.25664, 0.767945, 0.631982
1.32645, 0.767945, 0.627161
1.39626, 0.767945, 0.621037
1.46608, 0.767945, 0.613517
1.53589, 0.767945, 0.604518
1.6057, 0.767945, 0.593976
1.67552, 0.767945, 0.58184
1.74533, 0.767945, 0.568071
1.81514, 0.767945, 0.552647
1.88496, 0.767945, 0.535557
1.95477, 0.767945, 0.516805
2.02458, 0.767945, 0.496407
2.0944, 0.767945, 0.47439
2.16421, 0.767945, 0.450795
2.23402, 0.767945, 0.425673
2.30383, 0.767945, 0.399085
2.37365, 0.767945, 0.371104
2.44346, 0.767945, 0.341811
2.51327, 0.767945, 0.311296
2.58309, 0.767945, 0.279658
2.6529, 0.767945, 0.247003
2.72271, 0.767945, 0.213442
2.79253, 0.767945, 0.179094
2.86234, 0.767945, 0.144083
2.93215, 0.767945, 0.108536
3.00197, 0.767945, 0.0725835
3.07178, 0.767945, 0.0363599
0.0698132, 0.837758, 0.722805
0.139626, 0.837758, 0.705694
0.20944, 0.837758, 0.69144
0.279253, 0.837758, 0.679684
0.349066, 0.837758, 0.670087
0.418879, 0.837758, 0.662324
0.488692, 0.837758, 0.656086
0.558505, 0.837758, 0.651081
0.628319, 0.837758, 0.647031
0.698132, 0.837758, 0.643674
0.767945, 0.837758, 0.640765
0.837758, 0.837758, 0.638071
0.907571, 0.837758, 0.635378
0.977384, 0.837758, 0.632484
1.0472, 0.837758, 0.629203
1.11701, 0.837758, 0.625365
1.18682, 0.837758, 0.620814
1.25664, 0.837758, 0.615409
1.32645, 0.837758, 0.609024
1.39626, 0.837758, 0.601547
1.46608, 0.837758, 0.592882
1.53589, 0.837758, 0.582944
1.6057, 0.837758, 0.571667
1.67552, 0.837758, 0.558993
1.74533, 0.837758, 0.544884
1.81514, 0.837758, 0.529309
1.88496, 0.837758, 0.512254
1.95477, 0.837758, 0.493716
2.02458, 0.837758, 0.473706
2.0944, 0.837758, 0.452243
2.16421, 0.837758, 0.429361
2.23402, 0.837758, 0.405103
2.30383, 0.837758, 0.379522
2.37365, 0.837758, 0.352682
2.44346, 0.837758, 0.324654
2.51327, 0.837758, 0.295519
2.58309, 0.837758, 0.265365
2.6529, 0.837758, 0.234287
2.72271, 0.837758, 0.202387
2.79253, 0.837758, 0.169771
2.86234, 0.837758, 0.136552
2.93215, 0.837758, 0.102845
3.00197, 0.837758, 0.0687695
3.07178, 0.837758, 0.0344467
0.0698132, 0.907571, 0.762574
0.139626, 0.907571, 0.740581
0.20944, 0.907571, 0.721653
0.279253, 0.907571, 0.705432
0.349066, 0.907571, 0.691574
0.418879, 0.907571, 0.679752
0.488692, 0.907571, 0.669659
0.558505, 0.907571, 0.660998
0.628319, 0.907571, 0.653495
0.698132, 0.907571, 0.646885
0.767945, 0.907571, 0.640923
0.837758, 0.907571, 0.635378
0.907571, 0.907571, 0.630033
0.977384, 0.907571, 0.624689
1.0472, 0.907571, 0.619159
1.11701, 0.907571, 0.613272
1.18682, 0.907571, 0.606871
1.25664, 0.907571, 0.599816
1.32645, 0.907571, 0.591979
1.39626, 0.907571, 0.583246
1.46608, 0.907571, 0.573518
1.53589, 0.907571, 0.562711
1.6057, 0.907571, 0.550752
1.67552, 0.907571, 0.537584
1.74533, 0.907571, 0.523161
1.81514, 0.907571, 0.507451
1.88496, 0.907571, 0.490433
1.95477, 0.907571, 0.472101
2.02458, 0.907571, 0.452456
2.0944, 0.907571, 0.431515
2.16421, 0.907571, 0.409303
2.23402, 0.907571, 0.385856
2.30383, 0.907571, 0.36122
2.37365, 0.907571, 0.335448
2.44346, 0.907571, 0.308605
2.51327, 0.907571, 0.280761
2.58309, 0.907571, 0.251996
2.6529, 0.907571, 0.222394
2.72271, 0.907571, 0.192048
2.79253, 0.907571, 0.161052
2.86234, 0.907571, 0.129509
2.93215, 0.907571, 0.0975232
3.00197, 0.907571, 0.0652026
3.07178, 0.907571, 0.0326576
0.0698132, 0.977384, 0.7989
0.139626, 0.977384, 0.772401
0.20944, 0.977384, 0.749161
0.279253, 0.977384, 0.728816
0.349066, 0.977384, 0.711023
0.418879, 0.977384, 0.695453
0.488692, 0.977384, 0.681797
0.558505, 0.977384, 0.66976
0.628319, 0.977384, 0.659064
0.698132, 0.977384, 0.649448
0.767945, 0.977384, 0.640665
0.837758, 0.977384, 0.632484
0.907571, 0.977384, 0.624689
0.977384, 0.977384, 0.61708
1.0472, 0.977384, 0.609472
1.11701, 0.977384, 0.601692
1.18682, 0.977384, 0.593584
1.25664, 0.977384, 0.585006
1.32645, 0.977384, 0.575829
1.39626, 0.977384, 0.565939
1.46608, 0.977384, 0.555234
1.53589, 0.977384, 0.543629
1.6057, 0.977384, 0.531048
1.67552, 0.977384, 0.51743
1.74533, 0.977384, 0.502726
1.81514, 0.977384, 0.4869
1.88496, 0.977384, 0.469928
1.95477, 0.977384, 0.451796
2.02458, 0.977384, 0.432504
2.0944, 0.977384, 0.412059
2.16421, 0.977384, 0.390481
2.23402, 0.977384, 0.367799
2.30383, 0.977384, 0.344052
2.37365, 0.977384, 0.319285
2.44346, 0.977384, 0.293556
2.51327, 0.977384, 0.266925
2.58309, 0.977384, 0.239463
2.6529, 0.977384, 0.211247
2.72271, 0.977384, 0.182357
2.79253, 0.977384, 0.15288
2.86234, 0.977384, 0.122909
2.93215, 0.977384, 0.0925359
3.00197, 0.977384, 0.0618602
3.07178, 0.977384, 0.0309811
0.0698132, 1.0472, 0.831586
0.139626, 1.0472, 0.800963
0.20944, 1.0472, 0.773772
0.279253, 1.0472, 0.749649
0.349066, 1.0472, 0.728248
0.418879, 1.0472, 0.709241
0.488692, 1.0472, 0.692317
0.558505, 1.0472, 0.67718
0.628319, 1.0472, 0.663555
0.698132, 1.0472, 0.651178
0.767945, 1.0472, 0.639804
0.837758, 1.0472, 0.629203
0.907571, 1.0472, 0.619159
0.977384, 1.0472, 0.609472
1.0472, 1.0472, 0.599956
1.11701, 1.0472, 0.59044
1.18682, 1.0472, 0.580767
1.25664, 1.0472, 0.570794
1.32645, 1.0472, 0.560392
1.39626, 1.0472, 0.549446
1.46608, 1.0472, 0.537852
1.53589, 1.0472, 0.525522
1.6057, 1.0472, 0.51238
1.67552, 1.0472, 0.498361
1.74533, 1.0472, 0.483413
1.81514, 1.0472, 0.467496
1.88496, 1.0472, 0.450582
1.95477, 1.0472, 0.432654
2.02458, 1.0472, 0.413703
2.0944, 1.0472, 0.393735
2.16421, 1.0472, 0.372762
2.23402, 1.0472, 0.350808
2.30383, 1.0472, 0.327902
2.37365, 1.0472, 0.304086
2.44346, 1.0472, 0.279407
2.51327, 1.0472, 0.25392
2.58309, 1.0472, 0.227686
2.6529, 1.0472, 0.200772
2.72271, 1.0472, 0.173253
2.79253, 1.0472, 0.145204
2.86234, 1.0472, 0.116709
2.93215, 1.0472, 0.0878518
3.00197, 1.0472, 0.058721
3.07178, 1.0472, 0.0294066
0.0698132, 1.11701, 0.860457
0.139626, 1.11701, 0.826092
0.20944, 1.11701, 0.795316
0.279253, 1.11701, 0.767761
0.349066, 1.11701, 0.74308
0.418879, 1.11701, 0.720946
0.488692, 1.11701, 0.701048
0.558505, 1.11701, 0.68309
0.628319, 1.11701, 0.666796
0.698132, 1.11701, 0.651905
0.767945, 1.11701, 0.638171
0.837758, 1.11701, 0.625365
0.907571, 1.11701, 0.613272
0.977384, 1.11701, 0.601692
1.0472, 1.11701, 0.59044
1.11701, 1.11701, 0.579345
1.18682, 1.11701, 0.56825
1.25664, 1.11701, 0.557012
1.32645, 1.11701, 0.5455
1.39626, 1.11701, 0.5336
1.46608, 1.11701, 0.521206
1.53589, 1.11701, 0.508229
1.6057, 1.11701, 0.494589
1.67552, 1.11701, 0.48022
1.74533, 1.11701, 0.465068
1.81514, 1.11701, 0.449089
1.88496, 1.11701, 0.432251
1.95477, 1.11701, 0.414532
2.02458, 1.11701, 0.395921
2.0944, 1.11701, 0.376416
2.16421, 1.11701, 0.356026
2.23402, 1.11701, 0.334767
2.30383, 1.11701, 0.312664
2.37365, 1.11701, 0.28975
2.44346, 1.11701, 0.266067
2.51327, 1.11701, 0.241661
2.58309, 1.11701, 0.216587
2.6529, 1.11701, 0.190904
2.72271, 1.11701, 0.164677
2.79253, 1.11701, 0.137975
2.86234, 1.11701, 0.110871
2.93215, 1.11701, 0.0834414
3.00197, 1.11701, 0.0557655
3.07178, 1.11701, 0.0279243
0.0698132, 1.18682, 0.885354
0.139626, 1.18682, 0.847634
0.20944, 1.18682, 0.813637
0.279253, 1.18682, 0.782997
0.349066, 1.18682, 0.755366
0.418879, 1.18682, 0.730417
0.488692, 1.18682, 0.707837
0.558505, 1.18682, 0.687336
0.628319, 1.18682, 0.668634
0.698132, 1.18682, 0.651474
0.767945, 1.18682, 0.63561
0.837758, 1.18682, 0.620814
0.907571, 1.18682, 0.606871
0.977384, 1.18682, 0.593584
1.0472, 1.18682, 0.580767
1.11701, 1.18682, 0.56825
1.18682, 1.18682, 0.555876
1.25664, 1.18682, 0.543502
1.32645, 1.18682, 0.530998
1.39626, 1.18682, 0.518247
1.46608, 1.18682, 0.505144
1.53589, 1.18682, 0.491597
1.6057, 1.18682, 0.477527
1.67552, 1.18682, 0.462864
1.74533, 1.18682, 0.44755
1.81514, 1.18682, 0.431541
1.88496, 1.18682, 0.414801
1.95477, 1.18682, 0.397303
2.02458, 1.18682, 0.379032
2.0944, 1.18682, 0.359983
2.16421, 1.18682, 0.340158
2.23402, 1.18682, 0.319569
2.30383, 1.18682, 0.298236
2.37365, 1.18682, 0.276184
2.44346, 1.18682, 0.253449
2.51327, 1.18682, 0.230072
2.58309, 1.18682, 0.206098
2.6529, 1.18682, 0.181581
2.72271, 1.18682, 0.156577
2.79253, 1.18682, 0.131148
2.86234, 1.18682, 0.105358
2.93215, 1.18682, 0.0792774
3.00197, 1.18682, 0.0529754
3.07178, 1.18682, 0.026525
0.0698132, 1.25664, 0.906142
0.139626, 1.25664, 0.865453
0.20944, 1.25664, 0.828602
0.279253, 1.25664, 0.795224
0.349066, 1.25664, 0.764971
0.418879, 1.25664, 0.737516
0.488692, 1.25664, 0.71255
0.558505, 1.25664, 0.689781
0.628319, 1.25664, 0.668932
0.698132, 1.25664, 0.649747
0.767945, 1.25664, 0.631982
0.837758, 1.25664, 0.615409
0.907571, 1.25664, 0.599816
0.977384, 1.25664, 0.585006
1.0472, 1.25664, 0.570794
1.11701, 1.25664, 0.557012
1.18682, 1.25664, 0.543502
1.25664, 1.25664, 0.530122
1.32645, 1.25664, 0.516743
1.39626, 1.25664, 0.503245
1.46608, 1.25664, 0.489526
1.53589, 1.25664, 0.47549
1.6057, 1.25664, 0.461057
1.67552, 1.25664, 0.446157
1.74533, 1.25664, 0.430729
1.81514, 1.25664, 0.414725
1.88496, 1.25664, 0.398107
1.95477, 1.25664, 0.380846
2.02458, 1.25664, 0.362922
2.0944, 1.25664, 0.344326
2.16421, 1.25664, 0.325055
2.23402, 1.25664, 0.305117
2.30383, 1.25664, 0.284525
2.37365, 1.25664, 0.263301
2.44346, 1.25664, 0.241474
2.51327, 1.25664, 0.219078
2.58309, 1.25664, 0.196152
2.6529, 1.25664, 0.172743
2.72271, 1.25664, 0.148901
2.79253, 1.25664, 0.12468
2.86234, 1.25664, 0.100138
2.93215, 1.25664, 0.0753345
3.00197, 1.25664, 0.0503337
3.07178, 1.25664, 0.0252002
0.0698132, 1.32645, 0.922705
0.139626, 1.32645, 0.879433
0.20944, 1.32645, 0.840095
0.279253, 1.32645, 0.804325
0.349066, 1.32645, 0.771778
0.418879, 1.32645, 0.742127
0.488692, 1.32645, 0.715066
0.558505, 1.32645, 0.690304
0.628319, 1.32645, 0.667568
0.698132, 1.32645, 0.6466
0.767945, 1.32645, 0.627161
0.837758, 1.32645, 0.609024
0.907571, 1.32645, 0.591979
0.977384, 1.32645, 0.575829
1.0472, 1.32645, 0.560392
1.11701, 1.32645, 0.5455
1.18682, 1.32645, 0.530998
1.25664, 1.32645, 0.516743
1.32645, 1.32645, 0.502605
1.39626, 1.32645, 0.488467
1.46608, 1.32645, 0.474223
1.53589, 1.32645, 0.45978
1.6057, 1.32645, 0.445056
1.67552, 1.32645, 0.429977
1.74533, 1.32645, 0.414483
1.81514, 1.32645, 0.398524
1.88496, 1.32645, 0.382057
1.95477, 1.32645, 0.365051
2.02458, 1.32645, 0.347485
2.0944, 1.32645, 0.329343
2.16421, 1.32645, 0.31062
2.23402, 1.32645, 0.291318
2.30383, 1.32645, 0.271446
2.37365, 1.32645, 0.251022
2.44346, 1.32645, 0.230068
2.51327, 1.32645, 0.208612
2.58309, 1.32645, 0.18669
2.6529, 1.32645, 0.16434
2.72271, 1.32645, 0.141605
2.79253, 1.32645, 0.118534
2.86234, 1.32645, 0.0951776
2.93215, 1.32645, 0.0715891
3.00197, 1.32645, 0.0478247
3.07178, 1.32645, 0.023942
0.0698132, 1.39626, 0.934948
0.139626, 1.39626, 0.88948
0.20944, 1.39626, 0.848019
0.279253, 1.39626, 0.810203
0.349066, 1.39626, 0.775687
0.418879, 1.39626, 0.744149
0.488692, 1.39626, 0.715283
0.558505, 1.39626, 0.688802
0.628319, 1.39626, 0.664434
0.698132, 1.39626, 0.641925
0.767945, 1.39626, 0.621037
0.837758, 1.39626, 0.601547
0.907571, 1.39626, 0.583246
0.977384, 1.39626, 0.565939
1.0472, 1.39626, 0.549446
1.11701, 1.39626, 0.5336
1.18682, 1.39626, 0.518247
1.25664, 1.39626, 0.503245
1.32645, 1.39626, 0.488467
1.39626, 1.39626, 0.473793
1.46608, 1.39626, 0.45912
1.53589, 1.39626, 0.444353
1.6057, 1.39626, 0.429408
1.67552, 1.39626, 0.414212
1.74533, 1.39626, 0.398703
1.81514, 1.39626, 0.382829
1.88496, 1.39626, 0.366545
1.95477, 1.39626, 0.349818
2.02458, 1.39626, 0.332623
2.0944, 1.39626, 0.31494
2.16421, 1.39626, 0.296763
2.23402, 1.39626, 0.278088
2.30383, 1.39626, 0.258921
2.37365, 1.39626, 0.239273
2.44346, 1.39626, 0.219163
2.51327, 1.39626, 0.198614
2.58309, 1.39626, 0.177655
2.6529, 1.39626, 0.15632
2.72271, 1.39626, 0.134646
2.79253, 1.39626, 0.112674
2.86234, 1.39626, 0.0904495
2.93215, 1.39626, 0.0680196
3.00197, 1.39626, 0.0454339
3.07178, 1.39626, 0.0227433
0.0698132, 1.46608, 0.9428
0.139626, 1.46608, 0.89552
0.20944, 1.46608, 0.8523
0.279253, 1.46608, 0.81278
0.349066, 1.46608, 0.77662
0.418879, 1.46608, 0.743499
0.488692, 1.46608, 0.713116
0.558505, 1.46608, 0.685186
0.628319, 1.46608, 0.659441
0.698132, 1.46608, 0.635629
0.767945, 1.46608, 0.613517
0.837758, 1.46608, 0.592882
0.907571, 1.46608, 0.573518
0.977384, 1.46608, 0.555234
1.0472, 1.46608, 0.537852
1.11701, 1.46608, 0.521206
1.18682, 1.46608, 0.505144
1.25664, 1.46608, 0.489526
1.32645, 1.46608, 0.474223
1.39626, 1.46608, 0.45912
1.46608, 1.46608, 0.444111
1.53589, 1.46608, 0.429102
1.6057, 1.46608, 0.41401
1.67552, 1.46608, 0.39876
1.74533, 1.46608, 0.383289
1.81514, 1.46608, 0.367544
1.88496, 1.46608, 0.351477
1.95477, 1.46608, 0.335054
2.02458, 1.46608, 0.318246
2.0944, 1.46608, 0.301034
2.16421, 1.46608, 0.283404
2.23402, 1.46608, 0.26535
2.30383, 1.46608, 0.246876
2.37365, 1.46608, 0.227987
2.44346, 1.46608, 0.208697
2.51327, 1.46608, 0.189026
2.58309, 1.46608, 0.168997
2.6529, 1.46608, 0.148639
2.72271, 1.46608, 0.127983
2.79253, 1.46608, 0.107066
2.86234, 1.46608, 0.0859267
2.93215, 1.46608, 0.0646061
3.00197, 1.46608, 0.043148
3.07178, 1.46608, 0.0215973
0.0698132, 1.53589, 0.946211
0.139626, 1.53589, 0.8975
0.20944, 1.53589, 0.85288
0.279253, 1.53589, 0.811996
0.349066, 1.53589, 0.774512
0.418879, 1.53589, 0.740112
0.488692, 1.53589, 0.708496
0.558505, 1.53589, 0.679384
0.628319, 1.53589, 0.652513
0.698132, 1.53589, 0.627635
0.767945, 1.53589, 0.604518
0.837758, 1.53589, 0.582944
0.907571, 1.53589, 0.562711
0.977384, 1.53589, 0.543629
1.0472, 1.53589, 0.525522
1.11701, 1.53589, 0.508229
1.18682, 1.53589, 0.491597
1.25664, 1.53589, 0.47549
1.32645, 1.53589, 0.45978
1.39626, 1.53589, 0.444353
1.46608, 1.53589, 0.429102
1.53589, 1.53589, 0.413936
1.6057, 1.53589, 0.39877
1.67552, 1.53589, 0.383529
1.74533, 1.53589, 0.368151
1.81514, 1.53589, 0.352578
1.88496, 1.53589, 0.336766
1.95477, 1.53589, 0.320675
2.02458, 1.53589, 0.304275
2.0944, 1.53589, 0.287545
2.16421, 1.53589, 0.270467
2.23402, 1.53589, 0.253034
2.30383, 1.53589, 0.235244
2.37365, 1.53589, 0.217101
2.44346, 1.53589, 0.198613
2.51327, 1.53589, 0.179796
2.58309, 1.53589, 0.160669
2.6529, 1.53589, 0.141255
2.72271, 1.53589, 0.121582
2.79253, 1.53589, 0.101681
2.86234, 1.53589, 0.081585
2.93215, 1.53589, 0.0613302
3.00197, 1.53589, 0.0409546
3.07178, 1.53589, 0.0204978
0.0698132, 1.6057, 0.945152
0.139626, 1.6057, 0.895388
0.20944, 1.6057, 0.849725
0.279253, 1.6057, 0.807813
0.349066, 1.6057, 0.769322
0.418879, 1.6057, 0.733939
0.488692, 1.6057, 0.701371
0.558505, 1.6057, 0.671342
0.628319, 1.6057, 0.643593
0.698132, 1.6057, 0.617881
0.767945, 1.6057, 0.593976
0.837758, 1.6057, 0.571667
0.907571, 1.6057, 0.550752
0.977384, 1.6057, 0.531048
1.0472, 1.6057, 0.51238
1.11701, 1.6057, 0.494589
1.18682, 1.6057, 0.477527
1.25664, 1.6057, 0.461057
1.32645, 1.6057, 0.445056
1.39626, 1.6057, 0.429408
1.46608, 1.6057, 0.41401
1.53589, 1.6057, 0.39877
1.6057, 1.6057, 0.383603
1.67552, 1.6057, 0.368437
1.74533, 1.6057, 0.353206
1.81514, 1.6057, 0.337854
1.88496, 1.6057, 0.322333
1.95477, 1.6057, 0.306604
2.02458, 1.6057, 0.290636
2.0944, 1.6057, 0.274402
2.16421, 1.6057, 0.257886
2.23402, 1.6057, 0.241076
2.30383, 1.6057, 0.223967
2.37365, 1.6057, 0.206559
2.44346, 1.6057, 0.188858
2.51327, 1.6057, 0.170876
2.58309, 1.6057, 0.152627
2.6529, 1.6057, 0.134131
2.72271, 1.6057, 0.11541
2.79253, 1.6057, 0.0964907
2.86234, 1.6057, 0.077402
2.93215, 1.6057, 0.058175
3.00197, 1.6057, 0.0388426
3.07178, 1.6057, 0.0194392
0.0698132, 1.67552, 0.939619
0.139626, 1.67552, 0.889174
0.20944, 1.67552, 0.842819
0.279253, 1.67552, 0.80021
0.349066, 1.67552, 0.761023
0.418879, 1.67552, 0.724951
0.488692, 1.67552, 0.691708
0.558505, 1.67552, 0.661021
0.628319, 1.67552, 0.632637
0.698132, 1.67552, 0.606318
0.767945, 1.67552, 0.58184
0.837758, 1.67552, 0.558993
0.907571, 1.67552, 0.537584
0.977384, 1.67552, 0.51743
1.0472, 1.67552, 0.498361
1.11701, 1.67552, 0.48022
1.18682, 1.67552, 0.462864
1.25664, 1.67552, 0.446157
1.32645, 1.67552, 0.429977
1.39626, 1.67552, 0.414212
1.46608, 1.67552, 0.39876
1.53589, 1.67552, 0.383529
1.6057, 1.67552, 0.368437
1.67552, 1.67552, 0.353409
1.74533, 1.67552, 0.338381
1.81514, 1.67552, 0.323297
1.88496, 1.67552, 0.308108
1.95477, 1.67552, 0.292774
2.02458, 1.67552, 0.277261
2.0944, 1.67552, 0.261542
2.16421, 1.67552, 0.245599
2.23402, 1.67552, 0.229416
2.30383, 1.67552, 0.212987
2.37365, 1.67552, 0.19631
2.44346, 1.67552, 0.179386
2.51327, 1.67552, 0.162223
2.58309, 1.67552, 0.144833
2.6529, 1.67552, 0.127231
2.72271, 1.67552, 0.109436
2.79253, 1.67552, 0.0914698
2.86234, 1.67552, 0.0733574
2.93215, 1.67552, 0.0551251
3.00197, 1.67552, 0.0368015
3.07178, 1.67552, 0.0184163
0.0698132, 1.74533, 0.929629
0.139626, 1.74533, 0.878868
0.20944, 1.74533, 0.832166
0.279253, 1.74533, 0.789186
0.349066, 1.74533, 0.749609
0.418879, 1.74533, 0.713136
0.488692, 1.74533, 0.679487
0.558505, 1.74533, 0.648396
0.628319, 1.74533, 0.619616
0.698132, 1.74533, 0.592914
0.767945, 1.74533, 0.568071
0.837758, 1.74533, 0.544884
0.907571, 1.74533, 0.523161
0.977384, 1.74533, 0.502726
1.0472, 1.74533, 0.483413
1.11701, 1.74533, 0.465068
1.18682, 1.74533, 0.44755
1.25664, 1.74533, 0.430729
1.32645, 1.74533, 0.414483
1.39626, 1.74533, 0.398703
1.46608, 1.74533, 0.383289
1.53589, 1.74533, 0.368151
1.6057, 1.74533, 0.353206
1.67552, 1.74533, 0.338381
1.74533, 1.74533, 0.323613
1.81514, 1.74533, 0.308845
1.88496, 1.74533, 0.294029
1.95477, 1.74533, 0.279122
2.02458, 1.74533, 0.264091
2.0944, 1.74533, 0.248907
2.16421, 1.74533, 0.23355
2.23402, 1.74533, 0.218003
2.30383, 1.74533, 0.202257
2.37365, 1.74533, 0.186307
2.44346, 1.74533, 0.170152
2.51327, 1.74533, 0.153797
2.58309, 1.74533, 0.13725
2.6529, 1.74533, 0.120523
2.72271, 1.74533, 0.103633
2.79253, 1.74533, 0.0865954
2.86234, 1.74533, 0.0694325
2.93215, 1.74533, 0.0521667
3.00197, 1.74533, 0.0348222
3.07178, 1.74533, 0.0174245
0.0698132, 1.81514, 0.915222
0.139626, 1.81514, 0.864504
0.20944, 1.81514, 0.817793
0.279253, 1.81514, 0.774758
0.349066, 1.81514, 0.73509
0.418879, 1.81514, 0.698498
0.488692, 1.81514, 0.664707
0.558505, 1.81514, 0.633461
0.628319, 1.81514, 0.604517
0.698132, 1.81514, 0.57765
0.767945, 1.81514, 0.552647
0.837758, 1.81514, 0.529309
0.907571, 1.81514, 0.507451
0.977384, 1.81514, 0.4869
1.0472, 1.81514, 0.467496
1.11701, 1.81514, 0.449089
1.18682, 1.81514, 0.431541
1.25664, 1.81514, 0.414725
1.32645, 1.81514, 0.398524
1.39626, 1.81514, 0.382829
1.46608, 1.81514, 0.367544
1.53589, 1.81514, 0.352578
1.6057, 1.81514, 0.337854
1.67552, 1.81514, 0.323297
1.74533, 1.81514, 0.308845
1.81514, 1.81514, 0.294443
1.88496, 1.81514, 0.28004
1.95477, 1.81514, 0.265595
2.02458, 1.81514, 0.251073
2.0944, 1.81514, 0.236446
2.16421, 1.81514, 0.221691
2.23402, 1.81514, 0.20679
2.30383, 1.81514, 0.191731
2.37365, 1.81514, 0.176508
2.44346, 1.81514, 0.161118
2.51327, 1.81514, 0.145562
2.58309, 1.81514, 0.129847
2.6529, 1.81514, 0.113981
2.72271, 1.81514, 0.0979756
2.79253, 1.81514, 0.0818466
2.86234, 1.81514, 0.0656107
2.93215, 1.81514, 0.049287
3.00197, 1.81514, 0.032896
3.07178, 1.81514, 0.0164594
0.0698132, 1.88496, 0.896459
0.139626, 1.88496, 0.846134
0.20944, 1.88496, 0.799742
0.279253, 1.88496, 0.756963
0.349066, 1.88496, 0.717495
0.418879, 1.88496, 0.681058
0.488692, 1.88496, 0.647383
0.558505, 1.88496, 0.616223
0.628319, 1.88496, 0.587343
0.698132, 1.88496, 0.560523
0.767945, 1.88496, 0.535557
0.837758, 1.88496, 0.512254
0.907571, 1.88496, 0.490433
0.977384, 1.88496, 0.469928
1.0472, 1.88496, 0.450582
1.11701, 1.88496, 0.432251
1.18682, 1.88496, 0.414801
1.25664, 1.88496, 0.398107
1.32645, 1.88496, 0.382057
1.39626, 1.88496, 0.366545
1.46608, 1.88496, 0.351477
1.53589, 1.88496, 0.336766
1.6057, 1.88496, 0.322333
1.67552, 1.88496, 0.308108
1.74533, 1.88496, 0.294029
1.81514, 1.88496, 0.28004
1.88496, 1.88496, 0.266092
1.95477, 1.88496, 0.252144
2.02458, 1.88496, 0.238162
2.0944, 1.88496, 0.224114
2.16421, 1.88496, 0.209977
2.23402, 1.88496, 0.195734
2.30383, 1.88496, 0.18137
2.37365, 1.88496, 0.166877
2.44346, 1.88496, 0.152249
2.51327, 1.88496, 0.137488
2.58309, 1.88496, 0.122595
2.6529, 1.88496, 0.107577
2.72271, 1.88496, 0.0924427
2.79253, 1.88496, 0.0772048
2.86234, 1.88496, 0.0618768
2.93215, 1.88496, 0.0464745
3.00197, 1.88496, 0.0310152
3.07178, 1.88496, 0.0155174
0.0698132, 1.95477, 0.873424
0.139626, 1.95477, 0.823832
0.20944, 1.95477, 0.778079
0.279253, 1.95477, 0.735856
0.349066, 1.95477, 0.696872
0.418879, 1.95477, 0.660854
0.488692, 1.95477, 0.627545
0.558505, 1.95477, 0.596705
0.628319, 1.95477, 0.568108
0.698132, 1.95477, 0.54154
0.767945, 1.95477, 0.516805
0.837758, 1.95477, 0.493716
0.907571, 1.95477, 0.472101
0.977384, 1.95477, 0.451796
1.0472, 1.95477, 0.432654
1.11701, 1.95477, 0.414532
1.18682, 1.95477, 0.397303
1.25664, 1.95477, 0.380846
1.32645, 1.95477, 0.365051
1.39626, 1.95477, 0.349818
1.46608, 1.95477, 0.335054
1.53589, 1.95477, 0.320675
1.6057, 1.95477, 0.306604
1.67552, 1.95477, 0.292774
1.74533, 1.95477, 0.279122
1.81514, 1.95477, 0.265595
1.88496, 1.95477, 0.252144
1.95477, 1.95477, 0.23873
2.02458, 1.95477, 0.225315
2.0944, 1.95477, 0.21187
2.16421, 1.95477, 0.198371
2.23402, 1.95477, 0.184799
2.30383, 1.95477, 0.171138
2.37365, 1.95477, 0.157379
2.44346, 1.95477, 0.143515
2.51327, 1.95477, 0.129545
2.58309, 1.95477, 0.115468
2.6529, 1.95477, 0.101288
2.72271, 1.95477, 0.0870139
2.79253, 1.95477, 0.072653
2.86234, 1.95477, 0.0582171
2.93215, 1.95477, 0.043719
3.00197, 1.95477, 0.0291731
3.07178, 1.95477, 0.0145947
0.0698132, 2.02458, 0.846221
0.139626, 2.02458, 0.79769
0.20944, 2.02458, 0.752885
0.279253, 2.02458, 0.711509
0.349066, 2.02458, 0.673282
0.418879, 2.02458, 0.637941
0.488692, 2.02458, 0.605239
0.558505, 2.02458, 0.574945
0.628319, 2.02458, 0.546842
0.698132, 2.02458, 0.520726
0.767945, 2.02458, 0.496407
0.837758, 2.02458, 0.473706
0.907571, 2.02458, 0.452456
0.977384, 2.02458, 0.432504
1.0472, 2.02458, 0.413703
1.11701, 2.02458, 0.395921
1.18682, 2.02458, 0.379032
1.25664, 2.02458, 0.362922
1.32645, 2.02458, 0.347485
1.39626, 2.02458, 0.332623
1.46608, 2.02458, 0.318246
1.53589, 2.02458, 0.304275
1.6057, 2.02458, 0.290636
1.67552, 2.02458, 0.277261
1.74533, 2.02458, 0.264091
1.81514, 2.02458, 0.251073
1.88496, 2.02458, 0.238162
1.95477, 2.02458, 0.225315
2.02458, 2.02458, 0.212497
2.0944, 2.02458, 0.19968
2.16421, 2.02458, 0.186838
2.23402, 2.02458, 0.173951
2.30383, 2.02458, 0.161004
2.37365, 2.02458, 0.147986
2.44346, 2.02458, 0.134888
2.51327, 2.02458, 0.121708
2.58309, 2.02458, 0.108443
2.6529, 2.02458, 0.0950958
2.72271, 2.02458, 0.0816713
2.79253, 2.02458, 0.0681763
2.86234, 2.02458, 0.0546195
2.93215, 2.02458, 0.0410113
3.00197, 2.02458, 0.0273634
3.07178, 2.02458, 0.0136885
0.0698132, 2.0944, 0.814976
0.139626, 2.0944, 0.767823
0.20944, 2.0944, 0.724264
0.279253, 2.0944, 0.684014
0.349066, 2.0944, 0.646806
0.418879, 2.0944, 0.612388
0.488692, 2.0944, 0.580525
0.558505, 2.0944, 0.550994
0.628319, 2.0944, 0.523589
0.698132, 2.0944, 0.498115
0.767945, 2.0944, 0.47439
0.837758, 2.0944, 0.452243
0.907571, 2.0944, 0.431515
0.977384, 2.0944, 0.412059
1.0472, 2.0944, 0.393735
1.11701, 2.0944, 0.376416
1.18682, 2.0944, 0.359983
1.25664, 2.0944, 0.344326
1.32645, 2.0944, 0.329343
1.39626, 2.0944, 0.31494
1.46608, 2.0944, 0.301034
1.53589, 2.0944, 0.287545
1.6057, 2.0944, 0.274402
1.67552, 2.0944, 0.261542
1.74533, 2.0944, 0.248907
1.81514, 2.0944, 0.236446
1.88496, 2.0944, 0.224114
1.95477, 2.0944, 0.21187
2.02458, 2.0944, 0.19968
2.0944, 2.0944, 0.187515
2.16421, 2.0944, 0.17535
2.23402, 2.0944, 0.163164
2.30383, 2.0944, 0.150942
2.37365, 2.0944, 0.138672
2.44346, 2.0944, 0.126345
2.51327, 2.0944, 0.113955
2.58309, 2.0944, 0.1015
2.6529, 2.0944, 0.0889805
2.72271, 2.0944, 0.0763994
2.79253, 2.0944, 0.0637614
2.86234, 2.0944, 0.0510733
2.93215, 2.0944, 0.0383433
3.00197, 2.0944, 0.0255807
3.07178, 2.0944, 0.012796
0.0698132, 2.16421, 0.779833
0.139626, 2.16421, 0.734361
0.20944, 2.16421, 0.692333
0.279253, 2.16421, 0.653477
0.349066, 2.16421, 0.617539
0.418879, 2.16421, 0.584281
0.488692, 2.16421, 0.553477
0.558505, 2.16421, 0.524918
0.628319, 2.16421, 0.498406
0.698132, 2.16421, 0.473756
0.767945, 2.16421, 0.450795
0.837758, 2.16421, 0.429361
0.907571, 2.16421, 0.409303
0.977384, 2.16421, 0.390481
1.0472, 2.16421, 0.372762
1.11701, 2.16421, 0.356026
1.18682, 2.16421, 0.340158
1.25664, 2.16421, 0.325055
1.32645, 2.16421, 0.31062
1.39626, 2.16421, 0.296763
1.46608, 2.16421, 0.283404
1.53589, 2.16421, 0.270467
1.6057, 2.16421, 0.257886
1.67552, 2.16421, 0.245599
1.74533, 2.16421, 0.23355
1.81514, 2.16421, 0.221691
1.88496, 2.16421, 0.209977
1.95477, 2.16421, 0.198371
2.02458, 2.16421, 0.186838
2.0944, 2.16421, 0.17535
2.16421, 2.16421, 0.163882
2.23402, 2.16421, 0.152414
2.30383, 2.16421, 0.140929
2.37365, 2.16421, 0.129416
2.44346, 2.16421, 0.117864
2.51327, 2.16421, 0.106267
2.58309, 2.16421, 0.0946215
2.6529, 2.16421, 0.082927
2.72271, 2.16421, 0.0711843
2.79253, 2.16421, 0.0593967
2.86234, 2.16421, 0.0475691
2.93215, 2.16421, 0.0357078
3.00197, 2.16421, 0.0238202
3.07178, 2.16421, 0.0119147
0.0698132, 2.23402, 0.740959
0.139626, 2.23402, 0.697456
0.20944, 2.23402, 0.657229
0.279253, 2.23402, 0.620021
0.349066, 2.23402, 0.585593
0.418879, 2.23402, 0.553719
0.488692, 2.23402, 0.524186
0.558505, 2.23402, 0.496795
0.628319, 2.23402, 0.47136
0.698132, 2.23402, 0.447707
0.767945, 2.23402, 0.425673
0.837758, 2.23402, 0.405103
0.907571, 2.23402, 0.385856
0.977384, 2.23402, 0.367799
1.0472, 2.23402, 0.350808
1.11701, 2.23402, 0.334767
1.18682, 2.23402, 0.319569
1.25664, 2.23402, 0.305117
1.32645, 2.23402, 0.291318
1.39626, 2.23402, 0.278088
1.46608, 2.23402, 0.26535
1.53589, 2.23402, 0.253034
1.6057, 2.23402, 0.241076
1.67552, 2.23402, 0.229416
1.74533, 2.23402, 0.218003
1.81514, 2.23402, 0.20679
1.88496, 2.23402, 0.195734
1.95477, 2.23402, 0.184799
2.02458, 2.23402, 0.173951
2.0944, 2.23402, 0.163164
2.16421, 2.23402, 0.152414
2.23402, 2.23402, 0.141679
2.30383, 2.23402, 0.130945
2.37365, 2.23402, 0.120197
2.44346, 2.23402, 0.109427
2.51327, 2.23402, 0.098627
2.58309, 2.23402, 0.0877925
2.6529, 2.23402, 0.0769215
2.72271, 2.23402, 0.0660141
2.79253, 2.23402, 0.055072
2.86234, 2.23402, 0.0440986
2.93215, 2.23402, 0.0330986
3.00197, 2.23402, 0.0220777
3.07178, 2.23402, 0.0110425
0.0698132, 2.30383, 0.698536
0.139626, 2.30383, 0.657274
0.20944, 2.30383, 0.619105
0.279253, 2.30383, 0.583787
0.349066, 2.30383, 0.551094
0.418879, 2.30383, 0.520816
0.488692, 2.30383, 0.492751
0.558505, 2.30383, 0.466716
0.628319, 2.30383, 0.442533
0.698132, 2.30383, 0.420041
0.767945, 2.30383, 0.399085
0.837758, 2.30383, 0.379522
0.907571, 2.30383, 0.36122
0.977384, 2.30383, 0.344052
1.0472, 2.30383, 0.327902
1.11701, 2.30383, 0.312664
1.18682, 2.30383, 0.298236
1.25664, 2.30383, 0.284525
1.32645, 2.30383, 0.271446
1.39626, 2.30383, 0.258921
1.46608, 2.30383, 0.246876
1.53589, 2.30383, 0.235244
1.6057, 2.30383, 0.223967
1.67552, 2.30383, 0.212987
1.74533, 2.30383, 0.202257
1.81514, 2.30383, 0.191731
1.88496, 2.30383, 0.18137
1.95477, 2.30383, 0.171138
2.02458, 2.30383, 0.161004
2.0944, 2.30383, 0.150942
2.16421, 2.30383, 0.140929
2.23402, 2.30383, 0.130945
2.30383, 2.30383, 0.120974
2.37365, 2.30383, 0.111002
2.44346, 2.30383, 0.101021
2.51327, 2.30383, 0.0910217
2.58309, 2.30383, 0.081
2.6529, 2.30383, 0.0709526
2.72271, 2.30383, 0.0608785
2.79253, 2.30383, 0.0507785
2.86234, 2.30383, 0.0406546
2.93215, 2.30383, 0.0305102
3.00197, 2.30383, 0.0203495
3.07178, 2.30383, 0.0101776
0.0698132, 2.37365, 0.652765
0.139626, 2.37365, 0.614001
0.20944, 2.37365, 0.57813
0.279253, 2.37365, 0.544927
0.349066, 2.37365, 0.514182
0.418879, 2.37365, 0.485697
0.488692, 2.37365, 0.459289
0.558505, 2.37365, 0.434783
0.628319, 2.37365, 0.412016
0.698132, 2.37365, 0.390838
0.767945, 2.37365, 0.371104
0.837758, 2.37365, 0.352682
0.907571, 2.37365, 0.335448
0.977384, 2.37365, 0.319285
1.0472, 2.37365, 0.304086
1.11701, 2.37365, 0.28975
1.18682, 2.37365, 0.276184
1.25664, 2.37365, 0.263301
1.32645, 2.37365, 0.251022
1.39626, 2.37365, 0.239273
1.46608, 2.37365, 0.227987
1.53589, 2.37365, 0.217101
1.6057, 2.37365, 0.206559
1.67552, 2.37365, 0.19631
1.74533, 2.37365, 0.186307
1.81514, 2.37365, 0.176508
1.88496, 2.37365, 0.166877
1.95477, 2.37365, 0.157379
2.02458, 2.37365, 0.147986
2.0944, 2.37365, 0.138672
2.16421, 2.37365, 0.129416
2.23402, 2.37365, 0.120197
2.30383, 2.37365, 0.111002
2.37365, 2.37365, 0.101817
2.44346, 2.37365, 0.092632
2.51327, 2.37365, 0.0834391
2.58309, 2.37365, 0.0742331
2.6529, 2.37365, 0.0650103
2.72271, 2.37365, 0.055769
2.79253, 2.37365, 0.0465089
2.86234, 2.37365, 0.0372312
2.93215, 2.37365, 0.0279381
3.00197, 2.37365, 0.0186326
3.07178, 2.37365, 0.00931851
0.0698132, 2.44346, 0.603863
0.139626, 2.44346, 0.567836
0.20944, 2.44346, 0.534487
0.279253, 2.44346, 0.503609
0.349066, 2.44346, 0.475008
0.418879, 2.44346, 0.448503
0.488692, 2.44346, 0.423924
0.558505, 2.44346, 0.40111
0.628319, 2.44346, 0.379912
0.698132, 2.44346, 0.360189
0.767945, 2.44346, 0.341811
0.837758, 2.44346, 0.324654
0.907571, 2.44346, 0.308605
0.977384, 2.44346, 0.293556
1.0472, 2.44346, 0.279407
1.11701, 2.44346, 0.266067
1.18682, 2.44346, 0.253449
1.25664, 2.44346, 0.241474
1.32645, 2.44346, 0.230068
1.39626, 2.44346, 0.219163
1.46608, 2.44346, 0.208697
1.53589, 2.44346, 0.198613
1.6057, 2.44346, 0.188858
1.67552, 2.44346, 0.179386
1.74533, 2.44346, 0.170152
1.81514, 2.44346, 0.161118
1.88496, 2.44346, 0.152249
1.95477, 2.44346, 0.143515
2.02458, 2.44346, 0.134888
2.0944, 2.44346, 0.126345
2.16421, 2.44346, 0.117864
2.23402, 2.44346, 0.109427
2.30383, 2.44346, 0.101021
2.37365, 2.44346, 0.092632
2.44346, 2.44346, 0.0842509
2.51327, 2.44346, 0.0758698
2.58309, 2.44346, 0.067483
2.6529, 2.44346, 0.0590865
2.72271, 2.44346, 0.0506782
2.79253, 2.44346, 0.042257
2.86234, 2.44346, 0.0338233
2.93215, 2.44346, 0.0253783
3.00197, 2.44346, 0.0169243
3.07178, 2.44346, 0.00846379
0.0698132, 2.51327, 0.552064
0.139626, 2.51327, 0.518994
0.20944, 2.51327, 0.488373
0.279253, 2.51327, 0.460013
0.349066, 2.51327, 0.433739
0.418879, 2.51327, 0.409384
0.488692, 2.51327, 0.386794
0.558505, 2.51327, 0.365821
0.628319, 2.51327, 0.346332
0.698132, 2.51327, 0.328196
0.767945, 2.51327, 0.311296
0.837758, 2.51327, 0.295519
0.907571, 2.51327, 0.280761
0.977384, 2.51327, 0.266925
1.0472, 2.51327, 0.25392
1.11701, 2.51327, 0.241661
1.18682, 2.51327, 0.230072
1.25664, 2.51327, 0.219078
1.32645, 2.51327, 0.208612
1.39626, 2.51327, 0.198614
1.46608, 2.51327, 0.189026
1.53589, 2.51327, 0.179796
1.6057, 2.51327, 0.170876
1.67552, 2.51327, 0.162223
1.74533, 2.51327, 0.153797
1.81514, 2.51327, 0.145562
1.88496, 2.51327, 0.137488
1.95477, 2.51327, 0.129545
2.02458, 2.51327, 0.121708
2.0944, 2.51327, 0.113955
2.16421, 2.51327, 0.106267
2.23402, 2.51327, 0.098627
2.30383, 2.51327, 0.0910217
2.37365, 2.51327, 0.0834391
2.44346, 2.51327, 0.0758698
2.51327, 2.51327, 0.0683061
2.58309, 2.51327, 0.0607424
2.6529, 2.51327, 0.0531747
2.72271, 2.51327, 0.0456002
2.79253, 2.51327, 0.0380176
2.86234, 2.51327, 0.0304266
2.93215, 2.51327, 0.0228277
3.00197, 2.51327, 0.0152224
3.07178, 2.51327, 0.00761238
0.0698132, 2.58309, 0.497615
0.139626, 2.58309, 0.467701
0.20944, 2.58309, 0.439997
0.279253, 2.58309, 0.414333
0.349066, 2.58309, 0.39055
0.418879, 2.58309, 0.368501
0.488692, 2.58309, 0.348044
0.558505, 2.58309, 0.329051
0.628319, 2.58309, 0.311397
0.698132, 2.58309, 0.294969
0.767945, 2.58309, 0.279658
0.837758, 2.58309, 0.265365
0.907571, 2.58309, 0.251996
0.977384, 2.58309, 0.239463
1.0472, 2.58309, 0.227686
1.11701, 2.58309, 0.216587
1.18682, 2.58309, 0.206098
1.25664, 2.58309, 0.196152
1.32645, 2.58309, 0.18669
1.39626, 2.58309, 0.177655
1.46608, 2.58309, 0.168997
1.53589, 2.58309, 0.160669
1.6057, 2.58309, 0.152627
1.67552, 2.58309, 0.144833
1.74533, 2.58309, 0.13725
1.81514, 2.58309, 0.129847
1.88496, 2.58309, 0.122595
1.95477, 2.58309, 0.115468
2.02458, 2.58309, 0.108443
2.0944, 2.58309, 0.1015
2.16421, 2.58309, 0.0946215
2.23402, 2.58309, 0.0877925
2.30383, 2.58309, 0.081
2.37365, 2.58309, 0.0742331
2.44346, 2.58309, 0.067483
2.51327, 2.58309, 0.0607424
2.58309, 2.58309, 0.054006
2.6529, 2.58309, 0.0472696
2.72271, 2.58309, 0.0405303
2.79253, 2.58309, 0.0337866
2.86234, 2.58309, 0.0270376
2.93215, 2.58309, 0.0202836
3.00197, 2.58309, 0.0135251
3.07178, 2.58309, 0.00676338
0.0698132, 2.6529, 0.440777
0.139626, 2.6529, 0.4142
0.20944, 2.6529, 0.389581
0.279253, 2.6529, 0.36677
0.349066, 2.6529, 0.345629
0.418879, 2.6529, 0.326024
0.488692, 2.6529, 0.307833
0.558505, 2.6529, 0.29094
0.628319, 2.6529, 0.275237
0.698132, 2.6529, 0.260623
0.767945, 2.6529, 0.247003
0.837758, 2.6529, 0.234287
0.907571, 2.6529, 0.222394
0.977384, 2.6529, 0.211247
1.0472, 2.6529, 0.200772
1.11701, 2.6529, 0.190904
1.18682, 2.6529, 0.181581
1.25664, 2.6529, 0.172743
1.32645, 2.6529, 0.16434
1.39626, 2.6529, 0.15632
1.46608, 2.6529, 0.148639
1.53589, 2.6529, 0.141255
1.6057, 2.6529, 0.134131
1.67552, 2.6529, 0.127231
1.74533, 2.6529, 0.120523
1.81514, 2.6529, 0.113981
1.88496, 2.6529, 0.107577
1.95477, 2.6529, 0.101288
2.02458, 2.6529, 0.0950958
2.0944, 2.6529, 0.0889805
2.16421, 2.6529, 0.082927
2.23402, 2.6529, 0.0769215
2.30383, 2.6529, 0.0709526
2.37365, 2.6529, 0.0650103
2.44346, 2.6529, 0.0590865
2.51327, 2.6529, 0.0531747
2.58309, 2.6529, 0.0472696
2.6529, 2.6529, 0.0413673
2.72271, 2.6529, 0.0354649
2.79253, 2.6529, 0.0295608
2.86234, 2.6529, 0.0236539
2.93215, 2.6529, 0.0177438
3.00197, 2.6529, 0.011831
3.07178, 2.6529, 0.00591606
0.0698132, 2.72271, 0.381821
0.139626, 2.72271, 0.35874
0.20944, 2.72271, 0.337356
0.279253, 2.72271, 0.317539
0.349066, 2.72271, 0.29917
0.418879, 2.72271, 0.282133
0.488692, 2.72271, 0.266323
0.558505, 2.72271, 0.251639
0.628319, 2.72271, 0.237989
0.698132, 2.72271, 0.225284
0.767945, 2.72271, 0.213442
0.837758, 2.72271, 0.202387
0.907571, 2.72271, 0.192048
0.977384, 2.72271, 0.182357
1.0472, 2.72271, 0.173253
1.11701, 2.72271, 0.164677
1.18682, 2.72271, 0.156577
1.25664, 2.72271, 0.148901
1.32645, 2.72271, 0.141605
1.39626, 2.72271, 0.134646
1.46608, 2.72271, 0.127983
1.53589, 2.72271, 0.121582
1.6057, 2.72271, 0.11541
1.67552, 2.72271, 0.109436
1.74533, 2.72271, 0.103633
1.81514, 2.72271, 0.0979756
1.88496, 2.72271, 0.0924427
1.95477, 2.72271, 0.0870139
2.02458, 2.72271, 0.0816713
2.0944, 2.72271, 0.0763994
2.16421, 2.72271, 0.0711843
2.23402, 2.72271, 0.0660141
2.30383, 2.72271, 0.0608785
2.37365, 2.72271, 0.055769
2.44346, 2.72271, 0.0506782
2.51327, 2.72271, 0.0456002
2.58309, 2.72271, 0.0405303
2.6529, 2.72271, 0.0354649
2.72271, 2.72271, 0.0304014
2.79253, 2.72271, 0.0253378
2.86234, 2.72271, 0.0202732
2.93215, 2.72271, 0.0152069
3.00197, 2.72271, 0.010139
3.07178, 2.72271, 0.00506987
0.0698132, 2.79253, 0.32103
0.139626, 2.79253, 0.301583
0.20944, 2.79253, 0.283563
0.279253, 2.79253, 0.266862
0.349066, 2.79253, 0.251378
0.418879, 2.79253, 0.237016
0.488692, 2.79253, 0.223687
0.558505, 2.79253, 0.211306
0.628319, 2.79253, 0.199795
0.698132, 2.79253, 0.189081
0.767945, 2.79253, 0.179094
0.837758, 2.79253, 0.169771
0.907571, 2.79253, 0.161052
0.977384, 2.79253, 0.15288
1.0472, 2.79253, 0.145204
1.11701, 2.79253, 0.137975
1.18682, 2.79253, 0.131148
1.25664, 2.79253, 0.12468
1.32645, 2.79253, 0.118534
1.39626, 2.79253, 0.112674
1.46608, 2.79253, 0.107066
1.53589, 2.79253, 0.101681
1.6057, 2.79253, 0.0964907
1.67552, 2.79253, 0.0914698
1.74533, 2.79253, 0.0865954
1.81514, 2.79253, 0.0818466
1.88496, 2.79253, 0.0772048
1.95477, 2.79253, 0.072653
2.02458, 2.79253, 0.0681763
2.0944, 2.79253, 0.0637614
2.16421, 2.79253, 0.0593967
2.23402, 2.79253, 0.055072
2.30383, 2.79253, 0.0507785
2.37365, 2.79253, 0.0465089
2.44346, 2.79253, 0.042257
2.51327, 2.79253, 0.0380176
2.58309, 2.79253, 0.0337866
2.6529, 2.79253, 0.0295608
2.72271, 2.79253, 0.0253378
2.79253, 2.79253, 0.021116
2.86234, 2.79253, 0.0168941
2.93215, 2.79253, 0.0126716
3.00197, 2.79253, 0.00844835
3.07178, 2.79253, 0.00422438
0.0698132, 2.86234, 0.258696
0.139626, 2.86234, 0.242998
0.20944, 2.86234, 0.228451
0.279253, 2.86234, 0.214967
0.349066, 2.86234, 0.202465
0.418879, 2.86234, 0.190867
0.488692, 2.86234, 0.180102
0.558505, 2.86234, 0.170102
0.628319, 2.86234, 0.160805
0.698132, 2.86234, 0.15215
0.767945, 2.86234, 0.144083
0.837758, 2.86234, 0.136552
0.907571, 2.86234, 0.129509
0.977384, 2.86234, 0.122909
1.0472, 2.86234, 0.116709
1.11701, 2.86234, 0.110871
1.18682, 2.86234, 0.105358
1.25664, 2.86234, 0.100138
1.32645, 2.86234, 0.0951776
1.39626, 2.86234, 0.0904495
1.46608, 2.86234, 0.0859267
1.53589, 2.86234, 0.081585
1.6057, 2.86234, 0.077402
1.67552, 2.86234, 0.0733574
1.74533, 2.86234, 0.0694325
1.81514, 2.86234, 0.0656107
1.88496, 2.86234, 0.0618768
1.95477, 2.86234, 0.0582171
2.02458, 2.86234, 0.0546195
2.0944, 2.86234, 0.0510733
2.16421, 2.86234, 0.0475691
2.23402, 2.86234, 0.0440986
2.30383, 2.86234, 0.0406546
2.37365, 2.86234, 0.0372312
2.44346, 2.86234, 0.0338233
2.51327, 2.86234, 0.0304266
2.58309, 2.86234, 0.0270376
2.6529, 2.86234, 0.0236539
2.72271, 2.86234, 0.0202732
2.79253, 2.86234, 0.0168941
2.86234, 2.86234, 0.0135156
2.93215, 2.86234, 0.0101371
3.00197, 2.86234, 0.00675837
3.07178, 2.86234, 0.00337928
0.0698132, 2.93215, 0.195118
0.139626, 2.93215, 0.183263
0.20944, 2.93215, 0.172276
0.279253, 2.93215, 0.162091
0.349066, 2.93215, 0.152646
0.418879, 2.93215, 0.143885
0.488692, 2.93215, 0.135752
0.558505, 2.93215, 0.128196
0.628319, 2.93215, 0.121171
0.698132, 2.93215, 0.114631
0.767945, 2.93215, 0.108536
0.837758, 2.93215, 0.102845
0.907571, 2.93215, 0.0975232
0.977384, 2.93215, 0.0925359
1.0472, 2.93215, 0.0878518
1.11701, 2.93215, 0.0834414
1.18682, 2.93215, 0.0792774
1.25664, 2.93215, 0.0753345
1.32645, 2.93215, 0.0715891
1.39626, 2.93215, 0.0680196
1.46608, 2.93215, 0.0646061
1.53589, 2.93215, 0.0613302
1.6057, 2.93215, 0.058175
1.67552, 2.93215, 0.0551251
1.74533, 2.93215, 0.0521667
1.81514, 2.93215, 0.049287
1.88496, 2.93215, 0.0464745
1.95477, 2.93215, 0.043719
2.02458, 2.93215, 0.0410113
2.0944, 2.93215, 0.0383433
2.16421, 2.93215, 0.0357078
2.23402, 2.93215, 0.0330986
2.30383, 2.93215, 0.0305102
2.37365, 2.93215, 0.0279381
2.44346, 2.93215, 0.0253783
2.51327, 2.93215, 0.0228277
2.58309, 2.93215, 0.0202836
2.6529, 2.93215, 0.0177438
2.72271, 2.93215, 0.0152069
2.79253, 2.93215, 0.0126716
2.86234, 2.93215, 0.0101371
2.93215, 2.93215, 0.00760292
3.00197, 2.93215, 0.00506871
3.07178, 2.93215, 0.00253439
0.0698132, 3.00197, 0.130602
0.139626, 3.00197, 0.12266
0.20944, 3.00197, 0.115298
0.279253, 3.00197, 0.108474
0.349066, 3.00197, 0.102145
0.418879, 3.00197, 0.0962741
0.488692, 3.00197, 0.0908237
0.558505, 3.00197, 0.0857603
0.628319, 3.00197, 0.081052
0.698132, 3.00197, 0.076669
0.767945, 3.00197, 0.0725835
0.837758, 3.00197, 0.0687695
0.907571, 3.00197, 0.0652026
0.977384, 3.00197, 0.0618602
1.0472, 3.00197, 0.058721
1.11701, 3.00197, 0.0557655
1.18682, 3.00197, 0.0529754
1.25664, 3.00197, 0.0503337
1.32645, 3.00197, 0.0478247
1.39626, 3.00197, 0.0454339
1.46608, 3.00197, 0.043148
1.53589, 3.00197, 0.0409546
1.6057, 3.00197, 0.0388426
1.67552, 3.00197, 0.0368015
1.74533, 3.00197, 0.0348222
1.81514, 3.00197, 0.032896
1.88496, 3.00197, 0.0310152
1.95477, 3.00197, 0.0291731
2.02458, 3.00197, 0.0273634
2.0944, 3.00197, 0.0255807
2.16421, 3.00197, 0.0238202
2.23402, 3.00197, 0.0220777
2.30383, 3.00197, 0.0203495
2.37365, 3.00197, 0.0186326
2.44346, 3.00197, 0.0169243
2.51327, 3.00197, 0.0152224
2.58309, 3.00197, 0.0135251
2.6529, 3.00197, 0.011831
2.72271, 3.00197, 0.010139
2.79253, 3.00197, 0.00844835
2.86234, 3.00197, 0.00675837
2.93215, 3.00197, 0.00506871
3.00197, 3.00197, 0.00337914
3.07178, 3.00197, 0.00168958
0.0698132, 3.07178, 0.0654586
0.139626, 3.07178, 0.0614756
0.20944, 3.07178, 0.0577838
0.279253, 3.07178, 0.0543613
0.349066, 3.07178, 0.0511873
0.418879, 3.07178, 0.0482426
0.488692, 3.07178, 0.0455089
0.558505, 3.07178, 0.0429692
0.628319, 3.07178, 0.0406076
0.698132, 3.07178, 0.0384091
0.767945, 3.07178, 0.0363599
0.837758, 3.07178, 0.0344467
0.907571, 3.07178, 0.0326576
0.977384, 3.07178, 0.0309811
1.0472, 3.07178, 0.0294066
1.11701, 3.07178, 0.0279243
1.18682, 3.07178, 0.026525
1.25664, 3.07178, 0.0252002
1.32645, 3.07178, 0.023942
1.39626, 3.07178, 0.0227433
1.46608, 3.07178, 0.0215973
1.53589, 3.07178, 0.0204978
1.6057, 3.07178, 0.0194392
1.67552, 3.07178, 0.0184163
1.74533, 3.07178, 0.0174245
1.81514, 3.07178, 0.0164594
1.88496, 3.07178, 0.0155174
1.95477, 3.07178, 0.0145947
2.02458, 3.07178, 0.0136885
2.0944, 3.07178, 0.012796
2.16421, 3.07178, 0.0119147
2.23402, 3.07178, 0.0110425
2.30383, 3.07178, 0.0101776
2.37365, 3.07178, 0.00931851
2.44346, 3.07178, 0.00846379
2.51327, 3.07178, 0.00761238
2.58309, 3.07178, 0.00676338
2.6529, 3.07178, 0.00591606
2.72271, 3.07178, 0.00506987
2.79253, 3.07178, 0.00422438
2.86234, 3.07178, 0.00337928
2.93215, 3.07178, 0.00253439
3.00197, 3.07178, 0.00168958
3.07178, 3.07178, 0.000844791
