0.0628319, 0.0628319, 0.117906
0.125664, 0.0628319, 0.173022
0.188496, 0.0628319, 0.227892
0.251327, 0.0628319, 0.282273
0.314159, 0.0628319, 0.335924
0.376991, 0.0628319, 0.388612
0.439823, 0.0628319, 0.440105
0.502655, 0.0628319, 0.490179
0.565487, 0.0628319, 0.538618
0.628319, 0.0628319, 0.585212
0.69115, 0.0628319, 0.629759
0.753982, 0.0628319, 0.672068
0.816814, 0.0628319, 0.711957
0.879646, 0.0628319, 0.749252
0.942478, 0.0628319, 0.783795
1.00531, 0.0628319, 0.815436
1.06814, 0.0628319, 0.844038
1.13097, 0.0628319, 0.869476
1.19381, 0.0628319, 0.891641
1.25664, 0.0628319, 0.910434
1.31947, 0.0628319, 0.925773
1.3823, 0.0628319, 0.937587
1.44513, 0.0628319, 0.945821
1.50796, 0.0628319, 0.950436
1.5708, 0.0628319, 0.951407
1.63363, 0.0628319, 0.948721
1.69646, 0.0628319, 0.942383
1.75929, 0.0628319, 0.932412
1.82212, 0.0628319, 0.918841
1.88496, 0.0628319, 0.901719
1.94779, 0.0628319, 0.881107
2.01062, 0.0628319, 0.857082
2.07345, 0.0628319, 0.829735
2.13628, 0.0628319, 0.799168
2.19911, 0.0628319, 0.765498
2.26195, 0.0628319, 0.728853
2.32478, 0.0628319, 0.689375
2.38761, 0.0628319, 0.647215
2.45044, 0.0628319, 0.602537
2.51327, 0.0628319, 0.555513
2.57611, 0.0628319, 0.506325
2.63894, 0.0628319, 0.455164
2.70177, 0.0628319, 0.40223
2.7646, 0.0628319, 0.347728
2.82743, 0.0628319, 0.29187
2.89027, 0.0628319, 0.234874
2.9531, 0.0628319, 0.176962
3.01593, 0.0628319, 0.118359
3.07876, 0.0628319, 0.0592954
0.0628319, 0.125664, 0.173022
0.125664, 0.125664, 0.220957
0.188496, 0.125664, 0.268892
0.251327, 0.125664, 0.316585
0.314159, 0.125664, 0.363796
0.376991, 0.125664, 0.410293
0.439823, 0.125664, 0.455849
0.502655, 0.125664, 0.500241
0.565487, 0.125664, 0.543255
0.628319, 0.125664, 0.584685
0.69115, 0.125664, 0.624333
0.753982, 0.125664, 0.66201
0.816814, 0.125664, 0.697537
0.879646, 0.125664, 0.730745
0.942478, 0.125664, 0.761476
1.00531, 0.125664, 0.789583
1.06814, 0.125664, 0.814932
1.13097, 0.125664, 0.837399
1.19381, 0.125664, 0.856877
1.25664, 0.125664, 0.873267
1.31947, 0.125664, 0.886486
1.3823, 0.125664, 0.896465
1.44513, 0.125664, 0.903147
1.50796, 0.125664, 0.906491
1.5708, 0.125664, 0.906469
1.63363, 0.125664, 0.903066
1.69646, 0.125664, 0.896284
1.75929, 0.125664, 0.886136
1.82212, 0.125664, 0.872651
1.88496, 0.125664, 0.85587
1.94779, 0.125664, 0.835851
2.01062, 0.125664, 0.812661
2.07345, 0.125664, 0.786382
2.13628, 0.125664, 0.757111
2.19911, 0.125664, 0.724952
2.26195, 0.125664, 0.690026
2.32478, 0.125664, 0.652463
2.38761, 0.125664, 0.612402
2.45044, 0.125664, 0.569995
2.51327, 0.125664, 0.525403
2.57611, 0.125664, 0.478795
2.63894, 0.125664, 0.430349
2.70177, 0.125664, 0.380249
2.7646, 0.125664, 0.328687
2.82743, 0.125664, 0.275861
2.89027, 0.125664, 0.221974
2.9531, 0.125664, 0.167232
3.01593, 0.125664, 0.111847
3.07876, 0.125664, 0.0560315
0.0628319, 0.188496, 0.227892
0.125664, 0.188496, 0.268892
0.188496, 0.188496, 0.310135
0.251327, 0.188496, 0.351377
0.314159, 0.188496, 0.392382
0.376991, 0.188496, 0.432917
0.439823, 0.188496, 0.472756
0.502655, 0.188496, 0.511679
0.565487, 0.188496, 0.549475
0.628319, 0.188496, 0.58594
0.69115, 0.188496, 0.620878
0.753982, 0.188496, 0.654102
0.816814, 0.188496, 0.685436
0.879646, 0.188496, 0.714714
0.942478, 0.188496, 0.741779
1.00531, 0.188496, 0.766488
1.06814, 0.188496, 0.788706
1.13097, 0.188496, 0.808313
1.19381, 0.188496, 0.8252
1.25664, 0.188496, 0.83927
1.31947, 0.188496, 0.85044
1.3823, 0.188496, 0.85864
1.44513, 0.188496, 0.863812
1.50796, 0.188496, 0.865913
1.5708, 0.188496, 0.864912
1.63363, 0.188496, 0.860792
1.69646, 0.188496, 0.85355
1.75929, 0.188496, 0.843197
1.82212, 0.188496, 0.829755
1.88496, 0.188496, 0.813261
1.94779, 0.188496, 0.793764
2.01062, 0.188496, 0.771327
2.07345, 0.188496, 0.746023
2.13628, 0.188496, 0.71794
2.19911, 0.188496, 0.687175
2.26195, 0.188496, 0.653837
2.32478, 0.188496, 0.618047
2.38761, 0.188496, 0.579935
2.45044, 0.188496, 0.539639
2.51327, 0.188496, 0.49731
2.57611, 0.188496, 0.453104
2.63894, 0.188496, 0.407187
2.70177, 0.188496, 0.359729
2.7646, 0.188496, 0.31091
2.82743, 0.188496, 0.260914
2.89027, 0.188496, 0.209928
2.9531, 0.188496, 0.158147
3.01593, 0.188496, 0.105766
3.07876, 0.188496, 0.0529834
0.0628319, 0.251327, 0.282273
0.125664, 0.251327, 0.316585
0.188496, 0.251327, 0.351377
0.251327, 0.251327, 0.386408
0.314159, 0.251327, 0.421438
0.376991, 0.251327, 0.456237
0.439823, 0.251327, 0.490579
0.502655, 0.251327, 0.524246
0.565487, 0.251327, 0.557028
0.628319, 0.251327, 0.588722
0.69115, 0.251327, 0.619135
0.753982, 0.251327, 0.648084
0.816814, 0.251327, 0.675392
0.879646, 0.251327, 0.700895
0.942478, 0.251327, 0.72444
1.00531, 0.251327, 0.745883
1.06814, 0.251327, 0.765092
1.13097, 0.251327, 0.781947
1.19381, 0.251327, 0.79634
1.25664, 0.251327, 0.808173
1.31947, 0.251327, 0.817365
1.3823, 0.251327, 0.823842
1.44513, 0.251327, 0.827548
1.50796, 0.251327, 0.828435
1.5708, 0.251327, 0.826473
1.63363, 0.251327, 0.821639
1.69646, 0.251327, 0.813929
1.75929, 0.251327, 0.803347
1.82212, 0.251327, 0.789912
1.88496, 0.251327, 0.773654
1.94779, 0.251327, 0.754619
2.01062, 0.251327, 0.73286
2.07345, 0.251327, 0.708444
2.13628, 0.251327, 0.681451
2.19911, 0.251327, 0.65197
2.26195, 0.251327, 0.620101
2.32478, 0.251327, 0.585954
2.38761, 0.251327, 0.54965
2.45044, 0.251327, 0.511317
2.51327, 0.251327, 0.471094
2.57611, 0.251327, 0.429125
2.63894, 0.251327, 0.385564
2.70177, 0.251327, 0.340571
2.7646, 0.251327, 0.294311
2.82743, 0.251327, 0.246955
2.89027, 0.251327, 0.198678
2.9531, 0.251327, 0.149661
3.01593, 0.251327, 0.100086
3.07876, 0.251327, 0.0501363
0.0628319, 0.314159, 0.335924
0.125664, 0.314159, 0.363796
0.188496, 0.314159, 0.392382
0.251327, 0.314159, 0.421438
0.314159, 0.314159, 0.450726
0.376991, 0.314159, 0.480013
0.439823, 0.314159, 0.509076
0.502655, 0.314159, 0.537697
0.565487, 0.314159, 0.565667
0.628319, 0.314159, 0.592785
0.69115, 0.314159, 0.618859
0.753982, 0.314159, 0.643705
0.816814, 0.314159, 0.667152
0.879646, 0.314159, 0.689036
0.942478, 0.314159, 0.709203
1.00531, 0.314159, 0.727512
1.06814, 0.314159, 0.743832
1.13097, 0.314159, 0.758043
1.19381, 0.314159, 0.770038
1.25664, 0.314159, 0.779719
1.31947, 0.314159, 0.787003
1.3823, 0.314159, 0.791817
1.44513, 0.314159, 0.794101
1.50796, 0.314159, 0.793809
1.5708, 0.314159, 0.790904
1.63363, 0.314159, 0.785364
1.69646, 0.314159, 0.777179
1.75929, 0.314159, 0.766349
1.82212, 0.314159, 0.75289
1.88496, 0.314159, 0.736826
1.94779, 0.314159, 0.718196
2.01062, 0.314159, 0.697048
2.07345, 0.314159, 0.673443
2.13628, 0.314159, 0.64745
2.19911, 0.314159, 0.619153
2.26195, 0.314159, 0.588642
2.32478, 0.314159, 0.556019
2.38761, 0.314159, 0.521394
2.45044, 0.314159, 0.484886
2.51327, 0.314159, 0.446622
2.57611, 0.314159, 0.406738
2.63894, 0.314159, 0.365374
2.70177, 0.314159, 0.32268
2.7646, 0.314159, 0.278807
2.82743, 0.314159, 0.233916
2.89027, 0.314159, 0.188169
2.9531, 0.314159, 0.141734
3.01593, 0.314159, 0.0947788
3.07876, 0.314159, 0.0474764
0.0628319, 0.376991, 0.388612
0.125664, 0.376991, 0.410293
0.188496, 0.376991, 0.432917
0.251327, 0.376991, 0.456237
0.314159, 0.376991, 0.480013
0.376991, 0.376991, 0.504014
0.439823, 0.376991, 0.528015
0.502655, 0.376991, 0.5518
0.565487, 0.376991, 0.575158
0.628319, 0.376991, 0.597892
0.69115, 0.376991, 0.619809
0.753982, 0.376991, 0.640727
0.816814, 0.376991, 0.660476
0.879646, 0.376991, 0.678892
0.942478, 0.376991, 0.695824
1.00531, 0.376991, 0.71113
1.06814, 0.376991, 0.724681
1.13097, 0.376991, 0.736356
1.19381, 0.376991, 0.746049
1.25664, 0.376991, 0.753662
1.31947, 0.376991, 0.75911
1.3823, 0.376991, 0.76232
1.44513, 0.376991, 0.763231
1.50796, 0.376991, 0.761794
1.5708, 0.376991, 0.75797
1.63363, 0.376991, 0.751734
1.69646, 0.376991, 0.743072
1.75929, 0.376991, 0.731982
1.82212, 0.376991, 0.718473
1.88496, 0.376991, 0.702565
1.94779, 0.376991, 0.684291
2.01062, 0.376991, 0.663694
2.07345, 0.376991, 0.640827
2.13628, 0.376991, 0.615754
2.19911, 0.376991, 0.588549
2.26195, 0.376991, 0.559295
2.32478, 0.376991, 0.528085
2.38761, 0.376991, 0.49502
2.45044, 0.376991, 0.46021
2.51327, 0.376991, 0.423772
2.57611, 0.376991, 0.38583
2.63894, 0.376991, 0.346516
2.70177, 0.376991, 0.305966
2.7646, 0.376991, 0.264322
2.82743, 0.376991, 0.221733
2.89027, 0.376991, 0.178349
2.9531, 0.376991, 0.134326
3.01593, 0.376991, 0.0898195
3.07876, 0.376991, 0.0449906
0.0628319, 0.439823, 0.440105
0.125664, 0.439823, 0.455849
0.188496, 0.439823, 0.472756
0.251327, 0.439823, 0.490579
0.314159, 0.439823, 0.509076
0.376991, 0.439823, 0.528015
0.439823, 0.439823, 0.547171
0.502655, 0.439823, 0.566327
0.565487, 0.439823, 0.585275
0.628319, 0.439823, 0.603815
0.69115, 0.439823, 0.621757
0.753982, 0.439823, 0.638919
0.816814, 0.439823, 0.655131
0.879646, 0.439823, 0.670232
0.942478, 0.439823, 0.684069
1.00531, 0.439823, 0.696504
1.06814, 0.439823, 0.707404
1.13097, 0.439823, 0.716652
1.19381, 0.439823, 0.72414
1.25664, 0.439823, 0.729769
1.31947, 0.439823, 0.733455
1.3823, 0.439823, 0.735123
1.44513, 0.439823, 0.73471
1.50796, 0.439823, 0.732165
1.5708, 0.439823, 0.727448
1.63363, 0.439823, 0.72053
1.69646, 0.439823, 0.711394
1.75929, 0.439823, 0.700033
1.82212, 0.439823, 0.686453
1.88496, 0.439823, 0.67067
1.94779, 0.439823, 0.65271
2.01062, 0.439823, 0.63261
2.07345, 0.439823, 0.610418
2.13628, 0.439823, 0.58619
2.19911, 0.439823, 0.559994
2.26195, 0.439823, 0.531904
2.32478, 0.439823, 0.502006
2.38761, 0.439823, 0.470392
2.45044, 0.439823, 0.437162
2.51327, 0.439823, 0.402425
2.57611, 0.439823, 0.366295
2.63894, 0.439823, 0.328892
2.70177, 0.439823, 0.290345
2.7646, 0.439823, 0.250783
2.82743, 0.439823, 0.210345
2.89027, 0.439823, 0.169169
2.9531, 0.439823, 0.1274
3.01593, 0.439823, 0.0851829
3.07876, 0.439823, 0.0426665
0.0628319, 0.502655, 0.490179
0.125664, 0.502655, 0.500241
0.188496, 0.502655, 0.511679
0.251327, 0.502655, 0.524246
0.314159, 0.502655, 0.537697
0.376991, 0.502655, 0.5518
0.439823, 0.502655, 0.566327
0.502655, 0.502655, 0.581063
0.565487, 0.502655, 0.595799
0.628319, 0.502655, 0.610336
0.69115, 0.502655, 0.624484
0.753982, 0.502655, 0.638061
0.816814, 0.502655, 0.650899
0.879646, 0.502655, 0.662835
0.942478, 0.502655, 0.673719
1.00531, 0.502655, 0.683411
1.06814, 0.502655, 0.691781
1.13097, 0.502655, 0.698709
1.19381, 0.502655, 0.704088
1.25664, 0.502655, 0.70782
1.31947, 0.502655, 0.709818
1.3823, 0.502655, 0.710006
1.44513, 0.502655, 0.708321
1.50796, 0.502655, 0.704709
1.5708, 0.502655, 0.699127
1.63363, 0.502655, 0.691544
1.69646, 0.502655, 0.681939
1.75929, 0.502655, 0.670303
1.82212, 0.502655, 0.656637
1.88496, 0.502655, 0.640951
1.94779, 0.502655, 0.623268
2.01062, 0.502655, 0.603618
2.07345, 0.502655, 0.582044
2.13628, 0.502655, 0.558595
2.19911, 0.502655, 0.533332
2.26195, 0.502655, 0.506322
2.32478, 0.502655, 0.477643
2.38761, 0.502655, 0.447379
2.45044, 0.502655, 0.415622
2.51327, 0.502655, 0.382471
2.57611, 0.502655, 0.348031
2.63894, 0.502655, 0.312414
2.70177, 0.502655, 0.275737
2.7646, 0.502655, 0.238122
2.82743, 0.502655, 0.199694
2.89027, 0.502655, 0.160583
2.9531, 0.502655, 0.120922
3.01593, 0.502655, 0.0808458
3.07876, 0.502655, 0.0404924
0.0628319, 0.565487, 0.538618
0.125664, 0.565487, 0.543255
0.188496, 0.565487, 0.549475
0.251327, 0.565487, 0.557028
0.314159, 0.565487, 0.565667
0.376991, 0.565487, 0.575158
0.439823, 0.565487, 0.585275
0.502655, 0.565487, 0.595799
0.565487, 0.565487, 0.606523
0.628319, 0.565487, 0.617246
0.69115, 0.565487, 0.62778
0.753982, 0.565487, 0.637944
0.816814, 0.565487, 0.647567
0.879646, 0.565487, 0.656489
0.942478, 0.565487, 0.66456
1.00531, 0.565487, 0.671639
1.06814, 0.565487, 0.677598
1.13097, 0.565487, 0.682315
1.19381, 0.565487, 0.685683
1.25664, 0.565487, 0.687604
1.31947, 0.565487, 0.68799
1.3823, 0.565487, 0.686763
1.44513, 0.565487, 0.683859
1.50796, 0.565487, 0.679222
1.5708, 0.565487, 0.672807
1.63363, 0.565487, 0.664579
1.69646, 0.565487, 0.654516
1.75929, 0.565487, 0.642604
1.82212, 0.565487, 0.62884
1.88496, 0.565487, 0.61323
1.94779, 0.565487, 0.595792
2.01062, 0.565487, 0.576551
2.07345, 0.565487, 0.555544
2.13628, 0.565487, 0.532815
2.19911, 0.565487, 0.508416
2.26195, 0.565487, 0.482409
2.32478, 0.565487, 0.454865
2.38761, 0.565487, 0.425859
2.45044, 0.565487, 0.395475
2.51327, 0.565487, 0.363805
2.57611, 0.565487, 0.330945
2.63894, 0.565487, 0.296997
2.70177, 0.565487, 0.262069
2.7646, 0.565487, 0.226273
2.82743, 0.565487, 0.189725
2.89027, 0.565487, 0.152546
2.9531, 0.565487, 0.114858
3.01593, 0.565487, 0.0767862
3.07876, 0.565487, 0.0384575
0.0628319, 0.628319, 0.585212
0.125664, 0.628319, 0.584685
0.188496, 0.628319, 0.58594
0.251327, 0.628319, 0.588722
0.314159, 0.628319, 0.592785
0.376991, 0.628319, 0.597892
0.439823, 0.628319, 0.603815
0.502655, 0.628319, 0.610336
0.565487, 0.628319, 0.617246
0.628319, 0.628319, 0.624347
0.69115, 0.628319, 0.631447
0.753982, 0.628319, 0.638366
0.816814, 0.628319, 0.644936
0.879646, 0.628319, 0.650995
0.942478, 0.628319, 0.656393
1.00531, 0.628319, 0.660989
1.06814, 0.628319, 0.664655
1.13097, 0.628319, 0.667271
1.19381, 0.628319, 0.668726
1.25664, 0.628319, 0.668923
1.31947, 0.628319, 0.667773
1.3823, 0.628319, 0.665198
1.44513, 0.628319, 0.66113
1.50796, 0.628319, 0.655513
1.5708, 0.628319, 0.648298
1.63363, 0.628319, 0.63945
1.69646, 0.628319, 0.628942
1.75929, 0.628319, 0.616756
1.82212, 0.628319, 0.602887
1.88496, 0.628319, 0.587337
1.94779, 0.628319, 0.570118
2.01062, 0.628319, 0.551251
2.07345, 0.628319, 0.530766
2.13628, 0.628319, 0.508703
2.19911, 0.628319, 0.485107
2.26195, 0.628319, 0.460035
2.32478, 0.628319, 0.433548
2.38761, 0.628319, 0.405716
2.45044, 0.628319, 0.376615
2.51327, 0.628319, 0.346329
2.57611, 0.628319, 0.314946
2.63894, 0.628319, 0.282559
2.70177, 0.628319, 0.249267
2.7646, 0.628319, 0.215175
2.82743, 0.628319, 0.180389
2.89027, 0.628319, 0.145019
2.9531, 0.628319, 0.109178
3.01593, 0.628319, 0.0729834
3.07876, 0.628319, 0.0365512
0.0628319, 0.69115, 0.629759
0.125664, 0.69115, 0.624333
0.188496, 0.69115, 0.620878
0.251327, 0.69115, 0.619135
0.314159, 0.69115, 0.618859
0.376991, 0.69115, 0.619809
0.439823, 0.69115, 0.621757
0.502655, 0.69115, 0.624484
0.565487, 0.69115, 0.62778
0.628319, 0.69115, 0.631447
0.69115, 0.69115, 0.635293
0.753982, 0.69115, 0.639139
0.816814, 0.69115, 0.642815
0.879646, 0.69115, 0.646161
0.942478, 0.69115, 0.649026
1.00531, 0.69115, 0.65127
1.06814, 0.69115, 0.652763
1.13097, 0.69115, 0.653385
1.19381, 0.69115, 0.653027
1.25664, 0.69115, 0.651589
1.31947, 0.69115, 0.648981
1.3823, 0.69115, 0.645125
1.44513, 0.69115, 0.639951
1.50796, 0.69115, 0.6334
1.5708, 0.69115, 0.625423
1.63363, 0.69115, 0.615981
1.69646, 0.69115, 0.605044
1.75929, 0.69115, 0.592593
1.82212, 0.69115, 0.578616
1.88496, 0.69115, 0.563113
1.94779, 0.69115, 0.546091
2.01062, 0.69115, 0.527568
2.07345, 0.69115, 0.507567
2.13628, 0.69115, 0.486123
2.19911, 0.69115, 0.463276
2.26195, 0.69115, 0.439075
2.32478, 0.69115, 0.413576
2.38761, 0.69115, 0.386841
2.45044, 0.69115, 0.358941
2.51327, 0.69115, 0.32995
2.57611, 0.69115, 0.29995
2.63894, 0.69115, 0.269025
2.70177, 0.69115, 0.237267
2.7646, 0.69115, 0.204771
2.82743, 0.69115, 0.171635
2.89027, 0.69115, 0.137961
2.9531, 0.69115, 0.103853
3.01593, 0.69115, 0.069418
3.07876, 0.69115, 0.0347639
0.0628319, 0.753982, 0.672068
0.125664, 0.753982, 0.66201
0.188496, 0.753982, 0.654102
0.251327, 0.753982, 0.648084
0.314159, 0.753982, 0.643705
0.376991, 0.753982, 0.640727
0.439823, 0.753982, 0.638919
0.502655, 0.753982, 0.638061
0.565487, 0.753982, 0.637944
0.628319, 0.753982, 0.638366
0.69115, 0.753982, 0.639139
0.753982, 0.753982, 0.640082
0.816814, 0.753982, 0.641025
0.879646, 0.753982, 0.641808
0.942478, 0.753982, 0.64228
1.00531, 0.753982, 0.642301
1.06814, 0.753982, 0.641741
1.13097, 0.753982, 0.640481
1.19381, 0.753982, 0.638408
1.25664, 0.753982, 0.635424
1.31947, 0.753982, 0.631438
1.3823, 0.753982, 0.62637
1.44513, 0.753982, 0.620148
1.50796, 0.753982, 0.612713
1.5708, 0.753982, 0.604013
1.63363, 0.753982, 0.594006
1.69646, 0.753982, 0.582661
1.75929, 0.753982, 0.569954
1.82212, 0.753982, 0.555871
1.88496, 0.753982, 0.540407
1.94779, 0.753982, 0.523567
2.01062, 0.753982, 0.505362
2.07345, 0.753982, 0.485812
2.13628, 0.753982, 0.464945
2.19911, 0.753982, 0.442797
2.26195, 0.753982, 0.419412
2.32478, 0.753982, 0.394838
2.38761, 0.753982, 0.369133
2.45044, 0.753982, 0.342358
2.51327, 0.753982, 0.314582
2.57611, 0.753982, 0.285878
2.63894, 0.753982, 0.256325
2.70177, 0.753982, 0.226006
2.7646, 0.753982, 0.195007
2.82743, 0.753982, 0.16342
2.89027, 0.753982, 0.131337
2.9531, 0.753982, 0.0988551
3.01593, 0.753982, 0.0660716
3.07876, 0.753982, 0.0330864
0.0628319, 0.816814, 0.711957
0.125664, 0.816814, 0.697537
0.188496, 0.816814, 0.685436
0.251327, 0.816814, 0.675392
0.314159, 0.816814, 0.667152
0.376991, 0.816814, 0.660476
0.439823, 0.816814, 0.655131
0.502655, 0.816814, 0.650899
0.565487, 0.816814, 0.647567
0.628319, 0.816814, 0.644936
0.69115, 0.816814, 0.642815
0.753982, 0.816814, 0.641025
0.816814, 0.816814, 0.639395
0.879646, 0.816814, 0.637765
0.942478, 0.816814, 0.635984
1.00531, 0.816814, 0.633913
1.06814, 0.816814, 0.631421
1.13097, 0.816814, 0.628387
1.19381, 0.816814, 0.624701
1.25664, 0.816814, 0.620261
1.31947, 0.816814, 0.614977
1.3823, 0.816814, 0.608767
1.44513, 0.816814, 0.601559
1.50796, 0.816814, 0.593291
1.5708, 0.816814, 0.583909
1.63363, 0.816814, 0.57337
1.69646, 0.816814, 0.561639
1.75929, 0.816814, 0.54869
1.82212, 0.816814, 0.534506
1.88496, 0.816814, 0.519078
1.94779, 0.816814, 0.502407
2.01062, 0.816814, 0.4845
2.07345, 0.816814, 0.465372
2.13628, 0.816814, 0.445048
2.19911, 0.816814, 0.423557
2.26195, 0.816814, 0.400937
2.32478, 0.816814, 0.377233
2.38761, 0.816814, 0.352493
2.45044, 0.816814, 0.326775
2.51327, 0.816814, 0.30014
2.57611, 0.816814, 0.272655
2.63894, 0.816814, 0.244391
2.70177, 0.816814, 0.215423
2.7646, 0.816814, 0.185832
2.82743, 0.816814, 0.1557
2.89027, 0.816814, 0.125113
2.9531, 0.816814, 0.0941584
3.01593, 0.816814, 0.062927
3.07876, 0.816814, 0.03151
0.0628319, 0.879646, 0.749252
0.125664, 0.879646, 0.730745
0.188496, 0.879646, 0.714714
0.251327, 0.879646, 0.700895
0.314159, 0.879646, 0.689036
0.376991, 0.879646, 0.678892
0.439823, 0.879646, 0.670232
0.502655, 0.879646, 0.662835
0.565487, 0.879646, 0.656489
0.628319, 0.879646, 0.650995
0.69115, 0.879646, 0.646161
0.753982, 0.879646, 0.641808
0.816814, 0.879646, 0.637765
0.879646, 0.879646, 0.633872
0.942478, 0.879646, 0.629979
1.00531, 0.879646, 0.625946
1.06814, 0.879646, 0.621642
1.13097, 0.879646, 0.616945
1.19381, 0.879646, 0.611746
1.25664, 0.879646, 0.605942
1.31947, 0.879646, 0.599441
1.3823, 0.879646, 0.592162
1.44513, 0.879646, 0.58403
1.50796, 0.879646, 0.574982
1.5708, 0.879646, 0.564962
1.63363, 0.879646, 0.553926
1.69646, 0.879646, 0.541835
1.75929, 0.879646, 0.528661
1.82212, 0.879646, 0.514384
1.88496, 0.879646, 0.498993
1.94779, 0.879646, 0.482483
2.01062, 0.879646, 0.464858
2.07345, 0.879646, 0.44613
2.13628, 0.879646, 0.426317
2.19911, 0.879646, 0.405446
2.26195, 0.879646, 0.383548
2.32478, 0.879646, 0.360662
2.38761, 0.879646, 0.336832
2.45044, 0.879646, 0.312109
2.51327, 0.879646, 0.286549
2.57611, 0.879646, 0.26021
2.63894, 0.879646, 0.233159
2.70177, 0.879646, 0.205464
2.7646, 0.879646, 0.177198
2.82743, 0.879646, 0.148435
2.89027, 0.879646, 0.119255
2.9531, 0.879646, 0.0897387
3.01593, 0.879646, 0.0599678
3.07876, 0.879646, 0.0300266
0.0628319, 0.942478, 0.783795
0.125664, 0.942478, 0.761476
0.188496, 0.942478, 0.741779
0.251327, 0.942478, 0.72444
0.314159, 0.942478, 0.709203
0.376991, 0.942478, 0.695824
0.439823, 0.942478, 0.684069
0.502655, 0.942478, 0.673719
0.565487, 0.942478, 0.66456
0.628319, 0.942478, 0.656393
0.69115, 0.942478, 0.649026
0.753982, 0.942478, 0.64228
0.816814, 0.942478, 0.635984
0.879646, 0.942478, 0.629979
0.942478, 0.942478, 0.624115
1.00531, 0.942478, 0.61825
1.06814, 0.942478, 0.612254
1.13097, 0.942478, 0.606006
1.19381, 0.942478, 0.599395
1.25664, 0.942478, 0.592319
1.31947, 0.942478, 0.584685
1.3823, 0.942478, 0.576409
1.44513, 0.942478, 0.567417
1.50796, 0.942478, 0.557644
1.5708, 0.942478, 0.547032
1.63363, 0.942478, 0.535535
1.69646, 0.942478, 0.523113
1.75929, 0.942478, 0.509735
1.82212, 0.942478, 0.495377
1.88496, 0.942478, 0.480025
1.94779, 0.942478, 0.463673
2.01062, 0.942478, 0.446319
2.07345, 0.942478, 0.427971
2.13628, 0.942478, 0.408645
2.19911, 0.942478, 0.388361
2.26195, 0.942478, 0.367146
2.32478, 0.942478, 0.345034
2.38761, 0.942478, 0.322064
2.45044, 0.942478, 0.298281
2.51327, 0.942478, 0.273734
2.57611, 0.942478, 0.248479
2.63894, 0.942478, 0.222572
2.70177, 0.942478, 0.196077
2.7646, 0.942478, 0.169059
2.82743, 0.942478, 0.141588
2.89027, 0.942478, 0.113735
2.9531, 0.942478, 0.0855732
3.01593, 0.942478, 0.0571788
3.07876, 0.942478, 0.0286285
0.0628319, 1.00531, 0.815436
0.125664, 1.00531, 0.789583
0.188496, 1.00531, 0.766488
0.251327, 1.00531, 0.745883
0.314159, 1.00531, 0.727512
0.376991, 1.00531, 0.71113
0.439823, 1.00531, 0.696504
0.502655, 1.00531, 0.683411
0.565487, 1.00531, 0.671639
0.628319, 1.00531, 0.660989
0.69115, 1.00531, 0.65127
0.753982, 1.00531, 0.642301
0.816814, 1.00531, 0.633913
0.879646, 1.00531, 0.625946
0.942478, 1.00531, 0.61825
1.00531, 1.00531, 0.610684
1.06814, 1.00531, 0.603118
1.13097, 1.00531, 0.59543
1.19381, 1.00531, 0.58751
1.25664, 1.00531, 0.579254
1.31947, 1.00531, 0.570569
1.3823, 1.00531, 0.561371
1.44513, 1.00531, 0.551585
1.50796, 1.00531, 0.541143
1.5708, 1.00531, 0.529988
1.63363, 1.00531, 0.51807
1.69646, 1.00531, 0.505347
1.75929, 1.00531, 0.491787
1.82212, 1.00531, 0.477363
1.88496, 1.00531, 0.462059
1.94779, 1.00531, 0.445863
2.01062, 1.00531, 0.428773
2.07345, 1.00531, 0.410792
2.13628, 1.00531, 0.391931
2.19911, 1.00531, 0.372206
2.26195, 1.00531, 0.35164
2.32478, 1.00531, 0.330263
2.38761, 1.00531, 0.308109
2.45044, 1.00531, 0.285216
2.51327, 1.00531, 0.261629
2.57611, 1.00531, 0.237397
2.63894, 1.00531, 0.212573
2.70177, 1.00531, 0.187212
2.7646, 1.00531, 0.161374
2.82743, 1.00531, 0.135123
2.89027, 1.00531, 0.108522
2.9531, 1.00531, 0.0816404
3.01593, 1.00531, 0.0545458
3.07876, 1.00531, 0.0273086
0.0628319, 1.06814, 0.844038
0.125664, 1.06814, 0.814932
0.188496, 1.06814, 0.788706
0.251327, 1.06814, 0.765092
0.314159, 1.06814, 0.743832
0.376991, 1.06814, 0.724681
0.439823, 1.06814, 0.707404
0.502655, 1.06814, 0.691781
0.565487, 1.06814, 0.677598
0.628319, 1.06814, 0.664655
0.69115, 1.06814, 0.652763
0.753982, 1.06814, 0.641741
0.816814, 1.06814, 0.631421
0.879646, 1.06814, 0.621642
0.942478, 1.06814, 0.612254
1.00531, 1.06814, 0.603118
1.06814, 1.06814, 0.594102
1.13097, 1.06814, 0.585087
1.19381, 1.06814, 0.57596
1.25664, 1.06814, 0.566617
1.31947, 1.06814, 0.556966
1.3823, 1.06814, 0.546922
1.44513, 1.06814, 0.536407
1.50796, 1.06814, 0.525355
1.5708, 1.06814, 0.513706
1.63363, 1.06814, 0.501408
1.69646, 1.06814, 0.488419
1.75929, 1.06814, 0.474702
1.82212, 1.06814, 0.460231
1.88496, 1.06814, 0.444984
1.94779, 1.06814, 0.428948
2.01062, 1.06814, 0.412118
2.07345, 1.06814, 0.394492
2.13628, 1.06814, 0.376079
2.19911, 1.06814, 0.356891
2.26195, 1.06814, 0.336947
2.32478, 1.06814, 0.31627
2.38761, 1.06814, 0.294892
2.45044, 1.06814, 0.272845
2.51327, 1.06814, 0.25017
2.57611, 1.06814, 0.226909
2.63894, 1.06814, 0.20311
2.70177, 1.06814, 0.178823
2.7646, 1.06814, 0.154103
2.82743, 1.06814, 0.129006
2.89027, 1.06814, 0.103592
2.9531, 1.06814, 0.0779203
3.01593, 1.06814, 0.0520552
3.07876, 1.06814, 0.0260602
0.0628319, 1.13097, 0.869476
0.125664, 1.13097, 0.837399
0.188496, 1.13097, 0.808313
0.251327, 1.13097, 0.781947
0.314159, 1.13097, 0.758043
0.376991, 1.13097, 0.736356
0.439823, 1.13097, 0.716652
0.502655, 1.13097, 0.698709
0.565487, 1.13097, 0.682315
0.628319, 1.13097, 0.667271
0.69115, 1.13097, 0.653385
0.753982, 1.13097, 0.640481
0.816814, 1.13097, 0.628387
0.879646, 1.13097, 0.616945
0.942478, 1.13097, 0.606006
1.00531, 1.13097, 0.59543
1.06814, 1.13097, 0.585087
1.13097, 1.13097, 0.574856
1.19381, 1.13097, 0.564624
1.25664, 1.13097, 0.554289
1.31947, 1.13097, 0.543757
1.3823, 1.13097, 0.532942
1.44513, 1.13097, 0.521768
1.50796, 1.13097, 0.510164
1.5708, 1.13097, 0.498072
1.63363, 1.13097, 0.485438
1.69646, 1.13097, 0.472217
1.75929, 1.13097, 0.458372
1.82212, 1.13097, 0.443873
1.88496, 1.13097, 0.428697
1.94779, 1.13097, 0.412828
2.01062, 1.13097, 0.396257
2.07345, 1.13097, 0.378981
2.13628, 1.13097, 0.361003
2.19911, 1.13097, 0.342332
2.26195, 1.13097, 0.322985
2.32478, 1.13097, 0.302979
2.38761, 1.13097, 0.282342
2.45044, 1.13097, 0.261103
2.51327, 1.13097, 0.239295
2.57611, 1.13097, 0.216958
2.63894, 1.13097, 0.194134
2.70177, 1.13097, 0.170868
2.7646, 1.13097, 0.147209
2.82743, 1.13097, 0.123207
2.89027, 1.13097, 0.0989172
2.9531, 1.13097, 0.074394
3.01593, 1.13097, 0.0496945
3.07876, 1.13097, 0.0248769
0.0628319, 1.19381, 0.891641
0.125664, 1.19381, 0.856877
0.188496, 1.19381, 0.8252
0.251327, 1.19381, 0.79634
0.314159, 1.19381, 0.770038
0.376991, 1.19381, 0.746049
0.439823, 1.19381, 0.72414
0.502655, 1.19381, 0.704088
0.565487, 1.19381, 0.685683
0.628319, 1.19381, 0.668726
0.69115, 1.19381, 0.653027
0.753982, 1.19381, 0.638408
0.816814, 1.19381, 0.624701
0.879646, 1.19381, 0.611746
0.942478, 1.19381, 0.599395
1.00531, 1.19381, 0.58751
1.06814, 1.19381, 0.57596
1.13097, 1.19381, 0.564624
1.19381, 1.19381, 0.553391
1.25664, 1.19381, 0.542158
1.31947, 1.19381, 0.53083
1.3823, 1.19381, 0.519322
1.44513, 1.19381, 0.507556
1.50796, 1.19381, 0.495462
1.5708, 1.19381, 0.48298
1.63363, 1.19381, 0.470054
1.69646, 1.19381, 0.456639
1.75929, 1.19381, 0.442696
1.82212, 1.19381, 0.428192
1.88496, 1.19381, 0.413102
1.94779, 1.19381, 0.397409
2.01062, 1.19381, 0.3811
2.07345, 1.19381, 0.36417
2.13628, 1.19381, 0.346618
2.19911, 1.19381, 0.328451
2.26195, 1.19381, 0.30968
2.32478, 1.19381, 0.29032
2.38761, 1.19381, 0.270395
2.45044, 1.19381, 0.249928
2.51327, 1.19381, 0.22895
2.57611, 1.19381, 0.207495
2.63894, 1.19381, 0.1856
2.70177, 1.19381, 0.163306
2.7646, 1.19381, 0.140656
2.82743, 1.19381, 0.117697
2.89027, 1.19381, 0.094476
2.9531, 1.19381, 0.0710438
3.01593, 1.19381, 0.0474519
3.07876, 1.19381, 0.0237528
0.0628319, 1.25664, 0.910434
0.125664, 1.25664, 0.873267
0.188496, 1.25664, 0.83927
0.251327, 1.25664, 0.808173
0.314159, 1.25664, 0.779719
0.376991, 1.25664, 0.753662
0.439823, 1.25664, 0.729769
0.502655, 1.25664, 0.70782
0.565487, 1.25664, 0.687604
0.628319, 1.25664, 0.668923
0.69115, 1.25664, 0.651589
0.753982, 1.25664, 0.635424
0.816814, 1.25664, 0.620261
0.879646, 1.25664, 0.605942
0.942478, 1.25664, 0.592319
1.00531, 1.25664, 0.579254
1.06814, 1.25664, 0.566617
1.13097, 1.25664, 0.554289
1.19381, 1.25664, 0.542158
1.25664, 1.25664, 0.53012
1.31947, 1.25664, 0.518083
1.3823, 1.25664, 0.505959
1.44513, 1.25664, 0.493671
1.50796, 1.25664, 0.481149
1.5708, 1.25664, 0.46833
1.63363, 1.25664, 0.455159
1.69646, 1.25664, 0.441589
1.75929, 1.25664, 0.427579
1.82212, 1.25664, 0.413096
1.88496, 1.25664, 0.398111
1.94779, 1.25664, 0.382606
2.01062, 1.25664, 0.366565
2.07345, 1.25664, 0.34998
2.13628, 1.25664, 0.332849
2.19911, 1.25664, 0.315174
2.26195, 1.25664, 0.296962
2.32478, 1.25664, 0.278228
2.38761, 1.25664, 0.258988
2.45044, 1.25664, 0.239264
2.51327, 1.25664, 0.219082
2.57611, 1.25664, 0.198471
2.63894, 1.25664, 0.177465
2.70177, 1.25664, 0.156099
2.7646, 1.25664, 0.134413
2.82743, 1.25664, 0.112448
2.89027, 1.25664, 0.090246
2.9531, 1.25664, 0.0678534
3.01593, 1.25664, 0.0453164
3.07876, 1.25664, 0.0226825
0.0628319, 1.31947, 0.925773
0.125664, 1.31947, 0.886486
0.188496, 1.31947, 0.85044
0.251327, 1.31947, 0.817365
0.314159, 1.31947, 0.787003
0.376991, 1.31947, 0.75911
0.439823, 1.31947, 0.733455
0.502655, 1.31947, 0.709818
0.565487, 1.31947, 0.68799
0.628319, 1.31947, 0.667773
0.69115, 1.31947, 0.648981
0.753982, 1.31947, 0.631438
0.816814, 1.31947, 0.614977
0.879646, 1.31947, 0.599441
0.942478, 1.31947, 0.584685
1.00531, 1.31947, 0.570569
1.06814, 1.31947, 0.556966
1.13097, 1.31947, 0.543757
1.19381, 1.31947, 0.53083
1.25664, 1.31947, 0.518083
1.31947, 1.31947, 0.505422
1.3823, 1.31947, 0.492761
1.44513, 1.31947, 0.480021
1.50796, 1.31947, 0.467132
1.5708, 1.31947, 0.454032
1.63363, 1.31947, 0.440663
1.69646, 1.31947, 0.426979
1.75929, 1.31947, 0.412936
1.82212, 1.31947, 0.3985
1.88496, 1.31947, 0.383641
1.94779, 1.31947, 0.368338
2.01062, 1.31947, 0.352574
2.07345, 1.31947, 0.336337
2.13628, 1.31947, 0.319623
2.19911, 1.31947, 0.302432
2.26195, 1.31947, 0.284768
2.32478, 1.31947, 0.266641
2.38761, 1.31947, 0.248065
2.45044, 1.31947, 0.229058
2.51327, 1.31947, 0.209642
2.57611, 1.31947, 0.189843
2.63894, 1.31947, 0.169689
2.70177, 1.31947, 0.149213
2.7646, 1.31947, 0.12845
2.82743, 1.31947, 0.107434
2.89027, 1.31947, 0.0862069
2.9531, 1.31947, 0.0648074
3.01593, 1.31947, 0.0432777
3.07876, 1.31947, 0.0216608
0.0628319, 1.3823, 0.937587
0.125664, 1.3823, 0.896465
0.188496, 1.3823, 0.85864
0.251327, 1.3823, 0.823842
0.314159, 1.3823, 0.791817
0.376991, 1.3823, 0.76232
0.439823, 1.3823, 0.735123
0.502655, 1.3823, 0.710006
0.565487, 1.3823, 0.686763
0.628319, 1.3823, 0.665198
0.69115, 1.3823, 0.645125
0.753982, 1.3823, 0.62637
0.816814, 1.3823, 0.608767
0.879646, 1.3823, 0.592162
0.942478, 1.3823, 0.576409
1.00531, 1.3823, 0.561371
1.06814, 1.3823, 0.546922
1.13097, 1.3823, 0.532942
1.19381, 1.3823, 0.519322
1.25664, 1.3823, 0.505959
1.31947, 1.3823, 0.492761
1.3823, 1.3823, 0.47964
1.44513, 1.3823, 0.466519
1.50796, 1.3823, 0.453327
1.5708, 1.3823, 0.440001
1.63363, 1.3823, 0.426484
1.69646, 1.3823, 0.412726
1.75929, 1.3823, 0.398686
1.82212, 1.3823, 0.384326
1.88496, 1.3823, 0.369615
1.94779, 1.3823, 0.354531
2.01062, 1.3823, 0.339054
2.07345, 1.3823, 0.323171
2.13628, 1.3823, 0.306875
2.19911, 1.3823, 0.290162
2.26195, 1.3823, 0.273036
2.32478, 1.3823, 0.255502
2.38761, 1.3823, 0.237572
2.45044, 1.3823, 0.21926
2.51327, 1.3823, 0.200585
2.57611, 1.3823, 0.181568
2.63894, 1.3823, 0.162236
2.70177, 1.3823, 0.142615
2.7646, 1.3823, 0.122737
2.82743, 1.3823, 0.102634
2.89027, 1.3823, 0.0823397
2.9531, 1.3823, 0.0618914
3.01593, 1.3823, 0.0413264
3.07876, 1.3823, 0.0206829
0.0628319, 1.44513, 0.945821
0.125664, 1.44513, 0.903147
0.188496, 1.44513, 0.863812
0.251327, 1.44513, 0.827548
0.314159, 1.44513, 0.794101
0.376991, 1.44513, 0.763231
0.439823, 1.44513, 0.73471
0.502655, 1.44513, 0.708321
0.565487, 1.44513, 0.683859
0.628319, 1.44513, 0.66113
0.69115, 1.44513, 0.639951
0.753982, 1.44513, 0.620148
0.816814, 1.44513, 0.601559
0.879646, 1.44513, 0.58403
0.942478, 1.44513, 0.567417
1.00531, 1.44513, 0.551585
1.06814, 1.44513, 0.536407
1.13097, 1.44513, 0.521768
1.19381, 1.44513, 0.507556
1.25664, 1.44513, 0.493671
1.31947, 1.44513, 0.480021
1.3823, 1.44513, 0.466519
1.44513, 1.44513, 0.453087
1.50796, 1.44513, 0.439656
1.5708, 1.44513, 0.42616
1.63363, 1.44513, 0.412544
1.69646, 1.44513, 0.398757
1.75929, 1.44513, 0.384755
1.82212, 1.44513, 0.370501
1.88496, 1.44513, 0.355963
1.94779, 1.44513, 0.341116
2.01062, 1.44513, 0.32594
2.07345, 1.44513, 0.310418
2.13628, 1.44513, 0.294542
2.19911, 1.44513, 0.278307
2.26195, 1.44513, 0.261711
2.32478, 1.44513, 0.24476
2.38761, 1.44513, 0.227461
2.45044, 1.44513, 0.209825
2.51327, 1.44513, 0.191869
2.57611, 1.44513, 0.17361
2.63894, 1.44513, 0.155071
2.70177, 1.44513, 0.136275
2.7646, 1.44513, 0.117249
2.82743, 1.44513, 0.098023
2.89027, 1.44513, 0.0786267
2.9531, 1.44513, 0.0590923
3.01593, 1.44513, 0.0394534
3.07876, 1.44513, 0.0197443
0.0628319, 1.50796, 0.950436
0.125664, 1.50796, 0.906491
0.188496, 1.50796, 0.865913
0.251327, 1.50796, 0.828435
0.314159, 1.50796, 0.793809
0.376991, 1.50796, 0.761794
0.439823, 1.50796, 0.732165
0.502655, 1.50796, 0.704709
0.565487, 1.50796, 0.679222
0.628319, 1.50796, 0.655513
0.69115, 1.50796, 0.6334
0.753982, 1.50796, 0.612713
0.816814, 1.50796, 0.593291
0.879646, 1.50796, 0.574982
0.942478, 1.50796, 0.557644
1.00531, 1.50796, 0.541143
1.06814, 1.50796, 0.525355
1.13097, 1.50796, 0.510164
1.19381, 1.50796, 0.495462
1.25664, 1.50796, 0.481149
1.31947, 1.50796, 0.467132
1.3823, 1.50796, 0.453327
1.44513, 1.50796, 0.439656
1.50796, 1.50796, 0.426048
1.5708, 1.50796, 0.41244
1.63363, 1.50796, 0.398774
1.69646, 1.50796, 0.385001
1.75929, 1.50796, 0.371076
1.82212, 1.50796, 0.35696
1.88496, 1.50796, 0.342621
1.94779, 1.50796, 0.328031
2.01062, 1.50796, 0.313169
2.07345, 1.50796, 0.298019
2.13628, 1.50796, 0.282569
2.19911, 1.50796, 0.266811
2.26195, 1.50796, 0.250743
2.32478, 1.50796, 0.234366
2.38761, 1.50796, 0.217686
2.45044, 1.50796, 0.200711
2.51327, 1.50796, 0.183455
2.57611, 1.50796, 0.165932
2.63894, 1.50796, 0.148161
2.70177, 1.50796, 0.130164
2.7646, 1.50796, 0.111962
2.82743, 1.50796, 0.0935826
2.89027, 1.50796, 0.0750515
2.9531, 1.50796, 0.0563976
3.01593, 1.50796, 0.0376506
3.07876, 1.50796, 0.018841
0.0628319, 1.5708, 0.951407
0.125664, 1.5708, 0.906469
0.188496, 1.5708, 0.864912
0.251327, 1.5708, 0.826473
0.314159, 1.5708, 0.790904
0.376991, 1.5708, 0.75797
0.439823, 1.5708, 0.727448
0.502655, 1.5708, 0.699127
0.565487, 1.5708, 0.672807
0.628319, 1.5708, 0.648298
0.69115, 1.5708, 0.625423
0.753982, 1.5708, 0.604013
0.816814, 1.5708, 0.583909
0.879646, 1.5708, 0.564962
0.942478, 1.5708, 0.547032
1.00531, 1.5708, 0.529988
1.06814, 1.5708, 0.513706
1.13097, 1.5708, 0.498072
1.19381, 1.5708, 0.48298
1.25664, 1.5708, 0.46833
1.31947, 1.5708, 0.454032
1.3823, 1.5708, 0.440001
1.44513, 1.5708, 0.42616
1.50796, 1.5708, 0.41244
1.5708, 1.5708, 0.398776
1.63363, 1.5708, 0.385112
1.69646, 1.5708, 0.371397
1.75929, 1.5708, 0.357587
1.82212, 1.5708, 0.343641
1.88496, 1.5708, 0.329528
1.94779, 1.5708, 0.315217
2.01062, 1.5708, 0.300688
2.07345, 1.5708, 0.28592
2.13628, 1.5708, 0.270902
2.19911, 1.5708, 0.255624
2.26195, 1.5708, 0.240082
2.32478, 1.5708, 0.224274
2.38761, 1.5708, 0.208204
2.45044, 1.5708, 0.191879
2.51327, 1.5708, 0.175307
2.57611, 1.5708, 0.158502
2.63894, 1.5708, 0.141479
2.70177, 1.5708, 0.124256
2.7646, 1.5708, 0.106854
2.82743, 1.5708, 0.0892933
2.89027, 1.5708, 0.0715991
2.9531, 1.5708, 0.053796
3.01593, 1.5708, 0.0359104
3.07876, 1.5708, 0.0179691
0.0628319, 1.63363, 0.948721
0.125664, 1.63363, 0.903066
0.188496, 1.63363, 0.860792
0.251327, 1.63363, 0.821639
0.314159, 1.63363, 0.785364
0.376991, 1.63363, 0.751734
0.439823, 1.63363, 0.72053
0.502655, 1.63363, 0.691544
0.565487, 1.63363, 0.664579
0.628319, 1.63363, 0.63945
0.69115, 1.63363, 0.615981
0.753982, 1.63363, 0.594006
0.816814, 1.63363, 0.57337
0.879646, 1.63363, 0.553926
0.942478, 1.63363, 0.535535
1.00531, 1.63363, 0.51807
1.06814, 1.63363, 0.501408
1.13097, 1.63363, 0.485438
1.19381, 1.63363, 0.470054
1.25664, 1.63363, 0.455159
1.31947, 1.63363, 0.440663
1.3823, 1.63363, 0.426484
1.44513, 1.63363, 0.412544
1.50796, 1.63363, 0.398774
1.5708, 1.63363, 0.385112
1.63363, 1.63363, 0.371501
1.69646, 1.63363, 0.357889
1.75929, 1.63363, 0.344232
1.82212, 1.63363, 0.330491
1.88496, 1.63363, 0.316631
1.94779, 1.63363, 0.302623
2.01062, 1.63363, 0.288443
2.07345, 1.63363, 0.274072
2.13628, 1.63363, 0.259495
2.19911, 1.63363, 0.244702
2.26195, 1.63363, 0.229686
2.32478, 1.63363, 0.214445
2.38761, 1.63363, 0.198979
2.45044, 1.63363, 0.183292
2.51327, 1.63363, 0.167392
2.57611, 1.63363, 0.151289
2.63894, 1.63363, 0.134996
2.70177, 1.63363, 0.118528
2.7646, 1.63363, 0.101902
2.82743, 1.63363, 0.085138
2.89027, 1.63363, 0.0682555
2.9531, 1.63363, 0.051277
3.01593, 1.63363, 0.0342256
3.07876, 1.63363, 0.0171251
0.0628319, 1.69646, 0.942383
0.125664, 1.69646, 0.896284
0.188496, 1.69646, 0.85355
0.251327, 1.69646, 0.813929
0.314159, 1.69646, 0.777179
0.376991, 1.69646, 0.743072
0.439823, 1.69646, 0.711394
0.502655, 1.69646, 0.681939
0.565487, 1.69646, 0.654516
0.628319, 1.69646, 0.628942
0.69115, 1.69646, 0.605044
0.753982, 1.69646, 0.582661
0.816814, 1.69646, 0.561639
0.879646, 1.69646, 0.541835
0.942478, 1.69646, 0.523113
1.00531, 1.69646, 0.505347
1.06814, 1.69646, 0.488419
1.13097, 1.69646, 0.472217
1.19381, 1.69646, 0.456639
1.25664, 1.69646, 0.441589
1.31947, 1.69646, 0.426979
1.3823, 1.69646, 0.412726
1.44513, 1.69646, 0.398757
1.50796, 1.69646, 0.385001
1.5708, 1.69646, 0.371397
1.63363, 1.69646, 0.357889
1.69646, 1.69646, 0.344426
1.75929, 1.69646, 0.330962
1.82212, 1.69646, 0.317459
1.88496, 1.69646, 0.303881
1.94779, 1.69646, 0.290199
2.01062, 1.69646, 0.276389
2.07345, 1.69646, 0.262429
2.13628, 1.69646, 0.248305
2.19911, 1.69646, 0.234003
2.26195, 1.69646, 0.219516
2.32478, 1.69646, 0.20484
2.38761, 1.69646, 0.189973
2.45044, 1.69646, 0.174918
2.51327, 1.69646, 0.15968
2.57611, 1.69646, 0.144267
2.63894, 1.69646, 0.128688
2.70177, 1.69646, 0.112958
2.7646, 1.69646, 0.0970899
2.82743, 1.69646, 0.0811005
2.89027, 1.69646, 0.0650078
2.9531, 1.69646, 0.0488308
3.01593, 1.69646, 0.0325899
3.07876, 1.69646, 0.0163058
0.0628319, 1.75929, 0.932412
0.125664, 1.75929, 0.886136
0.188496, 1.75929, 0.843197
0.251327, 1.75929, 0.803347
0.314159, 1.75929, 0.766349
0.376991, 1.75929, 0.731982
0.439823, 1.75929, 0.700033
0.502655, 1.75929, 0.670303
0.565487, 1.75929, 0.642604
0.628319, 1.75929, 0.616756
0.69115, 1.75929, 0.592593
0.753982, 1.75929, 0.569954
0.816814, 1.75929, 0.54869
0.879646, 1.75929, 0.528661
0.942478, 1.75929, 0.509735
1.00531, 1.75929, 0.491787
1.06814, 1.75929, 0.474702
1.13097, 1.75929, 0.458372
1.19381, 1.75929, 0.442696
1.25664, 1.75929, 0.427579
1.31947, 1.75929, 0.412936
1.3823, 1.75929, 0.398686
1.44513, 1.75929, 0.384755
1.50796, 1.75929, 0.371076
1.5708, 1.75929, 0.357587
1.63363, 1.75929, 0.344232
1.69646, 1.75929, 0.330962
1.75929, 1.75929, 0.317732
1.82212, 1.75929, 0.304501
1.88496, 1.75929, 0.291235
1.94779, 1.75929, 0.277905
2.01062, 1.75929, 0.264484
2.07345, 1.75929, 0.250951
2.13628, 1.75929, 0.237291
2.19911, 1.75929, 0.223488
2.26195, 1.75929, 0.209535
2.32478, 1.75929, 0.195425
2.38761, 1.75929, 0.181156
2.45044, 1.75929, 0.166727
2.51327, 1.75929, 0.152143
2.57611, 1.75929, 0.137409
2.63894, 1.75929, 0.122533
2.70177, 1.75929, 0.107525
2.7646, 1.75929, 0.0923984
2.82743, 1.75929, 0.0771663
2.89027, 1.75929, 0.0618442
2.9531, 1.75929, 0.0464486
3.01593, 1.75929, 0.0309972
3.07876, 1.75929, 0.0155081
0.0628319, 1.82212, 0.918841
0.125664, 1.82212, 0.872651
0.188496, 1.82212, 0.829755
0.251327, 1.82212, 0.789912
0.314159, 1.82212, 0.75289
0.376991, 1.82212, 0.718473
0.439823, 1.82212, 0.686453
0.502655, 1.82212, 0.656637
0.565487, 1.82212, 0.62884
0.628319, 1.82212, 0.602887
0.69115, 1.82212, 0.578616
0.753982, 1.82212, 0.555871
0.816814, 1.82212, 0.534506
0.879646, 1.82212, 0.514384
0.942478, 1.82212, 0.495377
1.00531, 1.82212, 0.477363
1.06814, 1.82212, 0.460231
1.13097, 1.82212, 0.443873
1.19381, 1.82212, 0.428192
1.25664, 1.82212, 0.413096
1.31947, 1.82212, 0.3985
1.3823, 1.82212, 0.384326
1.44513, 1.82212, 0.370501
1.50796, 1.82212, 0.35696
1.5708, 1.82212, 0.343641
1.63363, 1.82212, 0.330491
1.69646, 1.82212, 0.317459
1.75929, 1.82212, 0.304501
1.82212, 1.82212, 0.291577
1.88496, 1.82212, 0.278654
1.94779, 1.82212, 0.2657
2.01062, 1.82212, 0.25269
2.07345, 1.82212, 0.239601
2.13628, 1.82212, 0.226418
2.19911, 1.82212, 0.213124
2.26195, 1.82212, 0.199711
2.32478, 1.82212, 0.18617
2.38761, 1.82212, 0.172497
2.45044, 1.82212, 0.158692
2.51327, 1.82212, 0.144756
2.57611, 1.82212, 0.130693
2.63894, 1.82212, 0.116508
2.70177, 1.82212, 0.102212
2.7646, 1.82212, 0.0878122
2.82743, 1.82212, 0.0733219
2.89027, 1.82212, 0.0587539
2.9531, 1.82212, 0.0441223
3.01593, 1.82212, 0.0294422
3.07876, 1.82212, 0.0147293
0.0628319, 1.88496, 0.901719
0.125664, 1.88496, 0.85587
0.188496, 1.88496, 0.813261
0.251327, 1.88496, 0.773654
0.314159, 1.88496, 0.736826
0.376991, 1.88496, 0.702565
0.439823, 1.88496, 0.67067
0.502655, 1.88496, 0.640951
0.565487, 1.88496, 0.61323
0.628319, 1.88496, 0.587337
0.69115, 1.88496, 0.563113
0.753982, 1.88496, 0.540407
0.816814, 1.88496, 0.519078
0.879646, 1.88496, 0.498993
0.942478, 1.88496, 0.480025
1.00531, 1.88496, 0.462059
1.06814, 1.88496, 0.444984
1.13097, 1.88496, 0.428697
1.19381, 1.88496, 0.413102
1.25664, 1.88496, 0.398111
1.31947, 1.88496, 0.383641
1.3823, 1.88496, 0.369615
1.44513, 1.88496, 0.355963
1.50796, 1.88496, 0.342621
1.5708, 1.88496, 0.329528
1.63363, 1.88496, 0.316631
1.69646, 1.88496, 0.303881
1.75929, 1.88496, 0.291235
1.82212, 1.88496, 0.278654
1.88496, 1.88496, 0.266102
1.94779, 1.88496, 0.253551
2.01062, 1.88496, 0.240973
2.07345, 1.88496, 0.228347
2.13628, 1.88496, 0.215654
2.19911, 1.88496, 0.20288
2.26195, 1.88496, 0.190013
2.32478, 1.88496, 0.177045
2.38761, 1.88496, 0.163971
2.45044, 1.88496, 0.150788
2.51327, 1.88496, 0.137496
2.57611, 1.88496, 0.124097
2.63894, 1.88496, 0.110596
2.70177, 1.88496, 0.0970002
2.7646, 1.88496, 0.0833166
2.82743, 1.88496, 0.0695553
2.89027, 1.88496, 0.0557272
2.9531, 1.88496, 0.0418444
3.01593, 1.88496, 0.0279198
3.07876, 1.88496, 0.013967
0.0628319, 1.94779, 0.881107
0.125664, 1.94779, 0.835851
0.188496, 1.94779, 0.793764
0.251327, 1.94779, 0.754619
0.314159, 1.94779, 0.718196
0.376991, 1.94779, 0.684291
0.439823, 1.94779, 0.65271
0.502655, 1.94779, 0.623268
0.565487, 1.94779, 0.595792
0.628319, 1.94779, 0.570118
0.69115, 1.94779, 0.546091
0.753982, 1.94779, 0.523567
0.816814, 1.94779, 0.502407
0.879646, 1.94779, 0.482483
0.942478, 1.94779, 0.463673
1.00531, 1.94779, 0.445863
1.06814, 1.94779, 0.428948
1.13097, 1.94779, 0.412828
1.19381, 1.94779, 0.397409
1.25664, 1.94779, 0.382606
1.31947, 1.94779, 0.368338
1.3823, 1.94779, 0.354531
1.44513, 1.94779, 0.341116
1.50796, 1.94779, 0.328031
1.5708, 1.94779, 0.315217
1.63363, 1.94779, 0.302623
1.69646, 1.94779, 0.290199
1.75929, 1.94779, 0.277905
1.82212, 1.94779, 0.2657
1.88496, 1.94779, 0.253551
1.94779, 1.94779, 0.241428
2.01062, 1.94779, 0.229304
2.07345, 1.94779, 0.217159
2.13628, 1.94779, 0.204972
2.19911, 1.94779, 0.192728
2.26195, 1.94779, 0.180417
2.32478, 1.94779, 0.168027
2.38761, 1.94779, 0.155553
2.45044, 1.94779, 0.142992
2.51327, 1.94779, 0.130342
2.57611, 1.94779, 0.117603
2.63894, 1.94779, 0.10478
2.70177, 1.94779, 0.0918762
2.7646, 1.94779, 0.0788987
2.82743, 1.94779, 0.0658553
2.89027, 1.94779, 0.0527551
2.9531, 1.94779, 0.0396083
3.01593, 1.94779, 0.0264257
3.07876, 1.94779, 0.0132189
0.0628319, 2.01062, 0.857082
0.125664, 2.01062, 0.812661
0.188496, 2.01062, 0.771327
0.251327, 2.01062, 0.73286
0.314159, 2.01062, 0.697048
0.376991, 2.01062, 0.663694
0.439823, 2.01062, 0.63261
0.502655, 2.01062, 0.603618
0.565487, 2.01062, 0.576551
0.628319, 2.01062, 0.551251
0.69115, 2.01062, 0.527568
0.753982, 2.01062, 0.505362
0.816814, 2.01062, 0.4845
0.879646, 2.01062, 0.464858
0.942478, 2.01062, 0.446319
1.00531, 2.01062, 0.428773
1.06814, 2.01062, 0.412118
1.13097, 2.01062, 0.396257
1.19381, 2.01062, 0.3811
1.25664, 2.01062, 0.366565
1.31947, 2.01062, 0.352574
1.3823, 2.01062, 0.339054
1.44513, 2.01062, 0.32594
1.50796, 2.01062, 0.313169
1.5708, 2.01062, 0.300688
1.63363, 2.01062, 0.288443
1.69646, 2.01062, 0.276389
1.75929, 2.01062, 0.264484
1.82212, 2.01062, 0.25269
1.88496, 2.01062, 0.240973
1.94779, 2.01062, 0.229304
2.01062, 2.01062, 0.217658
2.07345, 2.01062, 0.206011
2.13628, 2.01062, 0.194345
2.19911, 2.01062, 0.182645
2.26195, 2.01062, 0.170897
2.32478, 2.01062, 0.159092
2.38761, 2.01062, 0.147223
2.45044, 2.01062, 0.135285
2.51327, 2.01062, 0.123275
2.57611, 2.01062, 0.111194
2.63894, 2.01062, 0.0990434
2.70177, 2.01062, 0.0868258
2.7646, 2.01062, 0.0745466
2.82743, 2.01062, 0.0622121
2.89027, 2.01062, 0.0498297
2.9531, 2.01062, 0.0374078
3.01593, 2.01062, 0.0249557
3.07876, 2.01062, 0.012483
0.0628319, 2.07345, 0.829735
0.125664, 2.07345, 0.786382
0.188496, 2.07345, 0.746023
0.251327, 2.07345, 0.708444
0.314159, 2.07345, 0.673443
0.376991, 2.07345, 0.640827
0.439823, 2.07345, 0.610418
0.502655, 2.07345, 0.582044
0.565487, 2.07345, 0.555544
0.628319, 2.07345, 0.530766
0.69115, 2.07345, 0.507567
0.753982, 2.07345, 0.485812
0.816814, 2.07345, 0.465372
0.879646, 2.07345, 0.44613
0.942478, 2.07345, 0.427971
1.00531, 2.07345, 0.410792
1.06814, 2.07345, 0.394492
1.13097, 2.07345, 0.378981
1.19381, 2.07345, 0.36417
1.25664, 2.07345, 0.34998
1.31947, 2.07345, 0.336337
1.3823, 2.07345, 0.323171
1.44513, 2.07345, 0.310418
1.50796, 2.07345, 0.298019
1.5708, 2.07345, 0.28592
1.63363, 2.07345, 0.274072
1.69646, 2.07345, 0.262429
1.75929, 2.07345, 0.250951
1.82212, 2.07345, 0.239601
1.88496, 2.07345, 0.228347
1.94779, 2.07345, 0.217159
2.01062, 2.07345, 0.206011
2.07345, 2.07345, 0.194882
2.13628, 2.07345, 0.183754
2.19911, 2.07345, 0.172609
2.26195, 2.07345, 0.161435
2.32478, 2.07345, 0.150222
2.38761, 2.07345, 0.138962
2.45044, 2.07345, 0.127649
2.51327, 2.07345, 0.116281
2.57611, 2.07345, 0.104855
2.63894, 2.07345, 0.0933733
2.70177, 2.07345, 0.0818369
2.7646, 2.07345, 0.0702497
2.82743, 2.07345, 0.0586166
2.89027, 2.07345, 0.0469436
2.9531, 2.07345, 0.0352376
3.01593, 2.07345, 0.0235061
3.07876, 2.07345, 0.0117574
0.0628319, 2.13628, 0.799168
0.125664, 2.13628, 0.757111
0.188496, 2.13628, 0.71794
0.251327, 2.13628, 0.681451
0.314159, 2.13628, 0.64745
0.376991, 2.13628, 0.615754
0.439823, 2.13628, 0.58619
0.502655, 2.13628, 0.558595
0.565487, 2.13628, 0.532815
0.628319, 2.13628, 0.508703
0.69115, 2.13628, 0.486123
0.753982, 2.13628, 0.464945
0.816814, 2.13628, 0.445048
0.879646, 2.13628, 0.426317
0.942478, 2.13628, 0.408645
1.00531, 2.13628, 0.391931
1.06814, 2.13628, 0.376079
1.13097, 2.13628, 0.361003
1.19381, 2.13628, 0.346618
1.25664, 2.13628, 0.332849
1.31947, 2.13628, 0.319623
1.3823, 2.13628, 0.306875
1.44513, 2.13628, 0.294542
1.50796, 2.13628, 0.282569
1.5708, 2.13628, 0.270902
1.63363, 2.13628, 0.259495
1.69646, 2.13628, 0.248305
1.75929, 2.13628, 0.237291
1.82212, 2.13628, 0.226418
1.88496, 2.13628, 0.215654
1.94779, 2.13628, 0.204972
2.01062, 2.13628, 0.194345
2.07345, 2.13628, 0.183754
2.13628, 2.13628, 0.173178
2.19911, 2.13628, 0.162601
2.26195, 2.13628, 0.152012
2.32478, 2.13628, 0.141398
2.38761, 2.13628, 0.130753
2.45044, 2.13628, 0.120069
2.51327, 2.13628, 0.109343
2.57611, 2.13628, 0.0985726
2.63894, 2.13628, 0.0877574
2.70177, 2.13628, 0.0768986
2.7646, 2.13628, 0.0659986
2.82743, 2.13628, 0.055061
2.89027, 2.13628, 0.0440905
2.9531, 2.13628, 0.0330927
3.01593, 2.13628, 0.0220738
3.07876, 2.13628, 0.0110405
0.0628319, 2.19911, 0.765498
0.125664, 2.19911, 0.724952
0.188496, 2.19911, 0.687175
0.251327, 2.19911, 0.65197
0.314159, 2.19911, 0.619153
0.376991, 2.19911, 0.588549
0.439823, 2.19911, 0.559994
0.502655, 2.19911, 0.533332
0.565487, 2.19911, 0.508416
0.628319, 2.19911, 0.485107
0.69115, 2.19911, 0.463276
0.753982, 2.19911, 0.442797
0.816814, 2.19911, 0.423557
0.879646, 2.19911, 0.405446
0.942478, 2.19911, 0.388361
1.00531, 2.19911, 0.372206
1.06814, 2.19911, 0.356891
1.13097, 2.19911, 0.342332
1.19381, 2.19911, 0.328451
1.25664, 2.19911, 0.315174
1.31947, 2.19911, 0.302432
1.3823, 2.19911, 0.290162
1.44513, 2.19911, 0.278307
1.50796, 2.19911, 0.266811
1.5708, 2.19911, 0.255624
1.63363, 2.19911, 0.244702
1.69646, 2.19911, 0.234003
1.75929, 2.19911, 0.223488
1.82212, 2.19911, 0.213124
1.88496, 2.19911, 0.20288
1.94779, 2.19911, 0.192728
2.01062, 2.19911, 0.182645
2.07345, 2.19911, 0.172609
2.13628, 2.19911, 0.162601
2.19911, 2.19911, 0.152607
2.26195, 2.19911, 0.142612
2.32478, 2.19911, 0.132607
2.38761, 2.19911, 0.122582
2.45044, 2.19911, 0.112531
2.51327, 2.19911, 0.102449
2.57611, 2.19911, 0.0923345
2.63894, 2.19911, 0.0821852
2.70177, 2.19911, 0.0720015
2.7646, 2.19911, 0.0617849
2.82743, 2.19911, 0.0515381
2.89027, 2.19911, 0.0412646
2.9531, 2.19911, 0.0309688
3.01593, 2.19911, 0.0206557
3.07876, 2.19911, 0.0103309
0.0628319, 2.26195, 0.728853
0.125664, 2.26195, 0.690026
0.188496, 2.26195, 0.653837
0.251327, 2.26195, 0.620101
0.314159, 2.26195, 0.588642
0.376991, 2.26195, 0.559295
0.439823, 2.26195, 0.531904
0.502655, 2.26195, 0.506322
0.565487, 2.26195, 0.482409
0.628319, 2.26195, 0.460035
0.69115, 2.26195, 0.439075
0.753982, 2.26195, 0.419412
0.816814, 2.26195, 0.400937
0.879646, 2.26195, 0.383548
0.942478, 2.26195, 0.367146
1.00531, 2.26195, 0.35164
1.06814, 2.26195, 0.336947
1.13097, 2.26195, 0.322985
1.19381, 2.26195, 0.30968
1.25664, 2.26195, 0.296962
1.31947, 2.26195, 0.284768
1.3823, 2.26195, 0.273036
1.44513, 2.26195, 0.261711
1.50796, 2.26195, 0.250743
1.5708, 2.26195, 0.240082
1.63363, 2.26195, 0.229686
1.69646, 2.26195, 0.219516
1.75929, 2.26195, 0.209535
1.82212, 2.26195, 0.199711
1.88496, 2.26195, 0.190013
1.94779, 2.26195, 0.180417
2.01062, 2.26195, 0.170897
2.07345, 2.26195, 0.161435
2.13628, 2.26195, 0.152012
2.19911, 2.26195, 0.142612
2.26195, 2.26195, 0.133223
2.32478, 2.26195, 0.123834
2.38761, 2.26195, 0.114436
2.45044, 2.26195, 0.105023
2.51327, 2.26195, 0.0955887
2.57611, 2.26195, 0.0861308
2.63894, 2.26195, 0.0766471
2.70177, 2.26195, 0.0671371
2.7646, 2.26195, 0.0576014
2.82743, 2.26195, 0.0480419
2.89027, 2.26195, 0.038461
2.9531, 2.26195, 0.0288623
3.01593, 2.26195, 0.0192495
3.07876, 2.26195, 0.00962717
0.0628319, 2.32478, 0.689375
0.125664, 2.32478, 0.652463
0.188496, 2.32478, 0.618047
0.251327, 2.32478, 0.585954
0.314159, 2.32478, 0.556019
0.376991, 2.32478, 0.528085
0.439823, 2.32478, 0.502006
0.502655, 2.32478, 0.477643
0.565487, 2.32478, 0.454865
0.628319, 2.32478, 0.433548
0.69115, 2.32478, 0.413576
0.753982, 2.32478, 0.394838
0.816814, 2.32478, 0.377233
0.879646, 2.32478, 0.360662
0.942478, 2.32478, 0.345034
1.00531, 2.32478, 0.330263
1.06814, 2.32478, 0.31627
1.13097, 2.32478, 0.302979
1.19381, 2.32478, 0.29032
1.25664, 2.32478, 0.278228
1.31947, 2.32478, 0.266641
1.3823, 2.32478, 0.255502
1.44513, 2.32478, 0.24476
1.50796, 2.32478, 0.234366
1.5708, 2.32478, 0.224274
1.63363, 2.32478, 0.214445
1.69646, 2.32478, 0.20484
1.75929, 2.32478, 0.195425
1.82212, 2.32478, 0.18617
1.88496, 2.32478, 0.177045
1.94779, 2.32478, 0.168027
2.01062, 2.32478, 0.159092
2.07345, 2.32478, 0.150222
2.13628, 2.32478, 0.141398
2.19911, 2.32478, 0.132607
2.26195, 2.32478, 0.123834
2.32478, 2.32478, 0.11507
2.38761, 2.32478, 0.106306
2.45044, 2.32478, 0.0975352
2.51327, 2.32478, 0.088752
2.57611, 2.32478, 0.0799528
2.63894, 2.32478, 0.0711352
2.70177, 2.32478, 0.0622982
2.7646, 2.32478, 0.0534418
2.82743, 2.32478, 0.0445669
2.89027, 2.32478, 0.0356753
2.9531, 2.32478, 0.0267696
3.01593, 2.32478, 0.0178528
3.07876, 2.32478, 0.00892833
0.0628319, 2.38761, 0.647215
0.125664, 2.38761, 0.612402
0.188496, 2.38761, 0.579935
0.251327, 2.38761, 0.54965
0.314159, 2.38761, 0.521394
0.376991, 2.38761, 0.49502
0.439823, 2.38761, 0.470392
0.502655, 2.38761, 0.447379
0.565487, 2.38761, 0.425859
0.628319, 2.38761, 0.405716
0.69115, 2.38761, 0.386841
0.753982, 2.38761, 0.369133
0.816814, 2.38761, 0.352493
0.879646, 2.38761, 0.336832
0.942478, 2.38761, 0.322064
1.00531, 2.38761, 0.308109
1.06814, 2.38761, 0.294892
1.13097, 2.38761, 0.282342
1.19381, 2.38761, 0.270395
1.25664, 2.38761, 0.258988
1.31947, 2.38761, 0.248065
1.3823, 2.38761, 0.237572
1.44513, 2.38761, 0.227461
1.50796, 2.38761, 0.217686
1.5708, 2.38761, 0.208204
1.63363, 2.38761, 0.198979
1.69646, 2.38761, 0.189973
1.75929, 2.38761, 0.181156
1.82212, 2.38761, 0.172497
1.88496, 2.38761, 0.163971
1.94779, 2.38761, 0.155553
2.01062, 2.38761, 0.147223
2.07345, 2.38761, 0.138962
2.13628, 2.38761, 0.130753
2.19911, 2.38761, 0.122582
2.26195, 2.38761, 0.114436
2.32478, 2.38761, 0.106306
2.38761, 2.38761, 0.098183
2.45044, 2.38761, 0.0900598
2.51327, 2.38761, 0.0819311
2.57611, 2.38761, 0.0737929
2.63894, 2.38761, 0.0656426
2.70177, 2.38761, 0.0574786
2.7646, 2.38761, 0.0493005
2.82743, 2.38761, 0.0411084
2.89027, 2.38761, 0.0329037
2.9531, 2.38761, 0.024688
3.01593, 2.38761, 0.0164637
3.07876, 2.38761, 0.00823336
0.0628319, 2.45044, 0.602537
0.125664, 2.45044, 0.569995
0.188496, 2.45044, 0.539639
0.251327, 2.45044, 0.511317
0.314159, 2.45044, 0.484886
0.376991, 2.45044, 0.46021
0.439823, 2.45044, 0.437162
0.502655, 2.45044, 0.415622
0.565487, 2.45044, 0.395475
0.628319, 2.45044, 0.376615
0.69115, 2.45044, 0.358941
0.753982, 2.45044, 0.342358
0.816814, 2.45044, 0.326775
0.879646, 2.45044, 0.312109
0.942478, 2.45044, 0.298281
1.00531, 2.45044, 0.285216
1.06814, 2.45044, 0.272845
1.13097, 2.45044, 0.261103
1.19381, 2.45044, 0.249928
1.25664, 2.45044, 0.239264
1.31947, 2.45044, 0.229058
1.3823, 2.45044, 0.21926
1.44513, 2.45044, 0.209825
1.50796, 2.45044, 0.200711
1.5708, 2.45044, 0.191879
1.63363, 2.45044, 0.183292
1.69646, 2.45044, 0.174918
1.75929, 2.45044, 0.166727
1.82212, 2.45044, 0.158692
1.88496, 2.45044, 0.150788
1.94779, 2.45044, 0.142992
2.01062, 2.45044, 0.135285
2.07345, 2.45044, 0.127649
2.13628, 2.45044, 0.120069
2.19911, 2.45044, 0.112531
2.26195, 2.45044, 0.105023
2.32478, 2.45044, 0.0975352
2.38761, 2.45044, 0.0900598
2.45044, 2.45044, 0.0825896
2.51327, 2.45044, 0.0751194
2.57611, 2.45044, 0.0676451
2.63894, 2.45044, 0.0601636
2.70177, 2.45044, 0.0526732
2.7646, 2.45044, 0.0451729
2.82743, 2.45044, 0.0376626
2.89027, 2.45044, 0.0301429
2.9531, 2.45044, 0.022615
3.01593, 2.45044, 0.0150805
3.07876, 2.45044, 0.00754143
0.0628319, 2.51327, 0.555513
0.125664, 2.51327, 0.525403
0.188496, 2.51327, 0.49731
0.251327, 2.51327, 0.471094
0.314159, 2.51327, 0.446622
0.376991, 2.51327, 0.423772
0.439823, 2.51327, 0.402425
0.502655, 2.51327, 0.382471
0.565487, 2.51327, 0.363805
0.628319, 2.51327, 0.346329
0.69115, 2.51327, 0.32995
0.753982, 2.51327, 0.314582
0.816814, 2.51327, 0.30014
0.879646, 2.51327, 0.286549
0.942478, 2.51327, 0.273734
1.00531, 2.51327, 0.261629
1.06814, 2.51327, 0.25017
1.13097, 2.51327, 0.239295
1.19381, 2.51327, 0.22895
1.25664, 2.51327, 0.219082
1.31947, 2.51327, 0.209642
1.3823, 2.51327, 0.200585
1.44513, 2.51327, 0.191869
1.50796, 2.51327, 0.183455
1.5708, 2.51327, 0.175307
1.63363, 2.51327, 0.167392
1.69646, 2.51327, 0.15968
1.75929, 2.51327, 0.152143
1.82212, 2.51327, 0.144756
1.88496, 2.51327, 0.137496
1.94779, 2.51327, 0.130342
2.01062, 2.51327, 0.123275
2.07345, 2.51327, 0.116281
2.13628, 2.51327, 0.109343
2.19911, 2.51327, 0.102449
2.26195, 2.51327, 0.0955887
2.32478, 2.51327, 0.088752
2.38761, 2.51327, 0.0819311
2.45044, 2.51327, 0.0751194
2.51327, 2.51327, 0.0683118
2.57611, 2.51327, 0.0615042
2.63894, 2.51327, 0.0546935
2.70177, 2.51327, 0.0478776
2.7646, 2.51327, 0.0410553
2.82743, 2.51327, 0.0342262
2.89027, 2.51327, 0.0273904
2.9531, 2.51327, 0.0205486
3.01593, 2.51327, 0.0137019
3.07876, 2.51327, 0.00685184
0.0628319, 2.57611, 0.506325
0.125664, 2.57611, 0.478795
0.188496, 2.57611, 0.453104
0.251327, 2.57611, 0.429125
0.314159, 2.57611, 0.406738
0.376991, 2.57611, 0.38583
0.439823, 2.57611, 0.366295
0.502655, 2.57611, 0.348031
0.565487, 2.57611, 0.330945
0.628319, 2.57611, 0.314946
0.69115, 2.57611, 0.29995
0.753982, 2.57611, 0.285878
0.816814, 2.57611, 0.272655
0.879646, 2.57611, 0.26021
0.942478, 2.57611, 0.248479
1.00531, 2.57611, 0.237397
1.06814, 2.57611, 0.226909
1.13097, 2.57611, 0.216958
1.19381, 2.57611, 0.207495
1.25664, 2.57611, 0.198471
1.31947, 2.57611, 0.189843
1.3823, 2.57611, 0.181568
1.44513, 2.57611, 0.17361
1.50796, 2.57611, 0.165932
1.5708, 2.57611, 0.158502
1.63363, 2.57611, 0.151289
1.69646, 2.57611, 0.144267
1.75929, 2.57611, 0.137409
1.82212, 2.57611, 0.130693
1.88496, 2.57611, 0.124097
1.94779, 2.57611, 0.117603
2.01062, 2.57611, 0.111194
2.07345, 2.57611, 0.104855
2.13628, 2.57611, 0.0985726
2.19911, 2.57611, 0.0923345
2.26195, 2.57611, 0.0861308
2.32478, 2.57611, 0.0799528
2.38761, 2.57611, 0.0737929
2.45044, 2.57611, 0.0676451
2.51327, 2.57611, 0.0615042
2.57611, 2.57611, 0.0553663
2.63894, 2.57611, 0.0492284
2.70177, 2.57611, 0.0430882
2.7646, 2.57611, 0.0369445
2.82743, 2.57611, 0.0307964
2.89027, 2.57611, 0.0246437
2.9531, 2.57611, 0.018487
3.01593, 2.57611, 0.0123267
3.07876, 2.57611, 0.006164
0.0628319, 2.63894, 0.455164
0.125664, 2.63894, 0.430349
0.188496, 2.63894, 0.407187
0.251327, 2.63894, 0.385564
0.314159, 2.63894, 0.365374
0.376991, 2.63894, 0.346516
0.439823, 2.63894, 0.328892
0.502655, 2.63894, 0.312414
0.565487, 2.63894, 0.296997
0.628319, 2.63894, 0.282559
0.69115, 2.63894, 0.269025
0.753982, 2.63894, 0.256325
0.816814, 2.63894, 0.244391
0.879646, 2.63894, 0.233159
0.942478, 2.63894, 0.222572
1.00531, 2.63894, 0.212573
1.06814, 2.63894, 0.20311
1.13097, 2.63894, 0.194134
1.19381, 2.63894, 0.1856
1.25664, 2.63894, 0.177465
1.31947, 2.63894, 0.169689
1.3823, 2.63894, 0.162236
1.44513, 2.63894, 0.155071
1.50796, 2.63894, 0.148161
1.5708, 2.63894, 0.141479
1.63363, 2.63894, 0.134996
1.69646, 2.63894, 0.128688
1.75929, 2.63894, 0.122533
1.82212, 2.63894, 0.116508
1.88496, 2.63894, 0.110596
1.94779, 2.63894, 0.10478
2.01062, 2.63894, 0.0990434
2.07345, 2.63894, 0.0933733
2.13628, 2.63894, 0.0877574
2.19911, 2.63894, 0.0821852
2.26195, 2.63894, 0.0766471
2.32478, 2.63894, 0.0711352
2.38761, 2.63894, 0.0656426
2.45044, 2.63894, 0.0601636
2.51327, 2.63894, 0.0546935
2.57611, 2.63894, 0.0492284
2.63894, 2.63894, 0.0437654
2.70177, 2.63894, 0.0383024
2.7646, 2.63894, 0.0328379
2.82743, 2.63894, 0.027371
2.89027, 2.63894, 0.0219013
2.9531, 2.63894, 0.0164288
3.01593, 2.63894, 0.010954
3.07876, 2.63894, 0.00547743
0.0628319, 2.70177, 0.40223
0.125664, 2.70177, 0.380249
0.188496, 2.70177, 0.359729
0.251327, 2.70177, 0.340571
0.314159, 2.70177, 0.32268
0.376991, 2.70177, 0.305966
0.439823, 2.70177, 0.290345
0.502655, 2.70177, 0.275737
0.565487, 2.70177, 0.262069
0.628319, 2.70177, 0.249267
0.69115, 2.70177, 0.237267
0.753982, 2.70177, 0.226006
0.816814, 2.70177, 0.215423
0.879646, 2.70177, 0.205464
0.942478, 2.70177, 0.196077
1.00531, 2.70177, 0.187212
1.06814, 2.70177, 0.178823
1.13097, 2.70177, 0.170868
1.19381, 2.70177, 0.163306
1.25664, 2.70177, 0.156099
1.31947, 2.70177, 0.149213
1.3823, 2.70177, 0.142615
1.44513, 2.70177, 0.136275
1.50796, 2.70177, 0.130164
1.5708, 2.70177, 0.124256
1.63363, 2.70177, 0.118528
1.69646, 2.70177, 0.112958
1.75929, 2.70177, 0.107525
1.82212, 2.70177, 0.102212
1.88496, 2.70177, 0.0970002
1.94779, 2.70177, 0.0918762
2.01062, 2.70177, 0.0868258
2.07345, 2.70177, 0.0818369
2.13628, 2.70177, 0.0768986
2.19911, 2.70177, 0.0720015
2.26195, 2.70177, 0.0671371
2.32478, 2.70177, 0.0622982
2.38761, 2.70177, 0.0574786
2.45044, 2.70177, 0.0526732
2.51327, 2.70177, 0.0478776
2.57611, 2.70177, 0.0430882
2.63894, 2.70177, 0.0383024
2.70177, 2.70177, 0.0335181
2.7646, 2.70177, 0.0287337
2.82743, 2.70177, 0.0239484
2.89027, 2.70177, 0.0191615
2.9531, 2.70177, 0.0143729
3.01593, 2.70177, 0.00958291
3.07876, 2.70177, 0.00479175
0.0628319, 2.7646, 0.347728
0.125664, 2.7646, 0.328687
0.188496, 2.7646, 0.31091
0.251327, 2.7646, 0.294311
0.314159, 2.7646, 0.278807
0.376991, 2.7646, 0.264322
0.439823, 2.7646, 0.250783
0.502655, 2.7646, 0.238122
0.565487, 2.7646, 0.226273
0.628319, 2.7646, 0.215175
0.69115, 2.7646, 0.204771
0.753982, 2.7646, 0.195007
0.816814, 2.7646, 0.185832
0.879646, 2.7646, 0.177198
0.942478, 2.7646, 0.169059
1.00531, 2.7646, 0.161374
1.06814, 2.7646, 0.154103
1.13097, 2.7646, 0.147209
1.19381, 2.7646, 0.140656
1.25664, 2.7646, 0.134413
1.31947, 2.7646, 0.12845
1.3823, 2.7646, 0.122737
1.44513, 2.7646, 0.117249
1.50796, 2.7646, 0.111962
1.5708, 2.7646, 0.106854
1.63363, 2.7646, 0.101902
1.69646, 2.7646, 0.0970899
1.75929, 2.7646, 0.0923984
1.82212, 2.7646, 0.0878122
1.88496, 2.7646, 0.0833166
1.94779, 2.7646, 0.0788987
2.01062, 2.7646, 0.0745466
2.07345, 2.7646, 0.0702497
2.13628, 2.7646, 0.0659986
2.19911, 2.7646, 0.0617849
2.26195, 2.7646, 0.0576014
2.32478, 2.7646, 0.0534418
2.38761, 2.7646, 0.0493005
2.45044, 2.7646, 0.0451729
2.51327, 2.7646, 0.0410553
2.57611, 2.7646, 0.0369445
2.63894, 2.7646, 0.0328379
2.70177, 2.7646, 0.0287337
2.7646, 2.7646, 0.0246305
2.82743, 2.7646, 0.0205272
2.89027, 2.7646, 0.0164233
2.9531, 2.7646, 0.0123186
3.01593, 2.7646, 0.00821297
3.07876, 2.7646, 0.00410667
0.0628319, 2.82743, 0.29187
0.125664, 2.82743, 0.275861
0.188496, 2.82743, 0.260914
0.251327, 2.82743, 0.246955
0.314159, 2.82743, 0.233916
0.376991, 2.82743, 0.221733
0.439823, 2.82743, 0.210345
0.502655, 2.82743, 0.199694
0.565487, 2.82743, 0.189725
0.628319, 2.82743, 0.180389
0.69115, 2.82743, 0.171635
0.753982, 2.82743, 0.16342
0.816814, 2.82743, 0.1557
0.879646, 2.82743, 0.148435
0.942478, 2.82743, 0.141588
1.00531, 2.82743, 0.135123
1.06814, 2.82743, 0.129006
1.13097, 2.82743, 0.123207
1.19381, 2.82743, 0.117697
1.25664, 2.82743, 0.112448
1.31947, 2.82743, 0.107434
1.3823, 2.82743, 0.102634
1.44513, 2.82743, 0.098023
1.50796, 2.82743, 0.0935826
1.5708, 2.82743, 0.0892933
1.63363, 2.82743, 0.085138
1.69646, 2.82743, 0.0811005
1.75929, 2.82743, 0.0771663
1.82212, 2.82743, 0.0733219
1.88496, 2.82743, 0.0695553
1.94779, 2.82743, 0.0658553
2.01062, 2.82743, 0.0622121
2.07345, 2.82743, 0.0586166
2.13628, 2.82743, 0.055061
2.19911, 2.82743, 0.0515381
2.26195, 2.82743, 0.0480419
2.32478, 2.82743, 0.0445669
2.38761, 2.82743, 0.0411084
2.45044, 2.82743, 0.0376626
2.51327, 2.82743, 0.0342262
2.57611, 2.82743, 0.0307964
2.63894, 2.82743, 0.027371
2.70177, 2.82743, 0.0239484
2.7646, 2.82743, 0.0205272
2.82743, 2.82743, 0.0171066
2.89027, 2.82743, 0.013686
2.9531, 2.82743, 0.0102651
3.01593, 2.82743, 0.0068437
3.07876, 2.82743, 0.00342196
0.0628319, 2.89027, 0.234874
0.125664, 2.89027, 0.221974
0.188496, 2.89027, 0.209928
0.251327, 2.89027, 0.198678
0.314159, 2.89027, 0.188169
0.376991, 2.89027, 0.178349
0.439823, 2.89027, 0.169169
0.502655, 2.89027, 0.160583
0.565487, 2.89027, 0.152546
0.628319, 2.89027, 0.145019
0.69115, 2.89027, 0.137961
0.753982, 2.89027, 0.131337
0.816814, 2.89027, 0.125113
0.879646, 2.89027, 0.119255
0.942478, 2.89027, 0.113735
1.00531, 2.89027, 0.108522
1.06814, 2.89027, 0.103592
1.13097, 2.89027, 0.0989172
1.19381, 2.89027, 0.094476
1.25664, 2.89027, 0.090246
1.31947, 2.89027, 0.0862069
1.3823, 2.89027, 0.0823397
1.44513, 2.89027, 0.0786267
1.50796, 2.89027, 0.0750515
1.5708, 2.89027, 0.0715991
1.63363, 2.89027, 0.0682555
1.69646, 2.89027, 0.0650078
1.75929, 2.89027, 0.0618442
1.82212, 2.89027, 0.0587539
1.88496, 2.89027, 0.0557272
1.94779, 2.89027, 0.0527551
2.01062, 2.89027, 0.0498297
2.07345, 2.89027, 0.0469436
2.13628, 2.89027, 0.0440905
2.19911, 2.89027, 0.0412646
2.26195, 2.89027, 0.038461
2.32478, 2.89027, 0.0356753
2.38761, 2.89027, 0.0329037
2.45044, 2.89027, 0.0301429
2.51327, 2.89027, 0.0273904
2.57611, 2.89027, 0.0246437
2.63894, 2.89027, 0.0219013
2.70177, 2.89027, 0.0191615
2.7646, 2.89027, 0.0164233
2.82743, 2.89027, 0.013686
2.89027, 2.89027, 0.010949
2.9531, 2.89027, 0.00821197
3.01593, 2.89027, 0.0054748
3.07876, 2.89027, 0.00273745
0.0628319, 2.9531, 0.176962
0.125664, 2.9531, 0.167232
0.188496, 2.9531, 0.158147
0.251327, 2.9531, 0.149661
0.314159, 2.9531, 0.141734
0.376991, 2.9531, 0.134326
0.439823, 2.9531, 0.1274
0.502655, 2.9531, 0.120922
0.565487, 2.9531, 0.114858
0.628319, 2.9531, 0.109178
0.69115, 2.9531, 0.103853
0.753982, 2.9531, 0.0988551
0.816814, 2.9531, 0.0941584
0.879646, 2.9531, 0.0897387
0.942478, 2.9531, 0.0855732
1.00531, 2.9531, 0.0816404
1.06814, 2.9531, 0.0779203
1.13097, 2.9531, 0.074394
1.19381, 2.9531, 0.0710438
1.25664, 2.9531, 0.0678534
1.31947, 2.9531, 0.0648074
1.3823, 2.9531, 0.0618914
1.44513, 2.9531, 0.0590923
1.50796, 2.9531, 0.0563976
1.5708, 2.9531, 0.053796
1.63363, 2.9531, 0.051277
1.69646, 2.9531, 0.0488308
1.75929, 2.9531, 0.0464486
1.82212, 2.9531, 0.0441223
1.88496, 2.9531, 0.0418444
1.94779, 2.9531, 0.0396083
2.01062, 2.9531, 0.0374078
2.07345, 2.9531, 0.0352376
2.13628, 2.9531, 0.0330927
2.19911, 2.9531, 0.0309688
2.26195, 2.9531, 0.0288623
2.32478, 2.9531, 0.0267696
2.38761, 2.9531, 0.024688
2.45044, 2.9531, 0.022615
2.51327, 2.9531, 0.0205486
2.57611, 2.9531, 0.018487
2.63894, 2.9531, 0.0164288
2.70177, 2.9531, 0.0143729
2.7646, 2.9531, 0.0123186
2.82743, 2.9531, 0.0102651
2.89027, 2.9531, 0.00821197
2.9531, 2.9531, 0.00615902
3.01593, 2.9531, 0.00410607
3.07876, 2.9531, 0.00205305
0.0628319, 3.01593, 0.118359
0.125664, 3.01593, 0.111847
0.188496, 3.01593, 0.105766
0.251327, 3.01593, 0.100086
0.314159, 3.01593, 0.0947788
0.376991, 3.01593, 0.0898195
0.439823, 3.01593, 0.0851829
0.502655, 3.01593, 0.0808458
0.565487, 3.01593, 0.0767862
0.628319, 3.01593, 0.0729834
0.69115, 3.01593, 0.069418
0.753982, 3.01593, 0.0660716
0.816814, 3.01593, 0.062927
0.879646, 3.01593, 0.0599678
0.942478, 3.01593, 0.0571788
1.00531, 3.01593, 0.0545458
1.06814, 3.01593, 0.0520552
1.13097, 3.01593, 0.0496945
1.19381, 3.01593, 0.0474519
1.25664, 3.01593, 0.0453164
1.31947, 3.01593, 0.0432777
1.3823, 3.01593, 0.0413264
1.44513, 3.01593, 0.0394534
1.50796, 3.01593, 0.0376506
1.5708, 3.01593, 0.0359104
1.63363, 3.01593, 0.0342256
1.69646, 3.01593, 0.0325899
1.75929, 3.01593, 0.0309972
1.82212, 3.01593, 0.0294422
1.88496, 3.01593, 0.0279198
1.94779, 3.01593, 0.0264257
2.01062, 3.01593, 0.0249557
2.07345, 3.01593, 0.0235061
2.13628, 3.01593, 0.0220738
2.19911, 3.01593, 0.0206557
2.26195, 3.01593, 0.0192495
2.32478, 3.01593, 0.0178528
2.38761, 3.01593, 0.0164637
2.45044, 3.01593, 0.0150805
2.51327, 3.01593, 0.0137019
2.57611, 3.01593, 0.0123267
2.63894, 3.01593, 0.010954
2.70177, 3.01593, 0.00958291
2.7646, 3.01593, 0.00821297
2.82743, 3.01593, 0.0068437
2.89027, 3.01593, 0.0054748
2.9531, 3.01593, 0.00410607
3.01593, 3.01593, 0.00273738
3.07876, 3.01593, 0.0013687
0.0628319, 3.07876, 0.0592954
0.125664, 3.07876, 0.0560315
0.188496, 3.07876, 0.0529834
0.251327, 3.07876, 0.0501363
0.314159, 3.07876, 0.0474764
0.376991, 3.07876, 0.0449906
0.439823, 3.07876, 0.0426665
0.502655, 3.07876, 0.0404924
0.565487, 3.07876, 0.0384575
0.628319, 3.07876, 0.0365512
0.69115, 3.07876, 0.0347639
0.753982, 3.07876, 0.0330864
0.816814, 3.07876, 0.03151
0.879646, 3.07876, 0.0300266
0.942478, 3.07876, 0.0286285
1.00531, 3.07876, 0.0273086
1.06814, 3.07876, 0.0260602
1.13097, 3.07876, 0.0248769
1.19381, 3.07876, 0.0237528
1.25664, 3.07876, 0.0226825
1.31947, 3.07876, 0.0216608
1.3823, 3.07876, 0.0206829
1.44513, 3.07876, 0.0197443
1.50796, 3.07876, 0.018841
1.5708, 3.07876, 0.0179691
1.63363, 3.07876, 0.0171251
1.69646, 3.07876, 0.0163058
1.75929, 3.07876, 0.0155081
1.82212, 3.07876, 0.0147293
1.88496, 3.07876, 0.013967
1.94779, 3.07876, 0.0132189
2.01062, 3.07876, 0.012483
2.07345, 3.07876, 0.0117574
2.13628, 3.07876, 0.0110405
2.19911, 3.07876, 0.0103309
2.26195, 3.07876, 0.00962717
2.32478, 3.07876, 0.00892833
2.38761, 3.07876, 0.00823336
2.45044, 3.07876, 0.00754143
2.51327, 3.07876, 0.00685184
2.57611, 3.07876, 0.006164
2.63894, 3.07876, 0.00547743
2.70177, 3.07876, 0.00479175
2.7646, 3.07876, 0.00410667
2.82743, 3.07876, 0.00342196
2.89027, 3.07876, 0.00273745
2.9531, 3.07876, 0.00205305
3.01593, 3.07876, 0.0013687
3.07876, 3.07876, 0.000684348
