0.0698132, 0.0698132, 0.130073
0.139626, 0.0698132, 0.190389
0.20944, 0.0698132, 0.250368
0.279253, 0.0698132, 0.309678
0.349066, 0.0698132, 0.367993
0.418879, 0.0698132, 0.424994
0.488692, 0.0698132, 0.48037
0.558505, 0.0698132, 0.533822
0.628319, 0.0698132, 0.58506
0.698132, 0.0698132, 0.633809
0.767945, 0.0698132, 0.679807
0.837758, 0.0698132, 0.722806
0.907571, 0.0698132, 0.762575
0.977384, 0.0698132, 0.7989
1.0472, 0.0698132, 0.831587
1.11701, 0.0698132, 0.860458
1.18682, 0.0698132, 0.885355
1.25664, 0.0698132, 0.906143
1.32645, 0.0698132, 0.922706
1.39626, 0.0698132, 0.934949
1.46608, 0.0698132, 0.942801
1.53589, 0.0698132, 0.946212
1.6057, 0.0698132, 0.945153
1.67552, 0.0698132, 0.93962
1.74533, 0.0698132, 0.92963
1.81514, 0.0698132, 0.915223
1.88496, 0.0698132, 0.89646
1.95477, 0.0698132, 0.873425
2.02458, 0.0698132, 0.846222
2.0944, 0.0698132, 0.814976
2.16421, 0.0698132, 0.779834
2.23402, 0.0698132, 0.74096
2.30383, 0.0698132, 0.698536
2.37365, 0.0698132, 0.652765
2.44346, 0.0698132, 0.603864
2.51327, 0.0698132, 0.552065
2.58309, 0.0698132, 0.497616
2.6529, 0.0698132, 0.440777
2.72271, 0.0698132, 0.381821
2.79253, 0.0698132, 0.32103
2.86234, 0.0698132, 0.258696
2.93215, 0.0698132, 0.195118
3.00197, 0.0698132, 0.130603
3.07178, 0.0698132, 0.0654587
0.0698132, 0.139626, 0.190389
0.139626, 0.139626, 0.241941
0.20944, 0.139626, 0.293493
0.279253, 0.139626, 0.344714
0.349066, 0.139626, 0.39528
0.418879, 0.139626, 0.444876
0.488692, 0.139626, 0.493193
0.558505, 0.139626, 0.539938
0.628319, 0.139626, 0.584825
0.698132, 0.139626, 0.627582
0.767945, 0.139626, 0.667954
0.837758, 0.139626, 0.705696
0.907571, 0.139626, 0.740582
0.977384, 0.139626, 0.772403
1.0472, 0.139626, 0.800965
1.11701, 0.139626, 0.826094
1.18682, 0.139626, 0.847636
1.25664, 0.139626, 0.865455
1.32645, 0.139626, 0.879435
1.39626, 0.139626, 0.889482
1.46608, 0.139626, 0.895522
1.53589, 0.139626, 0.897502
1.6057, 0.139626, 0.895389
1.67552, 0.139626, 0.889175
1.74533, 0.139626, 0.87887
1.81514, 0.139626, 0.864506
1.88496, 0.139626, 0.846136
1.95477, 0.139626, 0.823834
2.02458, 0.139626, 0.797692
2.0944, 0.139626, 0.767824
2.16421, 0.139626, 0.734363
2.23402, 0.139626, 0.697457
2.30383, 0.139626, 0.657276
2.37365, 0.139626, 0.614003
2.44346, 0.139626, 0.567838
2.51327, 0.139626, 0.518995
2.58309, 0.139626, 0.467702
2.6529, 0.139626, 0.414201
2.72271, 0.139626, 0.35874
2.79253, 0.139626, 0.301583
2.86234, 0.139626, 0.242999
2.93215, 0.139626, 0.183263
3.00197, 0.139626, 0.12266
3.07178, 0.139626, 0.0614757
0.0698132, 0.20944, 0.250368
0.139626, 0.20944, 0.293493
0.20944, 0.20944, 0.336949
0.279253, 0.20944, 0.380405
0.349066, 0.20944, 0.423538
0.418879, 0.20944, 0.466035
0.488692, 0.20944, 0.50759
0.558505, 0.20944, 0.547911
0.628319, 0.20944, 0.586718
0.698132, 0.20944, 0.623742
0.767945, 0.20944, 0.65873
0.837758, 0.20944, 0.691442
0.907571, 0.20944, 0.721656
0.977384, 0.20944, 0.749163
1.0472, 0.20944, 0.773775
1.11701, 0.20944, 0.795318
1.18682, 0.20944, 0.81364
1.25664, 0.20944, 0.828605
1.32645, 0.20944, 0.840098
1.39626, 0.20944, 0.848022
1.46608, 0.20944, 0.852303
1.53589, 0.20944, 0.852883
1.6057, 0.20944, 0.849728
1.67552, 0.20944, 0.842822
1.74533, 0.20944, 0.832169
1.81514, 0.20944, 0.817796
1.88496, 0.20944, 0.799745
1.95477, 0.20944, 0.778081
2.02458, 0.20944, 0.752888
2.0944, 0.20944, 0.724266
2.16421, 0.20944, 0.692335
2.23402, 0.20944, 0.657231
2.30383, 0.20944, 0.619107
2.37365, 0.20944, 0.578132
2.44346, 0.20944, 0.534489
2.51327, 0.20944, 0.488374
2.58309, 0.20944, 0.439998
2.6529, 0.20944, 0.389582
2.72271, 0.20944, 0.337357
2.79253, 0.20944, 0.283564
2.86234, 0.20944, 0.228452
2.93215, 0.20944, 0.172276
3.00197, 0.20944, 0.115299
3.07178, 0.20944, 0.057784
0.0698132, 0.279253, 0.309678
0.139626, 0.279253, 0.344714
0.20944, 0.279253, 0.380405
0.279253, 0.279253, 0.416419
0.349066, 0.279253, 0.452434
0.418879, 0.279253, 0.488135
0.488692, 0.279253, 0.52322
0.558505, 0.279253, 0.557399
0.628319, 0.279253, 0.590394
0.698132, 0.279253, 0.621938
0.767945, 0.279253, 0.651781
0.837758, 0.279253, 0.679687
0.907571, 0.279253, 0.705435
0.977384, 0.279253, 0.728819
1.0472, 0.279253, 0.749653
1.11701, 0.279253, 0.767764
1.18682, 0.279253, 0.783
1.25664, 0.279253, 0.795227
1.32645, 0.279253, 0.804328
1.39626, 0.279253, 0.810207
1.46608, 0.279253, 0.812783
1.53589, 0.279253, 0.812
1.6057, 0.279253, 0.807817
1.67552, 0.279253, 0.800214
1.74533, 0.279253, 0.78919
1.81514, 0.279253, 0.774762
1.88496, 0.279253, 0.756966
1.95477, 0.279253, 0.735859
2.02458, 0.279253, 0.711513
2.0944, 0.279253, 0.684017
2.16421, 0.279253, 0.65348
2.23402, 0.279253, 0.620025
2.30383, 0.279253, 0.58379
2.37365, 0.279253, 0.54493
2.44346, 0.279253, 0.503611
2.51327, 0.279253, 0.460016
2.58309, 0.279253, 0.414335
2.6529, 0.279253, 0.366772
2.72271, 0.279253, 0.317541
2.79253, 0.279253, 0.266863
2.86234, 0.279253, 0.214968
2.93215, 0.279253, 0.162092
3.00197, 0.279253, 0.108474
3.07178, 0.279253, 0.0543615
0.0698132, 0.349066, 0.367993
0.139626, 0.349066, 0.39528
0.20944, 0.349066, 0.423538
0.279253, 0.349066, 0.452434
0.349066, 0.349066, 0.481642
0.418879, 0.349066, 0.51085
0.488692, 0.349066, 0.539757
0.558505, 0.349066, 0.568072
0.628319, 0.349066, 0.595519
0.698132, 0.349066, 0.621835
0.767945, 0.349066, 0.64677
0.837758, 0.349066, 0.670091
0.907571, 0.349066, 0.691577
0.977384, 0.349066, 0.711027
1.0472, 0.349066, 0.728253
1.11701, 0.349066, 0.743085
1.18682, 0.349066, 0.755371
1.25664, 0.349066, 0.764975
1.32645, 0.349066, 0.771782
1.39626, 0.349066, 0.775692
1.46608, 0.349066, 0.776624
1.53589, 0.349066, 0.774517
1.6057, 0.349066, 0.769327
1.67552, 0.349066, 0.761028
1.74533, 0.349066, 0.749613
1.81514, 0.349066, 0.735095
1.88496, 0.349066, 0.7175
1.95477, 0.349066, 0.696876
2.02458, 0.349066, 0.673286
2.0944, 0.349066, 0.64681
2.16421, 0.349066, 0.617543
2.23402, 0.349066, 0.585597
2.30383, 0.349066, 0.551098
2.37365, 0.349066, 0.514185
2.44346, 0.349066, 0.475011
2.51327, 0.349066, 0.433742
2.58309, 0.349066, 0.390553
2.6529, 0.349066, 0.345631
2.72271, 0.349066, 0.299172
2.79253, 0.349066, 0.25138
2.86234, 0.349066, 0.202466
2.93215, 0.349066, 0.152647
3.00197, 0.349066, 0.102146
3.07178, 0.349066, 0.0511877
0.0698132, 0.418879, 0.424994
0.139626, 0.418879, 0.444876
0.20944, 0.418879, 0.466035
0.279253, 0.418879, 0.488135
0.349066, 0.418879, 0.51085
0.418879, 0.418879, 0.533867
0.488692, 0.418879, 0.556885
0.558505, 0.418879, 0.579613
0.628319, 0.418879, 0.601776
0.698132, 0.418879, 0.623113
0.767945, 0.418879, 0.643374
0.837758, 0.418879, 0.662328
0.907571, 0.418879, 0.679757
0.977384, 0.418879, 0.695458
1.0472, 0.418879, 0.709246
1.11701, 0.418879, 0.720952
1.18682, 0.418879, 0.730422
1.25664, 0.418879, 0.737522
1.32645, 0.418879, 0.742133
1.39626, 0.418879, 0.744155
1.46608, 0.418879, 0.743505
1.53589, 0.418879, 0.740117
1.6057, 0.418879, 0.733945
1.67552, 0.418879, 0.724957
1.74533, 0.418879, 0.713142
1.81514, 0.418879, 0.698503
1.88496, 0.418879, 0.681063
1.95477, 0.418879, 0.660859
2.02458, 0.418879, 0.637946
2.0944, 0.418879, 0.612393
2.16421, 0.418879, 0.584286
2.23402, 0.418879, 0.553723
2.30383, 0.418879, 0.52082
2.37365, 0.418879, 0.485701
2.44346, 0.418879, 0.448507
2.51327, 0.418879, 0.409387
2.58309, 0.418879, 0.368504
2.6529, 0.418879, 0.326026
2.72271, 0.418879, 0.282136
2.79253, 0.418879, 0.237018
2.86234, 0.418879, 0.190868
2.93215, 0.418879, 0.143886
3.00197, 0.418879, 0.0962749
3.07178, 0.418879, 0.048243
0.0698132, 0.488692, 0.48037
0.139626, 0.488692, 0.493193
0.20944, 0.488692, 0.50759
0.279253, 0.488692, 0.52322
0.349066, 0.488692, 0.539757
0.418879, 0.488692, 0.556885
0.488692, 0.488692, 0.574302
0.558505, 0.488692, 0.591718
0.628319, 0.488692, 0.60886
0.698132, 0.488692, 0.625465
0.767945, 0.488692, 0.641286
0.837758, 0.488692, 0.656091
0.907571, 0.488692, 0.669664
0.977384, 0.488692, 0.681803
1.0472, 0.488692, 0.692322
1.11701, 0.488692, 0.701053
1.18682, 0.488692, 0.707844
1.25664, 0.488692, 0.712556
1.32645, 0.488692, 0.715072
1.39626, 0.488692, 0.71529
1.46608, 0.488692, 0.713122
1.53589, 0.488692, 0.708502
1.6057, 0.488692, 0.701378
1.67552, 0.488692, 0.691714
1.74533, 0.488692, 0.679493
1.81514, 0.488692, 0.664714
1.88496, 0.488692, 0.647389
1.95477, 0.488692, 0.627551
2.02458, 0.488692, 0.605245
2.0944, 0.488692, 0.58053
2.16421, 0.488692, 0.553483
2.23402, 0.488692, 0.524191
2.30383, 0.488692, 0.492756
2.37365, 0.488692, 0.459293
2.44346, 0.488692, 0.423928
2.51327, 0.488692, 0.386797
2.58309, 0.488692, 0.348048
2.6529, 0.488692, 0.307836
2.72271, 0.488692, 0.266326
2.79253, 0.488692, 0.223689
2.86234, 0.488692, 0.180104
2.93215, 0.488692, 0.135753
3.00197, 0.488692, 0.0908247
3.07178, 0.488692, 0.0455093
0.0698132, 0.558505, 0.533822
0.139626, 0.558505, 0.539938
0.20944, 0.558505, 0.547911
0.279253, 0.558505, 0.557399
0.349066, 0.558505, 0.568072
0.418879, 0.558505, 0.579613
0.488692, 0.558505, 0.591718
0.558505, 0.558505, 0.604099
0.628319, 0.558505, 0.61648
0.698132, 0.558505, 0.6286
0.767945, 0.558505, 0.640213
0.837758, 0.558505, 0.651086
0.907571, 0.558505, 0.661004
0.977384, 0.558505, 0.669766
1.0472, 0.558505, 0.677187
1.11701, 0.558505, 0.683096
1.18682, 0.558505, 0.687342
1.25664, 0.558505, 0.689788
1.32645, 0.558505, 0.690311
1.39626, 0.558505, 0.688809
1.46608, 0.558505, 0.685193
1.53589, 0.558505, 0.679392
1.6057, 0.558505, 0.67135
1.67552, 0.558505, 0.661028
1.74533, 0.558505, 0.648403
1.81514, 0.558505, 0.633468
1.88496, 0.558505, 0.61623
1.95477, 0.558505, 0.596712
2.02458, 0.558505, 0.574952
2.0944, 0.558505, 0.551001
2.16421, 0.558505, 0.524924
2.23402, 0.558505, 0.496801
2.30383, 0.558505, 0.466721
2.37365, 0.558505, 0.434788
2.44346, 0.558505, 0.401115
2.51327, 0.558505, 0.365826
2.58309, 0.558505, 0.329055
2.6529, 0.558505, 0.290944
2.72271, 0.558505, 0.251642
2.79253, 0.558505, 0.211308
2.86234, 0.558505, 0.170104
2.93215, 0.558505, 0.128198
3.00197, 0.558505, 0.0857613
3.07178, 0.558505, 0.0429697
0.0698132, 0.628319, 0.58506
0.139626, 0.628319, 0.584825
0.20944, 0.628319, 0.586718
0.279253, 0.628319, 0.590394
0.349066, 0.628319, 0.595519
0.418879, 0.628319, 0.601776
0.488692, 0.628319, 0.60886
0.558505, 0.628319, 0.61648
0.628319, 0.628319, 0.624362
0.698132, 0.628319, 0.632244
0.767945, 0.628319, 0.639879
0.837758, 0.628319, 0.647037
0.907571, 0.628319, 0.653501
0.977384, 0.628319, 0.659071
1.0472, 0.628319, 0.663562
1.11701, 0.628319, 0.666803
1.18682, 0.628319, 0.668642
1.25664, 0.628319, 0.66894
1.32645, 0.628319, 0.667576
1.39626, 0.628319, 0.664442
1.46608, 0.628319, 0.659449
1.53589, 0.628319, 0.652522
1.6057, 0.628319, 0.643602
1.67552, 0.628319, 0.632645
1.74533, 0.628319, 0.619624
1.81514, 0.628319, 0.604525
1.88496, 0.628319, 0.58735
1.95477, 0.628319, 0.568115
2.02458, 0.628319, 0.546849
2.0944, 0.628319, 0.523596
2.16421, 0.628319, 0.498413
2.23402, 0.628319, 0.471367
2.30383, 0.628319, 0.442539
2.37365, 0.628319, 0.412022
2.44346, 0.628319, 0.379917
2.51327, 0.628319, 0.346336
2.58309, 0.628319, 0.311401
2.6529, 0.628319, 0.275241
2.72271, 0.628319, 0.237992
2.79253, 0.628319, 0.199798
2.86234, 0.628319, 0.160807
2.93215, 0.628319, 0.121173
3.00197, 0.628319, 0.0810531
3.07178, 0.628319, 0.0406081
0.0698132, 0.698132, 0.633809
0.139626, 0.698132, 0.627582
0.20944, 0.698132, 0.623742
0.279253, 0.698132, 0.621938
0.349066, 0.698132, 0.621835
0.418879, 0.698132, 0.623112
0.488692, 0.698132, 0.625465
0.558505, 0.698132, 0.6286
0.628319, 0.698132, 0.632244
0.698132, 0.698132, 0.636133
0.767945, 0.698132, 0.640023
0.837758, 0.698132, 0.643681
0.907571, 0.698132, 0.646892
0.977384, 0.698132, 0.649455
1.0472, 0.698132, 0.651186
1.11701, 0.698132, 0.651913
1.18682, 0.698132, 0.651482
1.25664, 0.698132, 0.649756
1.32645, 0.698132, 0.646609
1.39626, 0.698132, 0.641934
1.46608, 0.698132, 0.635638
1.53589, 0.698132, 0.627644
1.6057, 0.698132, 0.61789
1.67552, 0.698132, 0.606327
1.74533, 0.698132, 0.592922
1.81514, 0.698132, 0.577659
1.88496, 0.698132, 0.560531
1.95477, 0.698132, 0.541549
2.02458, 0.698132, 0.520734
2.0944, 0.698132, 0.498123
2.16421, 0.698132, 0.473763
2.23402, 0.698132, 0.447714
2.30383, 0.698132, 0.420047
2.37365, 0.698132, 0.390844
2.44346, 0.698132, 0.360195
2.51327, 0.698132, 0.328202
2.58309, 0.698132, 0.294973
2.6529, 0.698132, 0.260627
2.72271, 0.698132, 0.225287
2.79253, 0.698132, 0.189084
2.86234, 0.698132, 0.152152
2.93215, 0.698132, 0.114633
3.00197, 0.698132, 0.0766703
3.07178, 0.698132, 0.0384097
0.0698132, 0.767945, 0.679807
0.139626, 0.767945, 0.667954
0.20944, 0.767945, 0.65873
0.279253, 0.767945, 0.651781
0.349066, 0.767945, 0.64677
0.418879, 0.767945, 0.643374
0.488692, 0.767945, 0.641286
0.558505, 0.767945, 0.640213
0.628319, 0.767945, 0.639879
0.698132, 0.767945, 0.640023
0.767945, 0.767945, 0.640397
0.837758, 0.767945, 0.640772
0.907571, 0.767945, 0.640931
0.977384, 0.767945, 0.640673
1.0472, 0.767945, 0.639812
1.11701, 0.767945, 0.63818
1.18682, 0.767945, 0.635619
1.25664, 0.767945, 0.631991
1.32645, 0.767945, 0.62717
1.39626, 0.767945, 0.621047
1.46608, 0.767945, 0.613526
1.53589, 0.767945, 0.604528
1.6057, 0.767945, 0.593986
1.67552, 0.767945, 0.581849
1.74533, 0.767945, 0.56808
1.81514, 0.767945, 0.552656
1.88496, 0.767945, 0.535566
1.95477, 0.767945, 0.516814
2.02458, 0.767945, 0.496415
2.0944, 0.767945, 0.474398
2.16421, 0.767945, 0.450803
2.23402, 0.767945, 0.42568
2.30383, 0.767945, 0.399092
2.37365, 0.767945, 0.371111
2.44346, 0.767945, 0.341817
2.51327, 0.767945, 0.311302
2.58309, 0.767945, 0.279663
2.6529, 0.767945, 0.247007
2.72271, 0.767945, 0.213446
2.79253, 0.767945, 0.179098
2.86234, 0.767945, 0.144086
2.93215, 0.767945, 0.108538
3.00197, 0.767945, 0.0725849
3.07178, 0.767945, 0.0363605
0.0698132, 0.837758, 0.722806
0.139626, 0.837758, 0.705696
0.20944, 0.837758, 0.691442
0.279253, 0.837758, 0.679687
0.349066, 0.837758, 0.670091
0.418879, 0.837758, 0.662328
0.488692, 0.837758, 0.656091
0.558505, 0.837758, 0.651086
0.628319, 0.837758, 0.647037
0.698132, 0.837758, 0.643681
0.767945, 0.837758, 0.640772
0.837758, 0.837758, 0.638079
0.907571, 0.837758, 0.635386
0.977384, 0.837758, 0.632492
1.0472, 0.837758, 0.629212
1.11701, 0.837758, 0.625374
1.18682, 0.837758, 0.620823
1.25664, 0.837758, 0.615419
1.32645, 0.837758, 0.609034
1.39626, 0.837758, 0.601557
1.46608, 0.837758, 0.592892
1.53589, 0.837758, 0.582955
1.6057, 0.837758, 0.571677
1.67552, 0.837758, 0.559004
1.74533, 0.837758, 0.544894
1.81514, 0.837758, 0.529319
1.88496, 0.837758, 0.512264
1.95477, 0.837758, 0.493726
2.02458, 0.837758, 0.473715
2.0944, 0.837758, 0.452252
2.16421, 0.837758, 0.42937
2.23402, 0.837758, 0.405111
2.30383, 0.837758, 0.37953
2.37365, 0.837758, 0.352689
2.44346, 0.837758, 0.324661
2.51327, 0.837758, 0.295525
2.58309, 0.837758, 0.265371
2.6529, 0.837758, 0.234292
2.72271, 0.837758, 0.202391
2.79253, 0.837758, 0.169775
2.86234, 0.837758, 0.136555
2.93215, 0.837758, 0.102847
3.00197, 0.837758, 0.068771
3.07178, 0.837758, 0.0344475
0.0698132, 0.907571, 0.762575
0.139626, 0.907571, 0.740582
0.20944, 0.907571, 0.721656
0.279253, 0.907571, 0.705435
0.349066, 0.907571, 0.691577
0.418879, 0.907571, 0.679757
0.488692, 0.907571, 0.669664
0.558505, 0.907571, 0.661004
0.628319, 0.907571, 0.653501
0.698132, 0.907571, 0.646892
0.767945, 0.907571, 0.640931
0.837758, 0.907571, 0.635386
0.907571, 0.907571, 0.630042
0.977384, 0.907571, 0.624698
1.0472, 0.907571, 0.619168
1.11701, 0.907571, 0.613282
1.18682, 0.907571, 0.606882
1.25664, 0.907571, 0.599827
1.32645, 0.907571, 0.591989
1.39626, 0.907571, 0.583256
1.46608, 0.907571, 0.573529
1.53589, 0.907571, 0.562722
1.6057, 0.907571, 0.550763
1.67552, 0.907571, 0.537595
1.74533, 0.907571, 0.523172
1.81514, 0.907571, 0.507461
1.88496, 0.907571, 0.490444
1.95477, 0.907571, 0.472111
2.02458, 0.907571, 0.452466
2.0944, 0.907571, 0.431525
2.16421, 0.907571, 0.409312
2.23402, 0.907571, 0.385865
2.30383, 0.907571, 0.361228
2.37365, 0.907571, 0.335456
2.44346, 0.907571, 0.308612
2.51327, 0.907571, 0.280768
2.58309, 0.907571, 0.252002
2.6529, 0.907571, 0.2224
2.72271, 0.907571, 0.192052
2.79253, 0.907571, 0.161056
2.86234, 0.907571, 0.129512
2.93215, 0.907571, 0.0975255
3.00197, 0.907571, 0.0652041
3.07178, 0.907571, 0.0326584
0.0698132, 0.977384, 0.7989
0.139626, 0.977384, 0.772403
0.20944, 0.977384, 0.749163
0.279253, 0.977384, 0.728819
0.349066, 0.977384, 0.711027
0.418879, 0.977384, 0.695458
0.488692, 0.977384, 0.681803
0.558505, 0.977384, 0.669766
0.628319, 0.977384, 0.659071
0.698132, 0.977384, 0.649455
0.767945, 0.977384, 0.640673
0.837758, 0.977384, 0.632492
0.907571, 0.977384, 0.624698
0.977384, 0.977384, 0.61709
1.0472, 0.977384, 0.609482
1.11701, 0.977384, 0.601702
1.18682, 0.977384, 0.593595
1.25664, 0.977384, 0.585017
1.32645, 0.977384, 0.57584
1.39626, 0.977384, 0.56595
1.46608, 0.977384, 0.555246
1.53589, 0.977384, 0.54364
1.6057, 0.977384, 0.531059
1.67552, 0.977384, 0.517441
1.74533, 0.977384, 0.502737
1.81514, 0.977384, 0.486911
1.88496, 0.977384, 0.469939
1.95477, 0.977384, 0.451807
2.02458, 0.977384, 0.432514
2.0944, 0.977384, 0.412069
2.16421, 0.977384, 0.39049
2.23402, 0.977384, 0.367808
2.30383, 0.977384, 0.34406
2.37365, 0.977384, 0.319293
2.44346, 0.977384, 0.293563
2.51327, 0.977384, 0.266932
2.58309, 0.977384, 0.239469
2.6529, 0.977384, 0.211252
2.72271, 0.977384, 0.182362
2.79253, 0.977384, 0.152884
2.86234, 0.977384, 0.122912
2.93215, 0.977384, 0.0925383
3.00197, 0.977384, 0.0618618
3.07178, 0.977384, 0.0309819
0.0698132, 1.0472, 0.831587
0.139626, 1.0472, 0.800965
0.20944, 1.0472, 0.773775
0.279253, 1.0472, 0.749653
0.349066, 1.0472, 0.728253
0.418879, 1.0472, 0.709246
0.488692, 1.0472, 0.692322
0.558505, 1.0472, 0.677187
0.628319, 1.0472, 0.663562
0.698132, 1.0472, 0.651185
0.767945, 1.0472, 0.639812
0.837758, 1.0472, 0.629212
0.907571, 1.0472, 0.619168
0.977384, 1.0472, 0.609482
1.0472, 1.0472, 0.599966
1.11701, 1.0472, 0.590451
1.18682, 1.0472, 0.580778
1.25664, 1.0472, 0.570805
1.32645, 1.0472, 0.560404
1.39626, 1.0472, 0.549457
1.46608, 1.0472, 0.537864
1.53589, 1.0472, 0.525534
1.6057, 1.0472, 0.512392
1.67552, 1.0472, 0.498372
1.74533, 1.0472, 0.483424
1.81514, 1.0472, 0.467508
1.88496, 1.0472, 0.450593
1.95477, 1.0472, 0.432665
2.02458, 1.0472, 0.413714
2.0944, 1.0472, 0.393746
2.16421, 1.0472, 0.372772
2.23402, 1.0472, 0.350817
2.30383, 1.0472, 0.327911
2.37365, 1.0472, 0.304095
2.44346, 1.0472, 0.279415
2.51327, 1.0472, 0.253927
2.58309, 1.0472, 0.227692
2.6529, 1.0472, 0.200778
2.72271, 1.0472, 0.173258
2.79253, 1.0472, 0.145208
2.86234, 1.0472, 0.116712
2.93215, 1.0472, 0.0878543
3.00197, 1.0472, 0.0587227
3.07178, 1.0472, 0.0294074
0.0698132, 1.11701, 0.860458
0.139626, 1.11701, 0.826094
0.20944, 1.11701, 0.795318
0.279253, 1.11701, 0.767764
0.349066, 1.11701, 0.743085
0.418879, 1.11701, 0.720951
0.488692, 1.11701, 0.701053
0.558505, 1.11701, 0.683096
0.628319, 1.11701, 0.666803
0.698132, 1.11701, 0.651913
0.767945, 1.11701, 0.63818
0.837758, 1.11701, 0.625374
0.907571, 1.11701, 0.613281
0.977384, 1.11701, 0.601702
1.0472, 1.11701, 0.590451
1.11701, 1.11701, 0.579356
1.18682, 1.11701, 0.568261
1.25664, 1.11701, 0.557023
1.32645, 1.11701, 0.545512
1.39626, 1.11701, 0.533612
1.46608, 1.11701, 0.521218
1.53589, 1.11701, 0.508241
1.6057, 1.11701, 0.494601
1.67552, 1.11701, 0.480233
1.74533, 1.11701, 0.46508
1.81514, 1.11701, 0.449101
1.88496, 1.11701, 0.432263
1.95477, 1.11701, 0.414543
2.02458, 1.11701, 0.395932
2.0944, 1.11701, 0.376427
2.16421, 1.11701, 0.356036
2.23402, 1.11701, 0.334776
2.30383, 1.11701, 0.312673
2.37365, 1.11701, 0.289759
2.44346, 1.11701, 0.266075
2.51327, 1.11701, 0.241669
2.58309, 1.11701, 0.216594
2.6529, 1.11701, 0.19091
2.72271, 1.11701, 0.164682
2.79253, 1.11701, 0.137979
2.86234, 1.11701, 0.110874
2.93215, 1.11701, 0.083444
3.00197, 1.11701, 0.0557673
3.07178, 1.11701, 0.0279251
0.0698132, 1.18682, 0.885355
0.139626, 1.18682, 0.847636
0.20944, 1.18682, 0.81364
0.279253, 1.18682, 0.783
0.349066, 1.18682, 0.755371
0.418879, 1.18682, 0.730422
0.488692, 1.18682, 0.707843
0.558505, 1.18682, 0.687342
0.628319, 1.18682, 0.668642
0.698132, 1.18682, 0.651482
0.767945, 1.18682, 0.635619
0.837758, 1.18682, 0.620823
0.907571, 1.18682, 0.606881
0.977384, 1.18682, 0.593595
1.0472, 1.18682, 0.580778
1.11701, 1.18682, 0.568261
1.18682, 1.18682, 0.555888
1.25664, 1.18682, 0.543514
1.32645, 1.18682, 0.53101
1.39626, 1.18682, 0.518259
1.46608, 1.18682, 0.505157
1.53589, 1.18682, 0.49161
1.6057, 1.18682, 0.47754
1.67552, 1.18682, 0.462876
1.74533, 1.18682, 0.447563
1.81514, 1.18682, 0.431554
1.88496, 1.18682, 0.414813
1.95477, 1.18682, 0.397314
2.02458, 1.18682, 0.379044
2.0944, 1.18682, 0.359994
2.16421, 1.18682, 0.340169
2.23402, 1.18682, 0.319579
2.30383, 1.18682, 0.298245
2.37365, 1.18682, 0.276193
2.44346, 1.18682, 0.253457
2.51327, 1.18682, 0.230079
2.58309, 1.18682, 0.206105
2.6529, 1.18682, 0.181587
2.72271, 1.18682, 0.156582
2.79253, 1.18682, 0.131152
2.86234, 1.18682, 0.105362
2.93215, 1.18682, 0.0792801
3.00197, 1.18682, 0.0529772
3.07178, 1.18682, 0.0265258
0.0698132, 1.25664, 0.906143
0.139626, 1.25664, 0.865455
0.20944, 1.25664, 0.828605
0.279253, 1.25664, 0.795227
0.349066, 1.25664, 0.764975
0.418879, 1.25664, 0.737521
0.488692, 1.25664, 0.712556
0.558505, 1.25664, 0.689787
0.628319, 1.25664, 0.66894
0.698132, 1.25664, 0.649755
0.767945, 1.25664, 0.631991
0.837758, 1.25664, 0.615419
0.907571, 1.25664, 0.599826
0.977384, 1.25664, 0.585017
1.0472, 1.25664, 0.570805
1.11701, 1.25664, 0.557023
1.18682, 1.25664, 0.543514
1.25664, 1.25664, 0.530135
1.32645, 1.25664, 0.516755
1.39626, 1.25664, 0.503258
1.46608, 1.25664, 0.489539
1.53589, 1.25664, 0.475503
1.6057, 1.25664, 0.46107
1.67552, 1.25664, 0.44617
1.74533, 1.25664, 0.430742
1.81514, 1.25664, 0.414738
1.88496, 1.25664, 0.398119
1.95477, 1.25664, 0.380858
2.02458, 1.25664, 0.362934
2.0944, 1.25664, 0.344337
2.16421, 1.25664, 0.325066
2.23402, 1.25664, 0.305127
2.30383, 1.25664, 0.284535
2.37365, 1.25664, 0.26331
2.44346, 1.25664, 0.241482
2.51327, 1.25664, 0.219085
2.58309, 1.25664, 0.196159
2.6529, 1.25664, 0.17275
2.72271, 1.25664, 0.148907
2.79253, 1.25664, 0.124685
2.86234, 1.25664, 0.100141
2.93215, 1.25664, 0.0753372
3.00197, 1.25664, 0.0503355
3.07178, 1.25664, 0.0252011
0.0698132, 1.32645, 0.922706
0.139626, 1.32645, 0.879435
0.20944, 1.32645, 0.840098
0.279253, 1.32645, 0.804328
0.349066, 1.32645, 0.771782
0.418879, 1.32645, 0.742133
0.488692, 1.32645, 0.715072
0.558505, 1.32645, 0.690311
0.628319, 1.32645, 0.667575
0.698132, 1.32645, 0.646609
0.767945, 1.32645, 0.62717
0.837758, 1.32645, 0.609034
0.907571, 1.32645, 0.591989
0.977384, 1.32645, 0.57584
1.0472, 1.32645, 0.560404
1.11701, 1.32645, 0.545512
1.18682, 1.32645, 0.53101
1.25664, 1.32645, 0.516755
1.32645, 1.32645, 0.502617
1.39626, 1.32645, 0.48848
1.46608, 1.32645, 0.474236
1.53589, 1.32645, 0.459794
1.6057, 1.32645, 0.445069
1.67552, 1.32645, 0.42999
1.74533, 1.32645, 0.414496
1.81514, 1.32645, 0.398536
1.88496, 1.32645, 0.382069
1.95477, 1.32645, 0.365064
2.02458, 1.32645, 0.347497
2.0944, 1.32645, 0.329354
2.16421, 1.32645, 0.310631
2.23402, 1.32645, 0.291328
2.30383, 1.32645, 0.271456
2.37365, 1.32645, 0.251031
2.44346, 1.32645, 0.230077
2.51327, 1.32645, 0.20862
2.58309, 1.32645, 0.186697
2.6529, 1.32645, 0.164346
2.72271, 1.32645, 0.141611
2.79253, 1.32645, 0.118539
2.86234, 1.32645, 0.0951813
2.93215, 1.32645, 0.0715919
3.00197, 1.32645, 0.0478265
3.07178, 1.32645, 0.023943
0.0698132, 1.39626, 0.934949
0.139626, 1.39626, 0.889482
0.20944, 1.39626, 0.848022
0.279253, 1.39626, 0.810206
0.349066, 1.39626, 0.775692
0.418879, 1.39626, 0.744155
0.488692, 1.39626, 0.71529
0.558505, 1.39626, 0.688809
0.628319, 1.39626, 0.664442
0.698132, 1.39626, 0.641934
0.767945, 1.39626, 0.621047
0.837758, 1.39626, 0.601557
0.907571, 1.39626, 0.583256
0.977384, 1.39626, 0.56595
1.0472, 1.39626, 0.549457
1.11701, 1.39626, 0.533612
1.18682, 1.39626, 0.518259
1.25664, 1.39626, 0.503258
1.32645, 1.39626, 0.48848
1.39626, 1.39626, 0.473807
1.46608, 1.39626, 0.459134
1.53589, 1.39626, 0.444366
1.6057, 1.39626, 0.429421
1.67552, 1.39626, 0.414225
1.74533, 1.39626, 0.398717
1.81514, 1.39626, 0.382842
1.88496, 1.39626, 0.366558
1.95477, 1.39626, 0.349831
2.02458, 1.39626, 0.332635
2.0944, 1.39626, 0.314952
2.16421, 1.39626, 0.296774
2.23402, 1.39626, 0.278099
2.30383, 1.39626, 0.258931
2.37365, 1.39626, 0.239283
2.44346, 1.39626, 0.219172
2.51327, 1.39626, 0.198622
2.58309, 1.39626, 0.177663
2.6529, 1.39626, 0.156326
2.72271, 1.39626, 0.134651
2.79253, 1.39626, 0.112678
2.86234, 1.39626, 0.0904532
2.93215, 1.39626, 0.0680224
3.00197, 1.39626, 0.0454358
3.07178, 1.39626, 0.0227442
0.0698132, 1.46608, 0.942801
0.139626, 1.46608, 0.895522
0.20944, 1.46608, 0.852303
0.279253, 1.46608, 0.812783
0.349066, 1.46608, 0.776624
0.418879, 1.46608, 0.743505
0.488692, 1.46608, 0.713122
0.558505, 1.46608, 0.685193
0.628319, 1.46608, 0.659449
0.698132, 1.46608, 0.635638
0.767945, 1.46608, 0.613526
0.837758, 1.46608, 0.592892
0.907571, 1.46608, 0.573529
0.977384, 1.46608, 0.555246
1.0472, 1.46608, 0.537864
1.11701, 1.46608, 0.521218
1.18682, 1.46608, 0.505157
1.25664, 1.46608, 0.489539
1.32645, 1.46608, 0.474236
1.39626, 1.46608, 0.459134
1.46608, 1.46608, 0.444125
1.53589, 1.46608, 0.429116
1.6057, 1.46608, 0.414024
1.67552, 1.46608, 0.398774
1.74533, 1.46608, 0.383303
1.81514, 1.46608, 0.367557
1.88496, 1.46608, 0.35149
1.95477, 1.46608, 0.335067
2.02458, 1.46608, 0.318259
2.0944, 1.46608, 0.301046
2.16421, 1.46608, 0.283415
2.23402, 1.46608, 0.265361
2.30383, 1.46608, 0.246886
2.37365, 1.46608, 0.227996
2.44346, 1.46608, 0.208706
2.51327, 1.46608, 0.189034
2.58309, 1.46608, 0.169005
2.6529, 1.46608, 0.148645
2.72271, 1.46608, 0.127989
2.79253, 1.46608, 0.107071
2.86234, 1.46608, 0.0859304
2.93215, 1.46608, 0.0646089
3.00197, 1.46608, 0.0431499
3.07178, 1.46608, 0.0215982
0.0698132, 1.53589, 0.946212
0.139626, 1.53589, 0.897501
0.20944, 1.53589, 0.852883
0.279253, 1.53589, 0.812
0.349066, 1.53589, 0.774517
0.418879, 1.53589, 0.740117
0.488692, 1.53589, 0.708502
0.558505, 1.53589, 0.679391
0.628319, 1.53589, 0.652521
0.698132, 1.53589, 0.627644
0.767945, 1.53589, 0.604528
0.837758, 1.53589, 0.582954
0.907571, 1.53589, 0.562722
0.977384, 1.53589, 0.54364
1.0472, 1.53589, 0.525534
1.11701, 1.53589, 0.508241
1.18682, 1.53589, 0.49161
1.25664, 1.53589, 0.475503
1.32645, 1.53589, 0.459794
1.39626, 1.53589, 0.444366
1.46608, 1.53589, 0.429116
1.53589, 1.53589, 0.41395
1.6057, 1.53589, 0.398783
1.67552, 1.53589, 0.383543
1.74533, 1.53589, 0.368164
1.81514, 1.53589, 0.352592
1.88496, 1.53589, 0.336779
1.95477, 1.53589, 0.320688
2.02458, 1.53589, 0.304288
2.0944, 1.53589, 0.287556
2.16421, 1.53589, 0.270478
2.23402, 1.53589, 0.253045
2.30383, 1.53589, 0.235254
2.37365, 1.53589, 0.21711
2.44346, 1.53589, 0.198622
2.51327, 1.53589, 0.179804
2.58309, 1.53589, 0.160676
2.6529, 1.53589, 0.141262
2.72271, 1.53589, 0.121588
2.79253, 1.53589, 0.101686
2.86234, 1.53589, 0.0815887
2.93215, 1.53589, 0.061333
3.00197, 1.53589, 0.0409565
3.07178, 1.53589, 0.0204987
0.0698132, 1.6057, 0.945153
0.139626, 1.6057, 0.895389
0.20944, 1.6057, 0.849728
0.279253, 1.6057, 0.807817
0.349066, 1.6057, 0.769327
0.418879, 1.6057, 0.733945
0.488692, 1.6057, 0.701378
0.558505, 1.6057, 0.67135
0.628319, 1.6057, 0.643601
0.698132, 1.6057, 0.617889
0.767945, 1.6057, 0.593986
0.837758, 1.6057, 0.571677
0.907571, 1.6057, 0.550763
0.977384, 1.6057, 0.531059
1.0472, 1.6057, 0.512392
1.11701, 1.6057, 0.494601
1.18682, 1.6057, 0.477539
1.25664, 1.6057, 0.46107
1.32645, 1.6057, 0.445069
1.39626, 1.6057, 0.429421
1.46608, 1.6057, 0.414023
1.53589, 1.6057, 0.398783
1.6057, 1.6057, 0.383617
1.67552, 1.6057, 0.36845
1.74533, 1.6057, 0.353219
1.81514, 1.6057, 0.337867
1.88496, 1.6057, 0.322346
1.95477, 1.6057, 0.306617
2.02458, 1.6057, 0.290648
2.0944, 1.6057, 0.274414
2.16421, 1.6057, 0.257897
2.23402, 1.6057, 0.241087
2.30383, 1.6057, 0.223977
2.37365, 1.6057, 0.206568
2.44346, 1.6057, 0.188867
2.51327, 1.6057, 0.170884
2.58309, 1.6057, 0.152634
2.6529, 1.6057, 0.134137
2.72271, 1.6057, 0.115415
2.79253, 1.6057, 0.0964953
2.86234, 1.6057, 0.0774057
2.93215, 1.6057, 0.0581778
3.00197, 1.6057, 0.0388445
3.07178, 1.6057, 0.0194401
0.0698132, 1.67552, 0.93962
0.139626, 1.67552, 0.889175
0.20944, 1.67552, 0.842822
0.279253, 1.67552, 0.800214
0.349066, 1.67552, 0.761028
0.418879, 1.67552, 0.724957
0.488692, 1.67552, 0.691714
0.558505, 1.67552, 0.661028
0.628319, 1.67552, 0.632645
0.698132, 1.67552, 0.606326
0.767945, 1.67552, 0.581849
0.837758, 1.67552, 0.559003
0.907571, 1.67552, 0.537595
0.977384, 1.67552, 0.517441
1.0472, 1.67552, 0.498372
1.11701, 1.67552, 0.480232
1.18682, 1.67552, 0.462876
1.25664, 1.67552, 0.446169
1.32645, 1.67552, 0.42999
1.39626, 1.67552, 0.414225
1.46608, 1.67552, 0.398774
1.53589, 1.67552, 0.383543
1.6057, 1.67552, 0.36845
1.67552, 1.67552, 0.353422
1.74533, 1.67552, 0.338395
1.81514, 1.67552, 0.32331
1.88496, 1.67552, 0.308121
1.95477, 1.67552, 0.292786
2.02458, 1.67552, 0.277273
2.0944, 1.67552, 0.261554
2.16421, 1.67552, 0.24561
2.23402, 1.67552, 0.229427
2.30383, 1.67552, 0.212997
2.37365, 1.67552, 0.196319
2.44346, 1.67552, 0.179394
2.51327, 1.67552, 0.162231
2.58309, 1.67552, 0.14484
2.6529, 1.67552, 0.127237
2.72271, 1.67552, 0.109441
2.79253, 1.67552, 0.0914744
2.86234, 1.67552, 0.0733611
2.93215, 1.67552, 0.055128
3.00197, 1.67552, 0.0368034
3.07178, 1.67552, 0.0184172
0.0698132, 1.74533, 0.92963
0.139626, 1.74533, 0.87887
0.20944, 1.74533, 0.832169
0.279253, 1.74533, 0.78919
0.349066, 1.74533, 0.749613
0.418879, 1.74533, 0.713142
0.488692, 1.74533, 0.679493
0.558505, 1.74533, 0.648403
0.628319, 1.74533, 0.619624
0.698132, 1.74533, 0.592922
0.767945, 1.74533, 0.56808
0.837758, 1.74533, 0.544893
0.907571, 1.74533, 0.523172
0.977384, 1.74533, 0.502737
1.0472, 1.74533, 0.483424
1.11701, 1.74533, 0.46508
1.18682, 1.74533, 0.447563
1.25664, 1.74533, 0.430742
1.32645, 1.74533, 0.414496
1.39626, 1.74533, 0.398717
1.46608, 1.74533, 0.383303
1.53589, 1.74533, 0.368164
1.6057, 1.74533, 0.353219
1.67552, 1.74533, 0.338395
1.74533, 1.74533, 0.323626
1.81514, 1.74533, 0.308858
1.88496, 1.74533, 0.294042
1.95477, 1.74533, 0.279134
2.02458, 1.74533, 0.264103
2.0944, 1.74533, 0.248919
2.16421, 1.74533, 0.233561
2.23402, 1.74533, 0.218014
2.30383, 1.74533, 0.202267
2.37365, 1.74533, 0.186316
2.44346, 1.74533, 0.17016
2.51327, 1.74533, 0.153805
2.58309, 1.74533, 0.137257
2.6529, 1.74533, 0.12053
2.72271, 1.74533, 0.103638
2.79253, 1.74533, 0.0865999
2.86234, 1.74533, 0.0694362
2.93215, 1.74533, 0.0521695
3.00197, 1.74533, 0.034824
3.07178, 1.74533, 0.0174254
0.0698132, 1.81514, 0.915223
0.139626, 1.81514, 0.864506
0.20944, 1.81514, 0.817795
0.279253, 1.81514, 0.774761
0.349066, 1.81514, 0.735094
0.418879, 1.81514, 0.698503
0.488692, 1.81514, 0.664713
0.558505, 1.81514, 0.633468
0.628319, 1.81514, 0.604525
0.698132, 1.81514, 0.577658
0.767945, 1.81514, 0.552656
0.837758, 1.81514, 0.529318
0.907571, 1.81514, 0.507461
0.977384, 1.81514, 0.486911
1.0472, 1.81514, 0.467507
1.11701, 1.81514, 0.449101
1.18682, 1.81514, 0.431553
1.25664, 1.81514, 0.414738
1.32645, 1.81514, 0.398536
1.39626, 1.81514, 0.382842
1.46608, 1.81514, 0.367557
1.53589, 1.81514, 0.352592
1.6057, 1.81514, 0.337867
1.67552, 1.81514, 0.32331
1.74533, 1.81514, 0.308858
1.81514, 1.81514, 0.294455
1.88496, 1.81514, 0.280052
1.95477, 1.81514, 0.265607
2.02458, 1.81514, 0.251085
2.0944, 1.81514, 0.236458
2.16421, 1.81514, 0.221702
2.23402, 1.81514, 0.2068
2.30383, 1.81514, 0.191741
2.37365, 1.81514, 0.176517
2.44346, 1.81514, 0.161126
2.51327, 1.81514, 0.14557
2.58309, 1.81514, 0.129854
2.6529, 1.81514, 0.113987
2.72271, 1.81514, 0.097981
2.79253, 1.81514, 0.0818511
2.86234, 1.81514, 0.0656143
2.93215, 1.81514, 0.0492897
3.00197, 1.81514, 0.0328978
3.07178, 1.81514, 0.0164604
0.0698132, 1.88496, 0.89646
0.139626, 1.88496, 0.846136
0.20944, 1.88496, 0.799745
0.279253, 1.88496, 0.756966
0.349066, 1.88496, 0.7175
0.418879, 1.88496, 0.681063
0.488692, 1.88496, 0.647389
0.558505, 1.88496, 0.61623
0.628319, 1.88496, 0.58735
0.698132, 1.88496, 0.560531
0.767945, 1.88496, 0.535566
0.837758, 1.88496, 0.512263
0.907571, 1.88496, 0.490443
0.977384, 1.88496, 0.469939
1.0472, 1.88496, 0.450593
1.11701, 1.88496, 0.432262
1.18682, 1.88496, 0.414812
1.25664, 1.88496, 0.398119
1.32645, 1.88496, 0.382069
1.39626, 1.88496, 0.366558
1.46608, 1.88496, 0.35149
1.53589, 1.88496, 0.336779
1.6057, 1.88496, 0.322346
1.67552, 1.88496, 0.308121
1.74533, 1.88496, 0.294041
1.81514, 1.88496, 0.280052
1.88496, 1.88496, 0.266104
1.95477, 1.88496, 0.252156
2.02458, 1.88496, 0.238173
2.0944, 1.88496, 0.224125
2.16421, 1.88496, 0.209988
2.23402, 1.88496, 0.195744
2.30383, 1.88496, 0.181379
2.37365, 1.88496, 0.166886
2.44346, 1.88496, 0.152258
2.51327, 1.88496, 0.137495
2.58309, 1.88496, 0.122602
2.6529, 1.88496, 0.107583
2.72271, 1.88496, 0.092448
2.79253, 1.88496, 0.0772092
2.86234, 1.88496, 0.0618803
2.93215, 1.88496, 0.0464772
3.00197, 1.88496, 0.031017
3.07178, 1.88496, 0.0155182
0.0698132, 1.95477, 0.873425
0.139626, 1.95477, 0.823834
0.20944, 1.95477, 0.778081
0.279253, 1.95477, 0.735859
0.349066, 1.95477, 0.696876
0.418879, 1.95477, 0.660859
0.488692, 1.95477, 0.627551
0.558505, 1.95477, 0.596712
0.628319, 1.95477, 0.568115
0.698132, 1.95477, 0.541548
0.767945, 1.95477, 0.516814
0.837758, 1.95477, 0.493726
0.907571, 1.95477, 0.47211
0.977384, 1.95477, 0.451807
1.0472, 1.95477, 0.432664
1.11701, 1.95477, 0.414543
1.18682, 1.95477, 0.397314
1.25664, 1.95477, 0.380858
1.32645, 1.95477, 0.365064
1.39626, 1.95477, 0.349831
1.46608, 1.95477, 0.335067
1.53589, 1.95477, 0.320687
1.6057, 1.95477, 0.306617
1.67552, 1.95477, 0.292786
1.74533, 1.95477, 0.279134
1.81514, 1.95477, 0.265607
1.88496, 1.95477, 0.252156
1.95477, 1.95477, 0.238741
2.02458, 1.95477, 0.225326
2.0944, 1.95477, 0.211881
2.16421, 1.95477, 0.198381
2.23402, 1.95477, 0.184808
2.30383, 1.95477, 0.171147
2.37365, 1.95477, 0.157388
2.44346, 1.95477, 0.143523
2.51327, 1.95477, 0.129552
2.58309, 1.95477, 0.115474
2.6529, 1.95477, 0.101294
2.72271, 1.95477, 0.087019
2.79253, 1.95477, 0.0726573
2.86234, 1.95477, 0.0582205
2.93215, 1.95477, 0.0437216
3.00197, 1.95477, 0.0291748
3.07178, 1.95477, 0.0145956
0.0698132, 2.02458, 0.846222
0.139626, 2.02458, 0.797692
0.20944, 2.02458, 0.752888
0.279253, 2.02458, 0.711512
0.349066, 2.02458, 0.673286
0.418879, 2.02458, 0.637945
0.488692, 2.02458, 0.605245
0.558505, 2.02458, 0.574952
0.628319, 2.02458, 0.546849
0.698132, 2.02458, 0.520734
0.767945, 2.02458, 0.496415
0.837758, 2.02458, 0.473715
0.907571, 2.02458, 0.452466
0.977384, 2.02458, 0.432514
1.0472, 2.02458, 0.413714
1.11701, 2.02458, 0.395932
1.18682, 2.02458, 0.379043
1.25664, 2.02458, 0.362934
1.32645, 2.02458, 0.347496
1.39626, 2.02458, 0.332634
1.46608, 2.02458, 0.318259
1.53589, 2.02458, 0.304288
1.6057, 2.02458, 0.290648
1.67552, 2.02458, 0.277273
1.74533, 2.02458, 0.264103
1.81514, 2.02458, 0.251085
1.88496, 2.02458, 0.238173
1.95477, 2.02458, 0.225326
2.02458, 2.02458, 0.212508
2.0944, 2.02458, 0.19969
2.16421, 2.02458, 0.186848
2.23402, 2.02458, 0.173961
2.30383, 2.02458, 0.161013
2.37365, 2.02458, 0.147994
2.44346, 2.02458, 0.134896
2.51327, 2.02458, 0.121715
2.58309, 2.02458, 0.108449
2.6529, 2.02458, 0.0951014
2.72271, 2.02458, 0.0816763
2.79253, 2.02458, 0.0681805
2.86234, 2.02458, 0.0546228
2.93215, 2.02458, 0.0410138
3.00197, 2.02458, 0.0273651
3.07178, 2.02458, 0.0136894
0.0698132, 2.0944, 0.814976
0.139626, 2.0944, 0.767824
0.20944, 2.0944, 0.724266
0.279253, 2.0944, 0.684017
0.349066, 2.0944, 0.64681
0.418879, 2.0944, 0.612393
0.488692, 2.0944, 0.58053
0.558505, 2.0944, 0.551
0.628319, 2.0944, 0.523596
0.698132, 2.0944, 0.498123
0.767945, 2.0944, 0.474398
0.837758, 2.0944, 0.452252
0.907571, 2.0944, 0.431525
0.977384, 2.0944, 0.412069
1.0472, 2.0944, 0.393745
1.11701, 2.0944, 0.376427
1.18682, 2.0944, 0.359994
1.25664, 2.0944, 0.344337
1.32645, 2.0944, 0.329354
1.39626, 2.0944, 0.314952
1.46608, 2.0944, 0.301045
1.53589, 2.0944, 0.287556
1.6057, 2.0944, 0.274414
1.67552, 2.0944, 0.261554
1.74533, 2.0944, 0.248919
1.81514, 2.0944, 0.236458
1.88496, 2.0944, 0.224125
1.95477, 2.0944, 0.211881
2.02458, 2.0944, 0.19969
2.0944, 2.0944, 0.187525
2.16421, 2.0944, 0.175359
2.23402, 2.0944, 0.163173
2.30383, 2.0944, 0.150951
2.37365, 2.0944, 0.13868
2.44346, 2.0944, 0.126352
2.51327, 2.0944, 0.113962
2.58309, 2.0944, 0.101506
2.6529, 2.0944, 0.088986
2.72271, 2.0944, 0.0764041
2.79253, 2.0944, 0.0637654
2.86234, 2.0944, 0.0510765
2.93215, 2.0944, 0.0383457
3.00197, 2.0944, 0.0255824
3.07178, 2.0944, 0.0127968
0.0698132, 2.16421, 0.779834
0.139626, 2.16421, 0.734363
0.20944, 2.16421, 0.692335
0.279253, 2.16421, 0.65348
0.349066, 2.16421, 0.617543
0.418879, 2.16421, 0.584285
0.488692, 2.16421, 0.553482
0.558505, 2.16421, 0.524924
0.628319, 2.16421, 0.498412
0.698132, 2.16421, 0.473763
0.767945, 2.16421, 0.450803
0.837758, 2.16421, 0.429369
0.907571, 2.16421, 0.409312
0.977384, 2.16421, 0.39049
1.0472, 2.16421, 0.372772
1.11701, 2.16421, 0.356036
1.18682, 2.16421, 0.340169
1.25664, 2.16421, 0.325066
1.32645, 2.16421, 0.31063
1.39626, 2.16421, 0.296774
1.46608, 2.16421, 0.283415
1.53589, 2.16421, 0.270478
1.6057, 2.16421, 0.257897
1.67552, 2.16421, 0.24561
1.74533, 2.16421, 0.233561
1.81514, 2.16421, 0.221702
1.88496, 2.16421, 0.209988
1.95477, 2.16421, 0.198381
2.02458, 2.16421, 0.186848
2.0944, 2.16421, 0.175359
2.16421, 2.16421, 0.163891
2.23402, 2.16421, 0.152422
2.30383, 2.16421, 0.140937
2.37365, 2.16421, 0.129423
2.44346, 2.16421, 0.117871
2.51327, 2.16421, 0.106273
2.58309, 2.16421, 0.0946274
2.6529, 2.16421, 0.0829322
2.72271, 2.16421, 0.0711888
2.79253, 2.16421, 0.0594005
2.86234, 2.16421, 0.0475722
2.93215, 2.16421, 0.0357101
3.00197, 2.16421, 0.0238218
3.07178, 2.16421, 0.0119155
0.0698132, 2.23402, 0.74096
0.139626, 2.23402, 0.697457
0.20944, 2.23402, 0.657231
0.279253, 2.23402, 0.620024
0.349066, 2.23402, 0.585597
0.418879, 2.23402, 0.553723
0.488692, 2.23402, 0.524191
0.558505, 2.23402, 0.496801
0.628319, 2.23402, 0.471367
0.698132, 2.23402, 0.447714
0.767945, 2.23402, 0.42568
0.837758, 2.23402, 0.405111
0.907571, 2.23402, 0.385865
0.977384, 2.23402, 0.367808
1.0472, 2.23402, 0.350817
1.11701, 2.23402, 0.334776
1.18682, 2.23402, 0.319579
1.25664, 2.23402, 0.305127
1.32645, 2.23402, 0.291328
1.39626, 2.23402, 0.278098
1.46608, 2.23402, 0.265361
1.53589, 2.23402, 0.253045
1.6057, 2.23402, 0.241086
1.67552, 2.23402, 0.229427
1.74533, 2.23402, 0.218014
1.81514, 2.23402, 0.2068
1.88496, 2.23402, 0.195744
1.95477, 2.23402, 0.184808
2.02458, 2.23402, 0.173961
2.0944, 2.23402, 0.163173
2.16421, 2.23402, 0.152422
2.23402, 2.23402, 0.141687
2.30383, 2.23402, 0.130953
2.37365, 2.23402, 0.120205
2.44346, 2.23402, 0.109434
2.51327, 2.23402, 0.0986332
2.58309, 2.23402, 0.0877981
2.6529, 2.23402, 0.0769265
2.72271, 2.23402, 0.0660184
2.79253, 2.23402, 0.0550756
2.86234, 2.23402, 0.0441015
2.93215, 2.23402, 0.0331008
3.00197, 2.23402, 0.0220792
3.07178, 2.23402, 0.0110432
0.0698132, 2.30383, 0.698536
0.139626, 2.30383, 0.657276
0.20944, 2.30383, 0.619107
0.279253, 2.30383, 0.58379
0.349066, 2.30383, 0.551098
0.418879, 2.30383, 0.52082
0.488692, 2.30383, 0.492756
0.558505, 2.30383, 0.466721
0.628319, 2.30383, 0.442539
0.698132, 2.30383, 0.420047
0.767945, 2.30383, 0.399092
0.837758, 2.30383, 0.37953
0.907571, 2.30383, 0.361227
0.977384, 2.30383, 0.34406
1.0472, 2.30383, 0.327911
1.11701, 2.30383, 0.312673
1.18682, 2.30383, 0.298245
1.25664, 2.30383, 0.284534
1.32645, 2.30383, 0.271456
1.39626, 2.30383, 0.258931
1.46608, 2.30383, 0.246885
1.53589, 2.30383, 0.235254
1.6057, 2.30383, 0.223977
1.67552, 2.30383, 0.212997
1.74533, 2.30383, 0.202267
1.81514, 2.30383, 0.191741
1.88496, 2.30383, 0.181379
1.95477, 2.30383, 0.171147
2.02458, 2.30383, 0.161013
2.0944, 2.30383, 0.150951
2.16421, 2.30383, 0.140937
2.23402, 2.30383, 0.130953
2.30383, 2.30383, 0.120981
2.37365, 2.30383, 0.111009
2.44346, 2.30383, 0.101027
2.51327, 2.30383, 0.0910276
2.58309, 2.30383, 0.0810053
2.6529, 2.30383, 0.0709573
2.72271, 2.30383, 0.0608826
2.79253, 2.30383, 0.0507819
2.86234, 2.30383, 0.0406574
2.93215, 2.30383, 0.0305123
3.00197, 2.30383, 0.0203509
3.07178, 2.30383, 0.0101783
0.0698132, 2.37365, 0.652765
0.139626, 2.37365, 0.614003
0.20944, 2.37365, 0.578132
0.279253, 2.37365, 0.544929
0.349066, 2.37365, 0.514185
0.418879, 2.37365, 0.485701
0.488692, 2.37365, 0.459293
0.558505, 2.37365, 0.434788
0.628319, 2.37365, 0.412022
0.698132, 2.37365, 0.390843
0.767945, 2.37365, 0.37111
0.837758, 2.37365, 0.352689
0.907571, 2.37365, 0.335455
0.977384, 2.37365, 0.319293
1.0472, 2.37365, 0.304094
1.11701, 2.37365, 0.289759
1.18682, 2.37365, 0.276193
1.25664, 2.37365, 0.26331
1.32645, 2.37365, 0.251031
1.39626, 2.37365, 0.239282
1.46608, 2.37365, 0.227996
1.53589, 2.37365, 0.21711
1.6057, 2.37365, 0.206568
1.67552, 2.37365, 0.196319
1.74533, 2.37365, 0.186316
1.81514, 2.37365, 0.176517
1.88496, 2.37365, 0.166885
1.95477, 2.37365, 0.157388
2.02458, 2.37365, 0.147994
2.0944, 2.37365, 0.13868
2.16421, 2.37365, 0.129423
2.23402, 2.37365, 0.120205
2.30383, 2.37365, 0.111009
2.37365, 2.37365, 0.101824
2.44346, 2.37365, 0.0926379
2.51327, 2.37365, 0.0834446
2.58309, 2.37365, 0.074238
2.6529, 2.37365, 0.0650147
2.72271, 2.37365, 0.0557728
2.79253, 2.37365, 0.0465121
2.86234, 2.37365, 0.0372338
2.93215, 2.37365, 0.02794
3.00197, 2.37365, 0.0186339
3.07178, 2.37365, 0.00931916
0.0698132, 2.44346, 0.603864
0.139626, 2.44346, 0.567838
0.20944, 2.44346, 0.534489
0.279253, 2.44346, 0.503611
0.349066, 2.44346, 0.475011
0.418879, 2.44346, 0.448507
0.488692, 2.44346, 0.423928
0.558505, 2.44346, 0.401115
0.628319, 2.44346, 0.379917
0.698132, 2.44346, 0.360195
0.767945, 2.44346, 0.341817
0.837758, 2.44346, 0.324661
0.907571, 2.44346, 0.308612
0.977384, 2.44346, 0.293563
1.0472, 2.44346, 0.279415
1.11701, 2.44346, 0.266075
1.18682, 2.44346, 0.253457
1.25664, 2.44346, 0.241482
1.32645, 2.44346, 0.230076
1.39626, 2.44346, 0.219172
1.46608, 2.44346, 0.208706
1.53589, 2.44346, 0.198622
1.6057, 2.44346, 0.188867
1.67552, 2.44346, 0.179394
1.74533, 2.44346, 0.17016
1.81514, 2.44346, 0.161126
1.88496, 2.44346, 0.152258
1.95477, 2.44346, 0.143523
2.02458, 2.44346, 0.134896
2.0944, 2.44346, 0.126352
2.16421, 2.44346, 0.117871
2.23402, 2.44346, 0.109434
2.30383, 2.44346, 0.101027
2.37365, 2.44346, 0.0926379
2.44346, 2.44346, 0.0842564
2.51327, 2.44346, 0.0758748
2.58309, 2.44346, 0.0674875
2.6529, 2.44346, 0.0590905
2.72271, 2.44346, 0.0506817
2.79253, 2.44346, 0.0422599
2.86234, 2.44346, 0.0338256
2.93215, 2.44346, 0.0253801
3.00197, 2.44346, 0.0169255
3.07178, 2.44346, 0.00846439
0.0698132, 2.51327, 0.552065
0.139626, 2.51327, 0.518995
0.20944, 2.51327, 0.488374
0.279253, 2.51327, 0.460015
0.349066, 2.51327, 0.433742
0.418879, 2.51327, 0.409387
0.488692, 2.51327, 0.386797
0.558505, 2.51327, 0.365826
0.628319, 2.51327, 0.346336
0.698132, 2.51327, 0.328201
0.767945, 2.51327, 0.311302
0.837758, 2.51327, 0.295525
0.907571, 2.51327, 0.280767
0.977384, 2.51327, 0.266932
1.0472, 2.51327, 0.253927
1.11701, 2.51327, 0.241668
1.18682, 2.51327, 0.230079
1.25664, 2.51327, 0.219085
1.32645, 2.51327, 0.20862
1.39626, 2.51327, 0.198622
1.46608, 2.51327, 0.189034
1.53589, 2.51327, 0.179804
1.6057, 2.51327, 0.170884
1.67552, 2.51327, 0.162231
1.74533, 2.51327, 0.153804
1.81514, 2.51327, 0.14557
1.88496, 2.51327, 0.137495
1.95477, 2.51327, 0.129552
2.02458, 2.51327, 0.121715
2.0944, 2.51327, 0.113962
2.16421, 2.51327, 0.106273
2.23402, 2.51327, 0.0986332
2.30383, 2.51327, 0.0910275
2.37365, 2.51327, 0.0834446
2.44346, 2.51327, 0.0758748
2.51327, 2.51327, 0.0683107
2.58309, 2.51327, 0.0607466
2.6529, 2.51327, 0.0531783
2.72271, 2.51327, 0.0456034
2.79253, 2.51327, 0.0380203
2.86234, 2.51327, 0.0304287
2.93215, 2.51327, 0.0228293
3.00197, 2.51327, 0.0152234
3.07178, 2.51327, 0.00761293
0.0698132, 2.58309, 0.497616
0.139626, 2.58309, 0.467702
0.20944, 2.58309, 0.439998
0.279253, 2.58309, 0.414335
0.349066, 2.58309, 0.390553
0.418879, 2.58309, 0.368504
0.488692, 2.58309, 0.348048
0.558505, 2.58309, 0.329055
0.628319, 2.58309, 0.311401
0.698132, 2.58309, 0.294973
0.767945, 2.58309, 0.279663
0.837758, 2.58309, 0.26537
0.907571, 2.58309, 0.252002
0.977384, 2.58309, 0.239469
1.0472, 2.58309, 0.227692
1.11701, 2.58309, 0.216594
1.18682, 2.58309, 0.206104
1.25664, 2.58309, 0.196159
1.32645, 2.58309, 0.186697
1.39626, 2.58309, 0.177662
1.46608, 2.58309, 0.169004
1.53589, 2.58309, 0.160676
1.6057, 2.58309, 0.152634
1.67552, 2.58309, 0.14484
1.74533, 2.58309, 0.137257
1.81514, 2.58309, 0.129854
1.88496, 2.58309, 0.122601
1.95477, 2.58309, 0.115474
2.02458, 2.58309, 0.108449
2.0944, 2.58309, 0.101506
2.16421, 2.58309, 0.0946273
2.23402, 2.58309, 0.0877981
2.30383, 2.58309, 0.0810052
2.37365, 2.58309, 0.074238
2.44346, 2.58309, 0.0674875
2.51327, 2.58309, 0.0607466
2.58309, 2.58309, 0.0540097
2.6529, 2.58309, 0.0472729
2.72271, 2.58309, 0.0405332
2.79253, 2.58309, 0.033789
2.86234, 2.58309, 0.0270396
2.93215, 2.58309, 0.020285
3.00197, 2.58309, 0.0135261
3.07178, 2.58309, 0.00676387
0.0698132, 2.6529, 0.440777
0.139626, 2.6529, 0.4142
0.20944, 2.6529, 0.389582
0.279253, 2.6529, 0.366772
0.349066, 2.6529, 0.345631
0.418879, 2.6529, 0.326026
0.488692, 2.6529, 0.307836
0.558505, 2.6529, 0.290943
0.628319, 2.6529, 0.275241
0.698132, 2.6529, 0.260627
0.767945, 2.6529, 0.247007
0.837758, 2.6529, 0.234292
0.907571, 2.6529, 0.222399
0.977384, 2.6529, 0.211252
1.0472, 2.6529, 0.200778
1.11701, 2.6529, 0.19091
1.18682, 2.6529, 0.181586
1.25664, 2.6529, 0.172749
1.32645, 2.6529, 0.164346
1.39626, 2.6529, 0.156326
1.46608, 2.6529, 0.148645
1.53589, 2.6529, 0.141261
1.6057, 2.6529, 0.134137
1.67552, 2.6529, 0.127237
1.74533, 2.6529, 0.12053
1.81514, 2.6529, 0.113987
1.88496, 2.6529, 0.107583
1.95477, 2.6529, 0.101294
2.02458, 2.6529, 0.0951014
2.0944, 2.6529, 0.0889859
2.16421, 2.6529, 0.0829321
2.23402, 2.6529, 0.0769264
2.30383, 2.6529, 0.0709572
2.37365, 2.6529, 0.0650146
2.44346, 2.6529, 0.0590905
2.51327, 2.6529, 0.0531783
2.58309, 2.6529, 0.0472729
2.6529, 2.6529, 0.0413702
2.72271, 2.6529, 0.0354675
2.79253, 2.6529, 0.0295629
2.86234, 2.6529, 0.0236556
2.93215, 2.6529, 0.0177451
3.00197, 2.6529, 0.0118319
3.07178, 2.6529, 0.0059165
0.0698132, 2.72271, 0.381821
0.139626, 2.72271, 0.35874
0.20944, 2.72271, 0.337357
0.279253, 2.72271, 0.317541
0.349066, 2.72271, 0.299172
0.418879, 2.72271, 0.282135
0.488692, 2.72271, 0.266326
0.558505, 2.72271, 0.251642
0.628319, 2.72271, 0.237992
0.698132, 2.72271, 0.225287
0.767945, 2.72271, 0.213446
0.837758, 2.72271, 0.202391
0.907571, 2.72271, 0.192052
0.977384, 2.72271, 0.182361
1.0472, 2.72271, 0.173257
1.11701, 2.72271, 0.164682
1.18682, 2.72271, 0.156582
1.25664, 2.72271, 0.148907
1.32645, 2.72271, 0.14161
1.39626, 2.72271, 0.134651
1.46608, 2.72271, 0.127989
1.53589, 2.72271, 0.121588
1.6057, 2.72271, 0.115415
1.67552, 2.72271, 0.109441
1.74533, 2.72271, 0.103638
1.81514, 2.72271, 0.0979809
1.88496, 2.72271, 0.0924479
1.95477, 2.72271, 0.0870189
2.02458, 2.72271, 0.0816762
2.0944, 2.72271, 0.0764041
2.16421, 2.72271, 0.0711887
2.23402, 2.72271, 0.0660183
2.30383, 2.72271, 0.0608825
2.37365, 2.72271, 0.0557727
2.44346, 2.72271, 0.0506816
2.51327, 2.72271, 0.0456034
2.58309, 2.72271, 0.0405332
2.6529, 2.72271, 0.0354675
2.72271, 2.72271, 0.0304036
2.79253, 2.72271, 0.0253397
2.86234, 2.72271, 0.0202747
2.93215, 2.72271, 0.015208
3.00197, 2.72271, 0.0101398
3.07178, 2.72271, 0.00507024
0.0698132, 2.79253, 0.32103
0.139626, 2.79253, 0.301583
0.20944, 2.79253, 0.283564
0.279253, 2.79253, 0.266863
0.349066, 2.79253, 0.25138
0.418879, 2.79253, 0.237018
0.488692, 2.79253, 0.223689
0.558505, 2.79253, 0.211308
0.628319, 2.79253, 0.199798
0.698132, 2.79253, 0.189084
0.767945, 2.79253, 0.179097
0.837758, 2.79253, 0.169775
0.907571, 2.79253, 0.161056
0.977384, 2.79253, 0.152884
1.0472, 2.79253, 0.145208
1.11701, 2.79253, 0.137979
1.18682, 2.79253, 0.131152
1.25664, 2.79253, 0.124685
1.32645, 2.79253, 0.118539
1.39626, 2.79253, 0.112678
1.46608, 2.79253, 0.107071
1.53589, 2.79253, 0.101686
1.6057, 2.79253, 0.0964952
1.67552, 2.79253, 0.0914743
1.74533, 2.79253, 0.0865998
1.81514, 2.79253, 0.081851
1.88496, 2.79253, 0.0772091
1.95477, 2.79253, 0.0726572
2.02458, 2.79253, 0.0681804
2.0944, 2.79253, 0.0637654
2.16421, 2.79253, 0.0594004
2.23402, 2.79253, 0.0550755
2.30383, 2.79253, 0.0507819
2.37365, 2.79253, 0.0465121
2.44346, 2.79253, 0.0422599
2.51327, 2.79253, 0.0380202
2.58309, 2.79253, 0.033789
2.6529, 2.79253, 0.0295629
2.72271, 2.79253, 0.0253397
2.79253, 2.79253, 0.0211175
2.86234, 2.79253, 0.0168953
2.93215, 2.79253, 0.0126726
3.00197, 2.79253, 0.00844898
3.07178, 2.79253, 0.00422469
0.0698132, 2.86234, 0.258696
0.139626, 2.86234, 0.242999
0.20944, 2.86234, 0.228452
0.279253, 2.86234, 0.214968
0.349066, 2.86234, 0.202466
0.418879, 2.86234, 0.190868
0.488692, 2.86234, 0.180104
0.558505, 2.86234, 0.170104
0.628319, 2.86234, 0.160807
0.698132, 2.86234, 0.152152
0.767945, 2.86234, 0.144086
0.837758, 2.86234, 0.136555
0.907571, 2.86234, 0.129512
0.977384, 2.86234, 0.122912
1.0472, 2.86234, 0.116712
1.11701, 2.86234, 0.110874
1.18682, 2.86234, 0.105362
1.25664, 2.86234, 0.100141
1.32645, 2.86234, 0.0951811
1.39626, 2.86234, 0.090453
1.46608, 2.86234, 0.0859303
1.53589, 2.86234, 0.0815886
1.6057, 2.86234, 0.0774056
1.67552, 2.86234, 0.073361
1.74533, 2.86234, 0.0694361
1.81514, 2.86234, 0.0656143
1.88496, 2.86234, 0.0618802
1.95477, 2.86234, 0.0582204
2.02458, 2.86234, 0.0546228
2.0944, 2.86234, 0.0510765
2.16421, 2.86234, 0.0475721
2.23402, 2.86234, 0.0441014
2.30383, 2.86234, 0.0406573
2.37365, 2.86234, 0.0372338
2.44346, 2.86234, 0.0338256
2.51327, 2.86234, 0.0304287
2.58309, 2.86234, 0.0270396
2.6529, 2.86234, 0.0236556
2.72271, 2.86234, 0.0202747
2.79253, 2.86234, 0.0168953
2.86234, 2.86234, 0.0135166
2.93215, 2.86234, 0.0101379
3.00197, 2.86234, 0.00675887
3.07178, 2.86234, 0.00337954
0.0698132, 2.93215, 0.195118
0.139626, 2.93215, 0.183263
0.20944, 2.93215, 0.172276
0.279253, 2.93215, 0.162092
0.349066, 2.93215, 0.152647
0.418879, 2.93215, 0.143886
0.488692, 2.93215, 0.135753
0.558505, 2.93215, 0.128198
0.628319, 2.93215, 0.121173
0.698132, 2.93215, 0.114633
0.767945, 2.93215, 0.108538
0.837758, 2.93215, 0.102847
0.907571, 2.93215, 0.0975253
0.977384, 2.93215, 0.0925382
1.0472, 2.93215, 0.0878542
1.11701, 2.93215, 0.0834439
1.18682, 2.93215, 0.07928
1.25664, 2.93215, 0.0753371
1.32645, 2.93215, 0.0715918
1.39626, 2.93215, 0.0680223
1.46608, 2.93215, 0.0646088
1.53589, 2.93215, 0.0613329
1.6057, 2.93215, 0.0581777
1.67552, 2.93215, 0.0551279
1.74533, 2.93215, 0.0521694
1.81514, 2.93215, 0.0492896
1.88496, 2.93215, 0.0464771
1.95477, 2.93215, 0.0437215
2.02458, 2.93215, 0.0410138
2.0944, 2.93215, 0.0383457
2.16421, 2.93215, 0.0357101
2.23402, 2.93215, 0.0331007
2.30383, 2.93215, 0.0305122
2.37365, 2.93215, 0.02794
2.44346, 2.93215, 0.0253801
2.51327, 2.93215, 0.0228293
2.58309, 2.93215, 0.020285
2.6529, 2.93215, 0.0177451
2.72271, 2.93215, 0.015208
2.79253, 2.93215, 0.0126726
2.86234, 2.93215, 0.0101379
2.93215, 2.93215, 0.00760349
3.00197, 2.93215, 0.00506909
3.07178, 2.93215, 0.00253458
0.0698132, 3.00197, 0.130603
0.139626, 3.00197, 0.12266
0.20944, 3.00197, 0.115299
0.279253, 3.00197, 0.108474
0.349066, 3.00197, 0.102146
0.418879, 3.00197, 0.0962749
0.488692, 3.00197, 0.0908246
0.558505, 3.00197, 0.0857613
0.628319, 3.00197, 0.0810531
0.698132, 3.00197, 0.0766702
0.767945, 3.00197, 0.0725848
0.837758, 3.00197, 0.0687709
0.907571, 3.00197, 0.0652041
0.977384, 3.00197, 0.0618617
1.0472, 3.00197, 0.0587226
1.11701, 3.00197, 0.0557672
1.18682, 3.00197, 0.0529771
1.25664, 3.00197, 0.0503354
1.32645, 3.00197, 0.0478265
1.39626, 3.00197, 0.0454357
1.46608, 3.00197, 0.0431498
1.53589, 3.00197, 0.0409565
1.6057, 3.00197, 0.0388444
1.67552, 3.00197, 0.0368034
1.74533, 3.00197, 0.034824
1.81514, 3.00197, 0.0328977
1.88496, 3.00197, 0.031017
1.95477, 3.00197, 0.0291748
2.02458, 3.00197, 0.0273651
2.0944, 3.00197, 0.0255823
2.16421, 3.00197, 0.0238218
2.23402, 3.00197, 0.0220792
2.30383, 3.00197, 0.0203509
2.37365, 3.00197, 0.0186339
2.44346, 3.00197, 0.0169255
2.51327, 3.00197, 0.0152234
2.58309, 3.00197, 0.013526
2.6529, 3.00197, 0.0118319
2.72271, 3.00197, 0.0101398
2.79253, 3.00197, 0.00844898
2.86234, 3.00197, 0.00675887
2.93215, 3.00197, 0.00506909
3.00197, 3.00197, 0.0033794
3.07178, 3.00197, 0.00168971
0.0698132, 3.07178, 0.0654587
0.139626, 3.07178, 0.0614757
0.20944, 3.07178, 0.057784
0.279253, 3.07178, 0.0543615
0.349066, 3.07178, 0.0511876
0.418879, 3.07178, 0.048243
0.488692, 3.07178, 0.0455093
0.558505, 3.07178, 0.0429697
0.628319, 3.07178, 0.0406081
0.698132, 3.07178, 0.0384097
0.767945, 3.07178, 0.0363605
0.837758, 3.07178, 0.0344474
0.907571, 3.07178, 0.0326583
0.977384, 3.07178, 0.0309819
1.0472, 3.07178, 0.0294074
1.11701, 3.07178, 0.0279251
1.18682, 3.07178, 0.0265258
1.25664, 3.07178, 0.025201
1.32645, 3.07178, 0.0239429
1.39626, 3.07178, 0.0227442
1.46608, 3.07178, 0.0215982
1.53589, 3.07178, 0.0204987
1.6057, 3.07178, 0.0194401
1.67552, 3.07178, 0.0184172
1.74533, 3.07178, 0.0174254
1.81514, 3.07178, 0.0164603
1.88496, 3.07178, 0.0155182
1.95477, 3.07178, 0.0145956
2.02458, 3.07178, 0.0136894
2.0944, 3.07178, 0.0127968
2.16421, 3.07178, 0.0119154
2.23402, 3.07178, 0.0110432
2.30383, 3.07178, 0.0101783
2.37365, 3.07178, 0.00931915
2.44346, 3.07178, 0.00846438
2.51327, 3.07178, 0.00761292
2.58309, 3.07178, 0.00676387
2.6529, 3.07178, 0.00591649
2.72271, 3.07178, 0.00507024
2.79253, 3.07178, 0.00422469
2.86234, 3.07178, 0.00337954
2.93215, 3.07178, 0.00253458
3.00197, 3.07178, 0.00168971
3.07178, 3.07178, 0.000844855
