0.0628319, 0.0628319, 0.117906
0.125664, 0.0628319, 0.173022
0.188496, 0.0628319, 0.227891
0.251327, 0.0628319, 0.282272
0.314159, 0.0628319, 0.335923
0.376991, 0.0628319, 0.388611
0.439823, 0.0628319, 0.440103
0.502655, 0.0628319, 0.490178
0.565487, 0.0628319, 0.538616
0.628319, 0.0628319, 0.58521
0.69115, 0.0628319, 0.629757
0.753982, 0.0628319, 0.672066
0.816814, 0.0628319, 0.711954
0.879646, 0.0628319, 0.74925
0.942478, 0.0628319, 0.783792
1.00531, 0.0628319, 0.815433
1.06814, 0.0628319, 0.844035
1.13097, 0.0628319, 0.869473
1.19381, 0.0628319, 0.891638
1.25664, 0.0628319, 0.910431
1.31947, 0.0628319, 0.925769
1.3823, 0.0628319, 0.937583
1.44513, 0.0628319, 0.945818
1.50796, 0.0628319, 0.950433
1.5708, 0.0628319, 0.951403
1.63363, 0.0628319, 0.948717
1.69646, 0.0628319, 0.942379
1.75929, 0.0628319, 0.932408
1.82212, 0.0628319, 0.918838
1.88496, 0.0628319, 0.901716
1.94779, 0.0628319, 0.881104
2.01062, 0.0628319, 0.857079
2.07345, 0.0628319, 0.829732
2.13628, 0.0628319, 0.799165
2.19911, 0.0628319, 0.765495
2.26195, 0.0628319, 0.728851
2.32478, 0.0628319, 0.689373
2.38761, 0.0628319, 0.647213
2.45044, 0.0628319, 0.602535
2.51327, 0.0628319, 0.555511
2.57611, 0.0628319, 0.506323
2.63894, 0.0628319, 0.455163
2.70177, 0.0628319, 0.402229
2.7646, 0.0628319, 0.347727
2.82743, 0.0628319, 0.291869
2.89027, 0.0628319, 0.234873
2.9531, 0.0628319, 0.176961
3.01593, 0.0628319, 0.118359
3.07876, 0.0628319, 0.0592952
0.0628319, 0.125664, 0.173022
0.125664, 0.125664, 0.220956
0.188496, 0.125664, 0.268891
0.251327, 0.125664, 0.316583
0.314159, 0.125664, 0.363794
0.376991, 0.125664, 0.410291
0.439823, 0.125664, 0.455846
0.502655, 0.125664, 0.500237
0.565487, 0.125664, 0.543251
0.628319, 0.125664, 0.584681
0.69115, 0.125664, 0.624329
0.753982, 0.125664, 0.662005
0.816814, 0.125664, 0.697532
0.879646, 0.125664, 0.73074
0.942478, 0.125664, 0.76147
1.00531, 0.125664, 0.789577
1.06814, 0.125664, 0.814926
1.13097, 0.125664, 0.837393
1.19381, 0.125664, 0.856871
1.25664, 0.125664, 0.87326
1.31947, 0.125664, 0.88648
1.3823, 0.125664, 0.896458
1.44513, 0.125664, 0.903141
1.50796, 0.125664, 0.906485
1.5708, 0.125664, 0.906462
1.63363, 0.125664, 0.90306
1.69646, 0.125664, 0.896277
1.75929, 0.125664, 0.886129
1.82212, 0.125664, 0.872644
1.88496, 0.125664, 0.855864
1.94779, 0.125664, 0.835845
2.01062, 0.125664, 0.812655
2.07345, 0.125664, 0.786377
2.13628, 0.125664, 0.757105
2.19911, 0.125664, 0.724947
2.26195, 0.125664, 0.690021
2.32478, 0.125664, 0.652458
2.38761, 0.125664, 0.612398
2.45044, 0.125664, 0.569991
2.51327, 0.125664, 0.5254
2.57611, 0.125664, 0.478792
2.63894, 0.125664, 0.430346
2.70177, 0.125664, 0.380246
2.7646, 0.125664, 0.328685
2.82743, 0.125664, 0.275859
2.89027, 0.125664, 0.221972
2.9531, 0.125664, 0.167231
3.01593, 0.125664, 0.111847
3.07876, 0.125664, 0.0560311
0.0628319, 0.188496, 0.227891
0.125664, 0.188496, 0.268891
0.188496, 0.188496, 0.310133
0.251327, 0.188496, 0.351375
0.314159, 0.188496, 0.392379
0.376991, 0.188496, 0.432913
0.439823, 0.188496, 0.472752
0.502655, 0.188496, 0.511675
0.565487, 0.188496, 0.54947
0.628319, 0.188496, 0.585934
0.69115, 0.188496, 0.620871
0.753982, 0.188496, 0.654095
0.816814, 0.188496, 0.685429
0.879646, 0.188496, 0.714706
0.942478, 0.188496, 0.741771
1.00531, 0.188496, 0.766479
1.06814, 0.188496, 0.788697
1.13097, 0.188496, 0.808304
1.19381, 0.188496, 0.825191
1.25664, 0.188496, 0.839261
1.31947, 0.188496, 0.850431
1.3823, 0.188496, 0.85863
1.44513, 0.188496, 0.863802
1.50796, 0.188496, 0.865903
1.5708, 0.188496, 0.864902
1.63363, 0.188496, 0.860782
1.69646, 0.188496, 0.853541
1.75929, 0.188496, 0.843187
1.82212, 0.188496, 0.829746
1.88496, 0.188496, 0.813252
1.94779, 0.188496, 0.793755
2.01062, 0.188496, 0.771318
2.07345, 0.188496, 0.746015
2.13628, 0.188496, 0.717932
2.19911, 0.188496, 0.687167
2.26195, 0.188496, 0.65383
2.32478, 0.188496, 0.61804
2.38761, 0.188496, 0.579928
2.45044, 0.188496, 0.539633
2.51327, 0.188496, 0.497305
2.57611, 0.188496, 0.453099
2.63894, 0.188496, 0.407182
2.70177, 0.188496, 0.359725
2.7646, 0.188496, 0.310907
2.82743, 0.188496, 0.260911
2.89027, 0.188496, 0.209926
2.9531, 0.188496, 0.158145
3.01593, 0.188496, 0.105765
3.07876, 0.188496, 0.0529828
0.0628319, 0.251327, 0.282272
0.125664, 0.251327, 0.316583
0.188496, 0.251327, 0.351375
0.251327, 0.251327, 0.386404
0.314159, 0.251327, 0.421434
0.376991, 0.251327, 0.456232
0.439823, 0.251327, 0.490573
0.502655, 0.251327, 0.524239
0.565487, 0.251327, 0.55702
0.628319, 0.251327, 0.588714
0.69115, 0.251327, 0.619127
0.753982, 0.251327, 0.648075
0.816814, 0.251327, 0.675382
0.879646, 0.251327, 0.700885
0.942478, 0.251327, 0.724429
1.00531, 0.251327, 0.745872
1.06814, 0.251327, 0.765081
1.13097, 0.251327, 0.781935
1.19381, 0.251327, 0.796327
1.25664, 0.251327, 0.808161
1.31947, 0.251327, 0.817352
1.3823, 0.251327, 0.823829
1.44513, 0.251327, 0.827535
1.50796, 0.251327, 0.828422
1.5708, 0.251327, 0.826459
1.63363, 0.251327, 0.821626
1.69646, 0.251327, 0.813916
1.75929, 0.251327, 0.803334
1.82212, 0.251327, 0.789899
1.88496, 0.251327, 0.773642
1.94779, 0.251327, 0.754607
2.01062, 0.251327, 0.732848
2.07345, 0.251327, 0.708433
2.13628, 0.251327, 0.68144
2.19911, 0.251327, 0.65196
2.26195, 0.251327, 0.620091
2.32478, 0.251327, 0.585945
2.38761, 0.251327, 0.549641
2.45044, 0.251327, 0.511309
2.51327, 0.251327, 0.471086
2.57611, 0.251327, 0.429118
2.63894, 0.251327, 0.385558
2.70177, 0.251327, 0.340566
2.7646, 0.251327, 0.294306
2.82743, 0.251327, 0.246951
2.89027, 0.251327, 0.198675
2.9531, 0.251327, 0.149659
3.01593, 0.251327, 0.100084
3.07876, 0.251327, 0.0501356
0.0628319, 0.314159, 0.335923
0.125664, 0.314159, 0.363794
0.188496, 0.314159, 0.392379
0.251327, 0.314159, 0.421434
0.314159, 0.314159, 0.450721
0.376991, 0.314159, 0.480007
0.439823, 0.314159, 0.509069
0.502655, 0.314159, 0.537689
0.565487, 0.314159, 0.565658
0.628319, 0.314159, 0.592775
0.69115, 0.314159, 0.618848
0.753982, 0.314159, 0.643694
0.816814, 0.314159, 0.66714
0.879646, 0.314159, 0.689023
0.942478, 0.314159, 0.70919
1.00531, 0.314159, 0.727498
1.06814, 0.314159, 0.743818
1.13097, 0.314159, 0.758029
1.19381, 0.314159, 0.770022
1.25664, 0.314159, 0.779703
1.31947, 0.314159, 0.786987
1.3823, 0.314159, 0.791801
1.44513, 0.314159, 0.794085
1.50796, 0.314159, 0.793792
1.5708, 0.314159, 0.790888
1.63363, 0.314159, 0.785348
1.69646, 0.314159, 0.777163
1.75929, 0.314159, 0.766333
1.82212, 0.314159, 0.752874
1.88496, 0.314159, 0.736811
1.94779, 0.314159, 0.718181
2.01062, 0.314159, 0.697034
2.07345, 0.314159, 0.673429
2.13628, 0.314159, 0.647437
2.19911, 0.314159, 0.61914
2.26195, 0.314159, 0.58863
2.32478, 0.314159, 0.556007
2.38761, 0.314159, 0.521383
2.45044, 0.314159, 0.484876
2.51327, 0.314159, 0.446613
2.57611, 0.314159, 0.40673
2.63894, 0.314159, 0.365367
2.70177, 0.314159, 0.322673
2.7646, 0.314159, 0.278801
2.82743, 0.314159, 0.233911
2.89027, 0.314159, 0.188166
2.9531, 0.314159, 0.141731
3.01593, 0.314159, 0.0947769
3.07876, 0.314159, 0.0474755
0.0628319, 0.376991, 0.388611
0.125664, 0.376991, 0.410291
0.188496, 0.376991, 0.432913
0.251327, 0.376991, 0.456232
0.314159, 0.376991, 0.480007
0.376991, 0.376991, 0.504007
0.439823, 0.376991, 0.528007
0.502655, 0.376991, 0.55179
0.565487, 0.376991, 0.575148
0.628319, 0.376991, 0.59788
0.69115, 0.376991, 0.619796
0.753982, 0.376991, 0.640714
0.816814, 0.376991, 0.660461
0.879646, 0.376991, 0.678876
0.942478, 0.376991, 0.695808
1.00531, 0.376991, 0.711114
1.06814, 0.376991, 0.724664
1.13097, 0.376991, 0.736339
1.19381, 0.376991, 0.746031
1.25664, 0.376991, 0.753643
1.31947, 0.376991, 0.759091
1.3823, 0.376991, 0.762301
1.44513, 0.376991, 0.763212
1.50796, 0.376991, 0.761775
1.5708, 0.376991, 0.757951
1.63363, 0.376991, 0.751715
1.69646, 0.376991, 0.743053
1.75929, 0.376991, 0.731963
1.82212, 0.376991, 0.718454
1.88496, 0.376991, 0.702547
1.94779, 0.376991, 0.684274
2.01062, 0.376991, 0.663677
2.07345, 0.376991, 0.640811
2.13628, 0.376991, 0.615738
2.19911, 0.376991, 0.588534
2.26195, 0.376991, 0.559281
2.32478, 0.376991, 0.528071
2.38761, 0.376991, 0.495007
2.45044, 0.376991, 0.460198
2.51327, 0.376991, 0.423761
2.57611, 0.376991, 0.38582
2.63894, 0.376991, 0.346507
2.70177, 0.376991, 0.305958
2.7646, 0.376991, 0.264316
2.82743, 0.376991, 0.221727
2.89027, 0.376991, 0.178345
2.9531, 0.376991, 0.134322
3.01593, 0.376991, 0.0898172
3.07876, 0.376991, 0.0449895
0.0628319, 0.439823, 0.440103
0.125664, 0.439823, 0.455846
0.188496, 0.439823, 0.472752
0.251327, 0.439823, 0.490573
0.314159, 0.439823, 0.509069
0.376991, 0.439823, 0.528007
0.439823, 0.439823, 0.547162
0.502655, 0.439823, 0.566316
0.565487, 0.439823, 0.585263
0.628319, 0.439823, 0.603801
0.69115, 0.439823, 0.621742
0.753982, 0.439823, 0.638903
0.816814, 0.439823, 0.655115
0.879646, 0.439823, 0.670214
0.942478, 0.439823, 0.684051
1.00531, 0.439823, 0.696485
1.06814, 0.439823, 0.707385
1.13097, 0.439823, 0.716632
1.19381, 0.439823, 0.724119
1.25664, 0.439823, 0.729748
1.31947, 0.439823, 0.733433
1.3823, 0.439823, 0.735101
1.44513, 0.439823, 0.734688
1.50796, 0.439823, 0.732143
1.5708, 0.439823, 0.727426
1.63363, 0.439823, 0.720508
1.69646, 0.439823, 0.711372
1.75929, 0.439823, 0.700011
1.82212, 0.439823, 0.686432
1.88496, 0.439823, 0.670649
1.94779, 0.439823, 0.652689
2.01062, 0.439823, 0.63259
2.07345, 0.439823, 0.610399
2.13628, 0.439823, 0.586172
2.19911, 0.439823, 0.559976
2.26195, 0.439823, 0.531888
2.32478, 0.439823, 0.50199
2.38761, 0.439823, 0.470377
2.45044, 0.439823, 0.437148
2.51327, 0.439823, 0.402412
2.57611, 0.439823, 0.366283
2.63894, 0.439823, 0.328882
2.70177, 0.439823, 0.290336
2.7646, 0.439823, 0.250776
2.82743, 0.439823, 0.210338
2.89027, 0.439823, 0.169164
2.9531, 0.439823, 0.127396
3.01593, 0.439823, 0.0851802
3.07876, 0.439823, 0.0426652
0.0628319, 0.502655, 0.490178
0.125664, 0.502655, 0.500237
0.188496, 0.502655, 0.511675
0.251327, 0.502655, 0.524239
0.314159, 0.502655, 0.537689
0.376991, 0.502655, 0.55179
0.439823, 0.502655, 0.566316
0.502655, 0.502655, 0.581051
0.565487, 0.502655, 0.595786
0.628319, 0.502655, 0.610321
0.69115, 0.502655, 0.624467
0.753982, 0.502655, 0.638044
0.816814, 0.502655, 0.65088
0.879646, 0.502655, 0.662815
0.942478, 0.502655, 0.673698
1.00531, 0.502655, 0.683389
1.06814, 0.502655, 0.691758
1.13097, 0.502655, 0.698686
1.19381, 0.502655, 0.704064
1.25664, 0.502655, 0.707796
1.31947, 0.502655, 0.709793
1.3823, 0.502655, 0.709982
1.44513, 0.502655, 0.708296
1.50796, 0.502655, 0.704684
1.5708, 0.502655, 0.699102
1.63363, 0.502655, 0.691519
1.69646, 0.502655, 0.681914
1.75929, 0.502655, 0.670279
1.82212, 0.502655, 0.656613
1.88496, 0.502655, 0.640928
1.94779, 0.502655, 0.623245
2.01062, 0.502655, 0.603596
2.07345, 0.502655, 0.582022
2.13628, 0.502655, 0.558574
2.19911, 0.502655, 0.533312
2.26195, 0.502655, 0.506303
2.32478, 0.502655, 0.477625
2.38761, 0.502655, 0.447362
2.45044, 0.502655, 0.415606
2.51327, 0.502655, 0.382456
2.57611, 0.502655, 0.348018
2.63894, 0.502655, 0.312403
2.70177, 0.502655, 0.275727
2.7646, 0.502655, 0.238113
2.82743, 0.502655, 0.199686
2.89027, 0.502655, 0.160577
2.9531, 0.502655, 0.120917
3.01593, 0.502655, 0.0808428
3.07876, 0.502655, 0.0404909
0.0628319, 0.565487, 0.538616
0.125664, 0.565487, 0.543251
0.188496, 0.565487, 0.54947
0.251327, 0.565487, 0.55702
0.314159, 0.565487, 0.565658
0.376991, 0.565487, 0.575148
0.439823, 0.565487, 0.585263
0.502655, 0.565487, 0.595786
0.565487, 0.565487, 0.606508
0.628319, 0.565487, 0.61723
0.69115, 0.565487, 0.627762
0.753982, 0.565487, 0.637924
0.816814, 0.565487, 0.647546
0.879646, 0.565487, 0.656467
0.942478, 0.565487, 0.664537
1.00531, 0.565487, 0.671616
1.06814, 0.565487, 0.677573
1.13097, 0.565487, 0.68229
1.19381, 0.565487, 0.685657
1.25664, 0.565487, 0.687577
1.31947, 0.565487, 0.687962
1.3823, 0.565487, 0.686736
1.44513, 0.565487, 0.683832
1.50796, 0.565487, 0.679194
1.5708, 0.565487, 0.672779
1.63363, 0.565487, 0.664552
1.69646, 0.565487, 0.654489
1.75929, 0.565487, 0.642577
1.82212, 0.565487, 0.628813
1.88496, 0.565487, 0.613204
1.94779, 0.565487, 0.595766
2.01062, 0.565487, 0.576526
2.07345, 0.565487, 0.55552
2.13628, 0.565487, 0.532791
2.19911, 0.565487, 0.508394
2.26195, 0.565487, 0.482388
2.32478, 0.565487, 0.454845
2.38761, 0.565487, 0.42584
2.45044, 0.565487, 0.395458
2.51327, 0.565487, 0.363789
2.57611, 0.565487, 0.33093
2.63894, 0.565487, 0.296984
2.70177, 0.565487, 0.262057
2.7646, 0.565487, 0.226263
2.82743, 0.565487, 0.189717
2.89027, 0.565487, 0.15254
2.9531, 0.565487, 0.114853
3.01593, 0.565487, 0.0767829
3.07876, 0.565487, 0.0384558
0.0628319, 0.628319, 0.58521
0.125664, 0.628319, 0.584681
0.188496, 0.628319, 0.585934
0.251327, 0.628319, 0.588714
0.314159, 0.628319, 0.592775
0.376991, 0.628319, 0.59788
0.439823, 0.628319, 0.603801
0.502655, 0.628319, 0.610321
0.565487, 0.628319, 0.61723
0.628319, 0.628319, 0.624328
0.69115, 0.628319, 0.631427
0.753982, 0.628319, 0.638345
0.816814, 0.628319, 0.644913
0.879646, 0.628319, 0.650971
0.942478, 0.628319, 0.656367
1.00531, 0.628319, 0.660963
1.06814, 0.628319, 0.664628
1.13097, 0.628319, 0.667243
1.19381, 0.628319, 0.668697
1.25664, 0.628319, 0.668894
1.31947, 0.628319, 0.667743
1.3823, 0.628319, 0.665168
1.44513, 0.628319, 0.6611
1.50796, 0.628319, 0.655482
1.5708, 0.628319, 0.648268
1.63363, 0.628319, 0.63942
1.69646, 0.628319, 0.628912
1.75929, 0.628319, 0.616727
1.82212, 0.628319, 0.602858
1.88496, 0.628319, 0.587308
1.94779, 0.628319, 0.57009
2.01062, 0.628319, 0.551224
2.07345, 0.628319, 0.53074
2.13628, 0.628319, 0.508677
2.19911, 0.628319, 0.485083
2.26195, 0.628319, 0.460012
2.32478, 0.628319, 0.433526
2.38761, 0.628319, 0.405696
2.45044, 0.628319, 0.376597
2.51327, 0.628319, 0.346312
2.57611, 0.628319, 0.31493
2.63894, 0.628319, 0.282545
2.70177, 0.628319, 0.249255
2.7646, 0.628319, 0.215164
2.82743, 0.628319, 0.180379
2.89027, 0.628319, 0.145011
2.9531, 0.628319, 0.109173
3.01593, 0.628319, 0.0729798
3.07876, 0.628319, 0.0365494
0.0628319, 0.69115, 0.629757
0.125664, 0.69115, 0.624329
0.188496, 0.69115, 0.620871
0.251327, 0.69115, 0.619127
0.314159, 0.69115, 0.618848
0.376991, 0.69115, 0.619796
0.439823, 0.69115, 0.621742
0.502655, 0.69115, 0.624467
0.565487, 0.69115, 0.627762
0.628319, 0.69115, 0.631427
0.69115, 0.69115, 0.635271
0.753982, 0.69115, 0.639116
0.816814, 0.69115, 0.642791
0.879646, 0.69115, 0.646135
0.942478, 0.69115, 0.648999
1.00531, 0.69115, 0.651242
1.06814, 0.69115, 0.652734
1.13097, 0.69115, 0.653355
1.19381, 0.69115, 0.652996
1.25664, 0.69115, 0.651557
1.31947, 0.69115, 0.648949
1.3823, 0.69115, 0.645093
1.44513, 0.69115, 0.639918
1.50796, 0.69115, 0.633367
1.5708, 0.69115, 0.62539
1.63363, 0.69115, 0.615948
1.69646, 0.69115, 0.605011
1.75929, 0.69115, 0.59256
1.82212, 0.69115, 0.578584
1.88496, 0.69115, 0.563082
1.94779, 0.69115, 0.546061
2.01062, 0.69115, 0.527538
2.07345, 0.69115, 0.507539
2.13628, 0.69115, 0.486095
2.19911, 0.69115, 0.463249
2.26195, 0.69115, 0.43905
2.32478, 0.69115, 0.413552
2.38761, 0.69115, 0.386819
2.45044, 0.69115, 0.358921
2.51327, 0.69115, 0.329932
2.57611, 0.69115, 0.299933
2.63894, 0.69115, 0.26901
2.70177, 0.69115, 0.237254
2.7646, 0.69115, 0.20476
2.82743, 0.69115, 0.171625
2.89027, 0.69115, 0.137953
2.9531, 0.69115, 0.103847
3.01593, 0.69115, 0.0694141
3.07876, 0.69115, 0.0347619
0.0628319, 0.753982, 0.672066
0.125664, 0.753982, 0.662005
0.188496, 0.753982, 0.654095
0.251327, 0.753982, 0.648075
0.314159, 0.753982, 0.643694
0.376991, 0.753982, 0.640714
0.439823, 0.753982, 0.638903
0.502655, 0.753982, 0.638044
0.565487, 0.753982, 0.637924
0.628319, 0.753982, 0.638345
0.69115, 0.753982, 0.639116
0.753982, 0.753982, 0.640057
0.816814, 0.753982, 0.640999
0.879646, 0.753982, 0.64178
0.942478, 0.753982, 0.642251
1.00531, 0.753982, 0.642271
1.06814, 0.753982, 0.64171
1.13097, 0.753982, 0.640448
1.19381, 0.753982, 0.638375
1.25664, 0.753982, 0.63539
1.31947, 0.753982, 0.631404
1.3823, 0.753982, 0.626335
1.44513, 0.753982, 0.620113
1.50796, 0.753982, 0.612678
1.5708, 0.753982, 0.603978
1.63363, 0.753982, 0.593971
1.69646, 0.753982, 0.582626
1.75929, 0.753982, 0.569919
1.82212, 0.753982, 0.555837
1.88496, 0.753982, 0.540374
1.94779, 0.753982, 0.523534
2.01062, 0.753982, 0.50533
2.07345, 0.753982, 0.485781
2.13628, 0.753982, 0.464916
2.19911, 0.753982, 0.442769
2.26195, 0.753982, 0.419385
2.32478, 0.753982, 0.394813
2.38761, 0.753982, 0.369109
2.45044, 0.753982, 0.342336
2.51327, 0.753982, 0.314561
2.57611, 0.753982, 0.285859
2.63894, 0.753982, 0.256308
2.70177, 0.753982, 0.225991
2.7646, 0.753982, 0.194995
2.82743, 0.753982, 0.163409
2.89027, 0.753982, 0.131329
2.9531, 0.753982, 0.0988488
3.01593, 0.753982, 0.0660674
3.07876, 0.753982, 0.0330843
0.0628319, 0.816814, 0.711954
0.125664, 0.816814, 0.697532
0.188496, 0.816814, 0.685429
0.251327, 0.816814, 0.675382
0.314159, 0.816814, 0.66714
0.376991, 0.816814, 0.660461
0.439823, 0.816814, 0.655115
0.502655, 0.816814, 0.65088
0.565487, 0.816814, 0.647546
0.628319, 0.816814, 0.644913
0.69115, 0.816814, 0.642791
0.753982, 0.816814, 0.640999
0.816814, 0.816814, 0.639367
0.879646, 0.816814, 0.637735
0.942478, 0.816814, 0.635953
1.00531, 0.816814, 0.633881
1.06814, 0.816814, 0.631387
1.13097, 0.816814, 0.628352
1.19381, 0.816814, 0.624665
1.25664, 0.816814, 0.620225
1.31947, 0.816814, 0.61494
1.3823, 0.816814, 0.60873
1.44513, 0.816814, 0.601522
1.50796, 0.816814, 0.593253
1.5708, 0.816814, 0.583872
1.63363, 0.816814, 0.573333
1.69646, 0.816814, 0.561602
1.75929, 0.816814, 0.548653
1.82212, 0.816814, 0.53447
1.88496, 0.816814, 0.519043
1.94779, 0.816814, 0.502372
2.01062, 0.816814, 0.484466
2.07345, 0.816814, 0.46534
2.13628, 0.816814, 0.445017
2.19911, 0.816814, 0.423527
2.26195, 0.816814, 0.400909
2.32478, 0.816814, 0.377206
2.38761, 0.816814, 0.352468
2.45044, 0.816814, 0.326752
2.51327, 0.816814, 0.300119
2.57611, 0.816814, 0.272635
2.63894, 0.816814, 0.244373
2.70177, 0.816814, 0.215408
2.7646, 0.816814, 0.185819
2.82743, 0.816814, 0.155689
2.89027, 0.816814, 0.125104
2.9531, 0.816814, 0.0941517
3.01593, 0.816814, 0.0629225
3.07876, 0.816814, 0.0315077
0.0628319, 0.879646, 0.74925
0.125664, 0.879646, 0.73074
0.188496, 0.879646, 0.714706
0.251327, 0.879646, 0.700885
0.314159, 0.879646, 0.689023
0.376991, 0.879646, 0.678876
0.439823, 0.879646, 0.670214
0.502655, 0.879646, 0.662815
0.565487, 0.879646, 0.656467
0.628319, 0.879646, 0.650971
0.69115, 0.879646, 0.646135
0.753982, 0.879646, 0.64178
0.816814, 0.879646, 0.637735
0.879646, 0.879646, 0.633841
0.942478, 0.879646, 0.629947
1.00531, 0.879646, 0.625912
1.06814, 0.879646, 0.621606
1.13097, 0.879646, 0.616909
1.19381, 0.879646, 0.611708
1.25664, 0.879646, 0.605904
1.31947, 0.879646, 0.599403
1.3823, 0.879646, 0.592123
1.44513, 0.879646, 0.58399
1.50796, 0.879646, 0.574942
1.5708, 0.879646, 0.564923
1.63363, 0.879646, 0.553886
1.69646, 0.879646, 0.541795
1.75929, 0.879646, 0.528622
1.82212, 0.879646, 0.514346
1.88496, 0.879646, 0.498955
1.94779, 0.879646, 0.482446
2.01062, 0.879646, 0.464822
2.07345, 0.879646, 0.446095
2.13628, 0.879646, 0.426284
2.19911, 0.879646, 0.405414
2.26195, 0.879646, 0.383518
2.32478, 0.879646, 0.360633
2.38761, 0.879646, 0.336806
2.45044, 0.879646, 0.312085
2.51327, 0.879646, 0.286526
2.57611, 0.879646, 0.26019
2.63894, 0.879646, 0.233141
2.70177, 0.879646, 0.205448
2.7646, 0.879646, 0.177184
2.82743, 0.879646, 0.148424
2.89027, 0.879646, 0.119246
2.9531, 0.879646, 0.0897316
3.01593, 0.879646, 0.059963
3.07876, 0.879646, 0.0300242
0.0628319, 0.942478, 0.783792
0.125664, 0.942478, 0.76147
0.188496, 0.942478, 0.741771
0.251327, 0.942478, 0.724429
0.314159, 0.942478, 0.70919
0.376991, 0.942478, 0.695808
0.439823, 0.942478, 0.684051
0.502655, 0.942478, 0.673698
0.565487, 0.942478, 0.664537
0.628319, 0.942478, 0.656367
0.69115, 0.942478, 0.648999
0.753982, 0.942478, 0.642251
0.816814, 0.942478, 0.635953
0.879646, 0.942478, 0.629947
0.942478, 0.942478, 0.62408
1.00531, 0.942478, 0.618214
1.06814, 0.942478, 0.612217
1.13097, 0.942478, 0.605968
1.19381, 0.942478, 0.599356
1.25664, 0.942478, 0.592279
1.31947, 0.942478, 0.584644
1.3823, 0.942478, 0.576368
1.44513, 0.942478, 0.567375
1.50796, 0.942478, 0.557602
1.5708, 0.942478, 0.546991
1.63363, 0.942478, 0.535494
1.69646, 0.942478, 0.523072
1.75929, 0.942478, 0.509694
1.82212, 0.942478, 0.495337
1.88496, 0.942478, 0.479986
1.94779, 0.942478, 0.463634
2.01062, 0.942478, 0.446282
2.07345, 0.942478, 0.427936
2.13628, 0.942478, 0.408611
2.19911, 0.942478, 0.388328
2.26195, 0.942478, 0.367114
2.32478, 0.942478, 0.345004
2.38761, 0.942478, 0.322036
2.45044, 0.942478, 0.298255
2.51327, 0.942478, 0.273711
2.57611, 0.942478, 0.248457
2.63894, 0.942478, 0.222553
2.70177, 0.942478, 0.19606
2.7646, 0.942478, 0.169045
2.82743, 0.942478, 0.141576
2.89027, 0.942478, 0.113725
2.9531, 0.942478, 0.0855658
3.01593, 0.942478, 0.0571738
3.07876, 0.942478, 0.028626
0.0628319, 1.00531, 0.815433
0.125664, 1.00531, 0.789577
0.188496, 1.00531, 0.766479
0.251327, 1.00531, 0.745872
0.314159, 1.00531, 0.727498
0.376991, 1.00531, 0.711114
0.439823, 1.00531, 0.696485
0.502655, 1.00531, 0.683389
0.565487, 1.00531, 0.671616
0.628319, 1.00531, 0.660963
0.69115, 1.00531, 0.651242
0.753982, 1.00531, 0.642271
0.816814, 1.00531, 0.633881
0.879646, 1.00531, 0.625912
0.942478, 1.00531, 0.618214
1.00531, 1.00531, 0.610646
1.06814, 1.00531, 0.603079
1.13097, 1.00531, 0.595391
1.19381, 1.00531, 0.587469
1.25664, 1.00531, 0.579212
1.31947, 1.00531, 0.570527
1.3823, 1.00531, 0.561328
1.44513, 1.00531, 0.551542
1.50796, 1.00531, 0.5411
1.5708, 1.00531, 0.529944
1.63363, 1.00531, 0.518027
1.69646, 1.00531, 0.505304
1.75929, 1.00531, 0.491745
1.82212, 1.00531, 0.477322
1.88496, 1.00531, 0.462018
1.94779, 1.00531, 0.445823
2.01062, 1.00531, 0.428734
2.07345, 1.00531, 0.410755
2.13628, 1.00531, 0.391895
2.19911, 1.00531, 0.372171
2.26195, 1.00531, 0.351608
2.32478, 1.00531, 0.330233
2.38761, 1.00531, 0.30808
2.45044, 1.00531, 0.285189
2.51327, 1.00531, 0.261605
2.57611, 1.00531, 0.237375
2.63894, 1.00531, 0.212553
2.70177, 1.00531, 0.187194
2.7646, 1.00531, 0.161359
2.82743, 1.00531, 0.13511
2.89027, 1.00531, 0.108512
2.9531, 1.00531, 0.0816327
3.01593, 1.00531, 0.0545406
3.07876, 1.00531, 0.027306
0.0628319, 1.06814, 0.844035
0.125664, 1.06814, 0.814926
0.188496, 1.06814, 0.788697
0.251327, 1.06814, 0.765081
0.314159, 1.06814, 0.743818
0.376991, 1.06814, 0.724664
0.439823, 1.06814, 0.707385
0.502655, 1.06814, 0.691758
0.565487, 1.06814, 0.677573
0.628319, 1.06814, 0.664628
0.69115, 1.06814, 0.652734
0.753982, 1.06814, 0.64171
0.816814, 1.06814, 0.631387
0.879646, 1.06814, 0.621606
0.942478, 1.06814, 0.612217
1.00531, 1.06814, 0.603079
1.06814, 1.06814, 0.594062
1.13097, 1.06814, 0.585046
1.19381, 1.06814, 0.575917
1.25664, 1.06814, 0.566574
1.31947, 1.06814, 0.556923
1.3823, 1.06814, 0.546878
1.44513, 1.06814, 0.536363
1.50796, 1.06814, 0.52531
1.5708, 1.06814, 0.513661
1.63363, 1.06814, 0.501363
1.69646, 1.06814, 0.488374
1.75929, 1.06814, 0.474658
1.82212, 1.06814, 0.460188
1.88496, 1.06814, 0.444942
1.94779, 1.06814, 0.428907
2.01062, 1.06814, 0.412078
2.07345, 1.06814, 0.394454
2.13628, 1.06814, 0.376042
2.19911, 1.06814, 0.356856
2.26195, 1.06814, 0.336913
2.32478, 1.06814, 0.316238
2.38761, 1.06814, 0.294862
2.45044, 1.06814, 0.272817
2.51327, 1.06814, 0.250144
2.57611, 1.06814, 0.226886
2.63894, 1.06814, 0.203089
2.70177, 1.06814, 0.178805
2.7646, 1.06814, 0.154087
2.82743, 1.06814, 0.128993
2.89027, 1.06814, 0.103581
2.9531, 1.06814, 0.0779122
3.01593, 1.06814, 0.0520498
3.07876, 1.06814, 0.0260575
0.0628319, 1.13097, 0.869473
0.125664, 1.13097, 0.837393
0.188496, 1.13097, 0.808304
0.251327, 1.13097, 0.781935
0.314159, 1.13097, 0.758029
0.376991, 1.13097, 0.736339
0.439823, 1.13097, 0.716632
0.502655, 1.13097, 0.698686
0.565487, 1.13097, 0.68229
0.628319, 1.13097, 0.667243
0.69115, 1.13097, 0.653355
0.753982, 1.13097, 0.640448
0.816814, 1.13097, 0.628352
0.879646, 1.13097, 0.616909
0.942478, 1.13097, 0.605968
1.00531, 1.13097, 0.595391
1.06814, 1.13097, 0.585046
1.13097, 1.13097, 0.574813
1.19381, 1.13097, 0.56458
1.25664, 1.13097, 0.554245
1.31947, 1.13097, 0.543712
1.3823, 1.13097, 0.532897
1.44513, 1.13097, 0.521722
1.50796, 1.13097, 0.510118
1.5708, 1.13097, 0.498026
1.63363, 1.13097, 0.485392
1.69646, 1.13097, 0.472171
1.75929, 1.13097, 0.458327
1.82212, 1.13097, 0.443828
1.88496, 1.13097, 0.428653
1.94779, 1.13097, 0.412785
2.01062, 1.13097, 0.396215
2.07345, 1.13097, 0.378941
2.13628, 1.13097, 0.360964
2.19911, 1.13097, 0.342296
2.26195, 1.13097, 0.32295
2.32478, 1.13097, 0.302947
2.38761, 1.13097, 0.282311
2.45044, 1.13097, 0.261074
2.51327, 1.13097, 0.239269
2.57611, 1.13097, 0.216934
2.63894, 1.13097, 0.194113
2.70177, 1.13097, 0.170849
2.7646, 1.13097, 0.147192
2.82743, 1.13097, 0.123193
2.89027, 1.13097, 0.0989062
2.9531, 1.13097, 0.0743857
3.01593, 1.13097, 0.049689
3.07876, 1.13097, 0.0248741
0.0628319, 1.19381, 0.891638
0.125664, 1.19381, 0.856871
0.188496, 1.19381, 0.825191
0.251327, 1.19381, 0.796327
0.314159, 1.19381, 0.770022
0.376991, 1.19381, 0.746031
0.439823, 1.19381, 0.724119
0.502655, 1.19381, 0.704064
0.565487, 1.19381, 0.685657
0.628319, 1.19381, 0.668697
0.69115, 1.19381, 0.652996
0.753982, 1.19381, 0.638375
0.816814, 1.19381, 0.624665
0.879646, 1.19381, 0.611708
0.942478, 1.19381, 0.599356
1.00531, 1.19381, 0.587469
1.06814, 1.19381, 0.575917
1.13097, 1.19381, 0.56458
1.19381, 1.19381, 0.553346
1.25664, 1.19381, 0.542112
1.31947, 1.19381, 0.530784
1.3823, 1.19381, 0.519275
1.44513, 1.19381, 0.507509
1.50796, 1.19381, 0.495415
1.5708, 1.19381, 0.482932
1.63363, 1.19381, 0.470007
1.69646, 1.19381, 0.456592
1.75929, 1.19381, 0.442649
1.82212, 1.19381, 0.428146
1.88496, 1.19381, 0.413058
1.94779, 1.19381, 0.397366
2.01062, 1.19381, 0.381058
2.07345, 1.19381, 0.364129
2.13628, 1.19381, 0.346579
2.19911, 1.19381, 0.328414
2.26195, 1.19381, 0.309644
2.32478, 1.19381, 0.290287
2.38761, 1.19381, 0.270363
2.45044, 1.19381, 0.249898
2.51327, 1.19381, 0.228923
2.57611, 1.19381, 0.20747
2.63894, 1.19381, 0.185578
2.70177, 1.19381, 0.163286
2.7646, 1.19381, 0.140639
2.82743, 1.19381, 0.117683
2.89027, 1.19381, 0.0944647
2.9531, 1.19381, 0.0710353
3.01593, 1.19381, 0.0474462
3.07876, 1.19381, 0.02375
0.0628319, 1.25664, 0.910431
0.125664, 1.25664, 0.87326
0.188496, 1.25664, 0.839261
0.251327, 1.25664, 0.808161
0.314159, 1.25664, 0.779703
0.376991, 1.25664, 0.753643
0.439823, 1.25664, 0.729748
0.502655, 1.25664, 0.707796
0.565487, 1.25664, 0.687577
0.628319, 1.25664, 0.668894
0.69115, 1.25664, 0.651557
0.753982, 1.25664, 0.63539
0.816814, 1.25664, 0.620225
0.879646, 1.25664, 0.605904
0.942478, 1.25664, 0.592279
1.00531, 1.25664, 0.579212
1.06814, 1.25664, 0.566574
1.13097, 1.25664, 0.554245
1.19381, 1.25664, 0.542112
1.25664, 1.25664, 0.530074
1.31947, 1.25664, 0.518036
1.3823, 1.25664, 0.505912
1.44513, 1.25664, 0.493623
1.50796, 1.25664, 0.481101
1.5708, 1.25664, 0.468282
1.63363, 1.25664, 0.455111
1.69646, 1.25664, 0.441541
1.75929, 1.25664, 0.427532
1.82212, 1.25664, 0.413049
1.88496, 1.25664, 0.398066
1.94779, 1.25664, 0.382562
2.01062, 1.25664, 0.366522
2.07345, 1.25664, 0.349939
2.13628, 1.25664, 0.332809
2.19911, 1.25664, 0.315135
2.26195, 1.25664, 0.296926
2.32478, 1.25664, 0.278193
2.38761, 1.25664, 0.258955
2.45044, 1.25664, 0.239234
2.51327, 1.25664, 0.219054
2.57611, 1.25664, 0.198446
2.63894, 1.25664, 0.177442
2.70177, 1.25664, 0.15608
2.7646, 1.25664, 0.134396
2.82743, 1.25664, 0.112433
2.89027, 1.25664, 0.0902344
2.9531, 1.25664, 0.0678447
3.01593, 1.25664, 0.0453106
3.07876, 1.25664, 0.0226796
0.0628319, 1.31947, 0.925769
0.125664, 1.31947, 0.88648
0.188496, 1.31947, 0.850431
0.251327, 1.31947, 0.817352
0.314159, 1.31947, 0.786987
0.376991, 1.31947, 0.759091
0.439823, 1.31947, 0.733433
0.502655, 1.31947, 0.709793
0.565487, 1.31947, 0.687962
0.628319, 1.31947, 0.667743
0.69115, 1.31947, 0.648949
0.753982, 1.31947, 0.631404
0.816814, 1.31947, 0.61494
0.879646, 1.31947, 0.599403
0.942478, 1.31947, 0.584644
1.00531, 1.31947, 0.570527
1.06814, 1.31947, 0.556923
1.13097, 1.31947, 0.543712
1.19381, 1.31947, 0.530784
1.25664, 1.31947, 0.518036
1.31947, 1.31947, 0.505374
1.3823, 1.31947, 0.492712
1.44513, 1.31947, 0.479972
1.50796, 1.31947, 0.467083
1.5708, 1.31947, 0.453983
1.63363, 1.31947, 0.440614
1.69646, 1.31947, 0.42693
1.75929, 1.31947, 0.412888
1.82212, 1.31947, 0.398452
1.88496, 1.31947, 0.383595
1.94779, 1.31947, 0.368293
2.01062, 1.31947, 0.35253
2.07345, 1.31947, 0.336295
2.13628, 1.31947, 0.319583
2.19911, 1.31947, 0.302393
2.26195, 1.31947, 0.284731
2.32478, 1.31947, 0.266606
2.38761, 1.31947, 0.248032
2.45044, 1.31947, 0.229027
2.51327, 1.31947, 0.209614
2.57611, 1.31947, 0.189817
2.63894, 1.31947, 0.169666
2.70177, 1.31947, 0.149193
2.7646, 1.31947, 0.128432
2.82743, 1.31947, 0.10742
2.89027, 1.31947, 0.0861952
2.9531, 1.31947, 0.0647986
3.01593, 1.31947, 0.0432719
3.07876, 1.31947, 0.0216578
0.0628319, 1.3823, 0.937583
0.125664, 1.3823, 0.896458
0.188496, 1.3823, 0.85863
0.251327, 1.3823, 0.823829
0.314159, 1.3823, 0.791801
0.376991, 1.3823, 0.762301
0.439823, 1.3823, 0.735101
0.502655, 1.3823, 0.709982
0.565487, 1.3823, 0.686736
0.628319, 1.3823, 0.665168
0.69115, 1.3823, 0.645093
0.753982, 1.3823, 0.626335
0.816814, 1.3823, 0.60873
0.879646, 1.3823, 0.592123
0.942478, 1.3823, 0.576368
1.00531, 1.3823, 0.561328
1.06814, 1.3823, 0.546878
1.13097, 1.3823, 0.532897
1.19381, 1.3823, 0.519275
1.25664, 1.3823, 0.505912
1.31947, 1.3823, 0.492712
1.3823, 1.3823, 0.479591
1.44513, 1.3823, 0.466469
1.50796, 1.3823, 0.453277
1.5708, 1.3823, 0.439951
1.63363, 1.3823, 0.426434
1.69646, 1.3823, 0.412677
1.75929, 1.3823, 0.398637
1.82212, 1.3823, 0.384278
1.88496, 1.3823, 0.369569
1.94779, 1.3823, 0.354485
2.01062, 1.3823, 0.33901
2.07345, 1.3823, 0.323128
2.13628, 1.3823, 0.306834
2.19911, 1.3823, 0.290123
2.26195, 1.3823, 0.272999
2.32478, 1.3823, 0.255467
2.38761, 1.3823, 0.237539
2.45044, 1.3823, 0.219229
2.51327, 1.3823, 0.200556
2.57611, 1.3823, 0.181542
2.63894, 1.3823, 0.162213
2.70177, 1.3823, 0.142595
2.7646, 1.3823, 0.122719
2.82743, 1.3823, 0.102619
2.89027, 1.3823, 0.0823278
2.9531, 1.3823, 0.0618825
3.01593, 1.3823, 0.0413204
3.07876, 1.3823, 0.0206799
0.0628319, 1.44513, 0.945818
0.125664, 1.44513, 0.903141
0.188496, 1.44513, 0.863802
0.251327, 1.44513, 0.827535
0.314159, 1.44513, 0.794085
0.376991, 1.44513, 0.763212
0.439823, 1.44513, 0.734688
0.502655, 1.44513, 0.708296
0.565487, 1.44513, 0.683832
0.628319, 1.44513, 0.6611
0.69115, 1.44513, 0.639918
0.753982, 1.44513, 0.620113
0.816814, 1.44513, 0.601522
0.879646, 1.44513, 0.58399
0.942478, 1.44513, 0.567375
1.00531, 1.44513, 0.551542
1.06814, 1.44513, 0.536363
1.13097, 1.44513, 0.521722
1.19381, 1.44513, 0.507509
1.25664, 1.44513, 0.493623
1.31947, 1.44513, 0.479972
1.3823, 1.44513, 0.466469
1.44513, 1.44513, 0.453037
1.50796, 1.44513, 0.439605
1.5708, 1.44513, 0.42611
1.63363, 1.44513, 0.412494
1.69646, 1.44513, 0.398707
1.75929, 1.44513, 0.384706
1.82212, 1.44513, 0.370453
1.88496, 1.44513, 0.355916
1.94779, 1.44513, 0.34107
2.01062, 1.44513, 0.325895
2.07345, 1.44513, 0.310375
2.13628, 1.44513, 0.294501
2.19911, 1.44513, 0.278267
2.26195, 1.44513, 0.261674
2.32478, 1.44513, 0.244724
2.38761, 1.44513, 0.227427
2.45044, 1.44513, 0.209794
2.51327, 1.44513, 0.19184
2.57611, 1.44513, 0.173584
2.63894, 1.44513, 0.155047
2.70177, 1.44513, 0.136254
2.7646, 1.44513, 0.117231
2.82743, 1.44513, 0.0980081
2.89027, 1.44513, 0.0786147
2.9531, 1.44513, 0.0590833
3.01593, 1.44513, 0.0394474
3.07876, 1.44513, 0.0197413
0.0628319, 1.50796, 0.950433
0.125664, 1.50796, 0.906485
0.188496, 1.50796, 0.865903
0.251327, 1.50796, 0.828422
0.314159, 1.50796, 0.793792
0.376991, 1.50796, 0.761775
0.439823, 1.50796, 0.732143
0.502655, 1.50796, 0.704684
0.565487, 1.50796, 0.679194
0.628319, 1.50796, 0.655482
0.69115, 1.50796, 0.633367
0.753982, 1.50796, 0.612678
0.816814, 1.50796, 0.593253
0.879646, 1.50796, 0.574942
0.942478, 1.50796, 0.557602
1.00531, 1.50796, 0.5411
1.06814, 1.50796, 0.52531
1.13097, 1.50796, 0.510118
1.19381, 1.50796, 0.495415
1.25664, 1.50796, 0.481101
1.31947, 1.50796, 0.467083
1.3823, 1.50796, 0.453277
1.44513, 1.50796, 0.439605
1.50796, 1.50796, 0.425997
1.5708, 1.50796, 0.412389
1.63363, 1.50796, 0.398724
1.69646, 1.50796, 0.384951
1.75929, 1.50796, 0.371027
1.82212, 1.50796, 0.356911
1.88496, 1.50796, 0.342573
1.94779, 1.50796, 0.327985
2.01062, 1.50796, 0.313124
2.07345, 1.50796, 0.297976
2.13628, 1.50796, 0.282527
2.19911, 1.50796, 0.266771
2.26195, 1.50796, 0.250705
2.32478, 1.50796, 0.23433
2.38761, 1.50796, 0.217652
2.45044, 1.50796, 0.20068
2.51327, 1.50796, 0.183426
2.57611, 1.50796, 0.165906
2.63894, 1.50796, 0.148138
2.70177, 1.50796, 0.130143
2.7646, 1.50796, 0.111944
2.82743, 1.50796, 0.0935676
2.89027, 1.50796, 0.0750395
2.9531, 1.50796, 0.0563886
3.01593, 1.50796, 0.0376446
3.07876, 1.50796, 0.018838
0.0628319, 1.5708, 0.951403
0.125664, 1.5708, 0.906462
0.188496, 1.5708, 0.864902
0.251327, 1.5708, 0.826459
0.314159, 1.5708, 0.790888
0.376991, 1.5708, 0.757951
0.439823, 1.5708, 0.727426
0.502655, 1.5708, 0.699102
0.565487, 1.5708, 0.672779
0.628319, 1.5708, 0.648268
0.69115, 1.5708, 0.62539
0.753982, 1.5708, 0.603978
0.816814, 1.5708, 0.583872
0.879646, 1.5708, 0.564923
0.942478, 1.5708, 0.546991
1.00531, 1.5708, 0.529944
1.06814, 1.5708, 0.513661
1.13097, 1.5708, 0.498026
1.19381, 1.5708, 0.482932
1.25664, 1.5708, 0.468282
1.31947, 1.5708, 0.453983
1.3823, 1.5708, 0.439951
1.44513, 1.5708, 0.42611
1.50796, 1.5708, 0.412389
1.5708, 1.5708, 0.398726
1.63363, 1.5708, 0.385062
1.69646, 1.5708, 0.371348
1.75929, 1.5708, 0.357538
1.82212, 1.5708, 0.343593
1.88496, 1.5708, 0.32948
1.94779, 1.5708, 0.315171
2.01062, 1.5708, 0.300643
2.07345, 1.5708, 0.285877
2.13628, 1.5708, 0.270861
2.19911, 1.5708, 0.255584
2.26195, 1.5708, 0.240044
2.32478, 1.5708, 0.224238
2.38761, 1.5708, 0.208171
2.45044, 1.5708, 0.191847
2.51327, 1.5708, 0.175278
2.57611, 1.5708, 0.158476
2.63894, 1.5708, 0.141455
2.70177, 1.5708, 0.124235
2.7646, 1.5708, 0.106836
2.82743, 1.5708, 0.0892784
2.89027, 1.5708, 0.0715871
2.9531, 1.5708, 0.053787
3.01593, 1.5708, 0.0359043
3.07876, 1.5708, 0.0179661
0.0628319, 1.63363, 0.948717
0.125664, 1.63363, 0.90306
0.188496, 1.63363, 0.860782
0.251327, 1.63363, 0.821626
0.314159, 1.63363, 0.785348
0.376991, 1.63363, 0.751715
0.439823, 1.63363, 0.720508
0.502655, 1.63363, 0.691519
0.565487, 1.63363, 0.664552
0.628319, 1.63363, 0.63942
0.69115, 1.63363, 0.615948
0.753982, 1.63363, 0.593971
0.816814, 1.63363, 0.573333
0.879646, 1.63363, 0.553886
0.942478, 1.63363, 0.535494
1.00531, 1.63363, 0.518027
1.06814, 1.63363, 0.501363
1.13097, 1.63363, 0.485392
1.19381, 1.63363, 0.470007
1.25664, 1.63363, 0.455111
1.31947, 1.63363, 0.440614
1.3823, 1.63363, 0.426434
1.44513, 1.63363, 0.412494
1.50796, 1.63363, 0.398724
1.5708, 1.63363, 0.385062
1.63363, 1.63363, 0.371451
1.69646, 1.63363, 0.35784
1.75929, 1.63363, 0.344183
1.82212, 1.63363, 0.330443
1.88496, 1.63363, 0.316583
1.94779, 1.63363, 0.302577
2.01062, 1.63363, 0.288398
2.07345, 1.63363, 0.274029
2.13628, 1.63363, 0.259454
2.19911, 1.63363, 0.244663
2.26195, 1.63363, 0.229649
2.32478, 1.63363, 0.214409
2.38761, 1.63363, 0.198945
2.45044, 1.63363, 0.183261
2.51327, 1.63363, 0.167363
2.57611, 1.63363, 0.151263
2.63894, 1.63363, 0.134973
2.70177, 1.63363, 0.118508
2.7646, 1.63363, 0.101885
2.82743, 1.63363, 0.0851231
2.89027, 1.63363, 0.0682435
2.9531, 1.63363, 0.051268
3.01593, 1.63363, 0.0342196
3.07876, 1.63363, 0.0171221
0.0628319, 1.69646, 0.942379
0.125664, 1.69646, 0.896277
0.188496, 1.69646, 0.853541
0.251327, 1.69646, 0.813916
0.314159, 1.69646, 0.777163
0.376991, 1.69646, 0.743053
0.439823, 1.69646, 0.711372
0.502655, 1.69646, 0.681914
0.565487, 1.69646, 0.654489
0.628319, 1.69646, 0.628912
0.69115, 1.69646, 0.605011
0.753982, 1.69646, 0.582626
0.816814, 1.69646, 0.561602
0.879646, 1.69646, 0.541795
0.942478, 1.69646, 0.523072
1.00531, 1.69646, 0.505304
1.06814, 1.69646, 0.488374
1.13097, 1.69646, 0.472171
1.19381, 1.69646, 0.456592
1.25664, 1.69646, 0.441541
1.31947, 1.69646, 0.42693
1.3823, 1.69646, 0.412677
1.44513, 1.69646, 0.398707
1.50796, 1.69646, 0.384951
1.5708, 1.69646, 0.371348
1.63363, 1.69646, 0.35784
1.69646, 1.69646, 0.344377
1.75929, 1.69646, 0.330914
1.82212, 1.69646, 0.317411
1.88496, 1.69646, 0.303834
1.94779, 1.69646, 0.290154
2.01062, 1.69646, 0.276344
2.07345, 1.69646, 0.262386
2.13628, 1.69646, 0.248263
2.19911, 1.69646, 0.233963
2.26195, 1.69646, 0.219479
2.32478, 1.69646, 0.204804
2.38761, 1.69646, 0.18994
2.45044, 1.69646, 0.174887
2.51327, 1.69646, 0.159652
2.57611, 1.69646, 0.144241
2.63894, 1.69646, 0.128665
2.70177, 1.69646, 0.112938
2.7646, 1.69646, 0.0970722
2.82743, 1.69646, 0.0810857
2.89027, 1.69646, 0.0649959
2.9531, 1.69646, 0.0488219
3.01593, 1.69646, 0.0325839
3.07876, 1.69646, 0.0163028
0.0628319, 1.75929, 0.932408
0.125664, 1.75929, 0.886129
0.188496, 1.75929, 0.843187
0.251327, 1.75929, 0.803334
0.314159, 1.75929, 0.766333
0.376991, 1.75929, 0.731963
0.439823, 1.75929, 0.700011
0.502655, 1.75929, 0.670279
0.565487, 1.75929, 0.642577
0.628319, 1.75929, 0.616727
0.69115, 1.75929, 0.59256
0.753982, 1.75929, 0.569919
0.816814, 1.75929, 0.548653
0.879646, 1.75929, 0.528622
0.942478, 1.75929, 0.509694
1.00531, 1.75929, 0.491745
1.06814, 1.75929, 0.474658
1.13097, 1.75929, 0.458327
1.19381, 1.75929, 0.442649
1.25664, 1.75929, 0.427532
1.31947, 1.75929, 0.412888
1.3823, 1.75929, 0.398637
1.44513, 1.75929, 0.384706
1.50796, 1.75929, 0.371027
1.5708, 1.75929, 0.357538
1.63363, 1.75929, 0.344183
1.69646, 1.75929, 0.330914
1.75929, 1.75929, 0.317684
1.82212, 1.75929, 0.304454
1.88496, 1.75929, 0.291189
1.94779, 1.75929, 0.277859
2.01062, 1.75929, 0.26444
2.07345, 1.75929, 0.250909
2.13628, 1.75929, 0.23725
2.19911, 1.75929, 0.223449
2.26195, 1.75929, 0.209498
2.32478, 1.75929, 0.19539
2.38761, 1.75929, 0.181123
2.45044, 1.75929, 0.166697
2.51327, 1.75929, 0.152115
2.57611, 1.75929, 0.137383
2.63894, 1.75929, 0.12251
2.70177, 1.75929, 0.107505
2.7646, 1.75929, 0.092381
2.82743, 1.75929, 0.0771517
2.89027, 1.75929, 0.0618324
2.9531, 1.75929, 0.0464398
3.01593, 1.75929, 0.0309913
3.07876, 1.75929, 0.0155051
0.0628319, 1.82212, 0.918838
0.125664, 1.82212, 0.872644
0.188496, 1.82212, 0.829746
0.251327, 1.82212, 0.789899
0.314159, 1.82212, 0.752874
0.376991, 1.82212, 0.718454
0.439823, 1.82212, 0.686432
0.502655, 1.82212, 0.656613
0.565487, 1.82212, 0.628813
0.628319, 1.82212, 0.602858
0.69115, 1.82212, 0.578584
0.753982, 1.82212, 0.555837
0.816814, 1.82212, 0.53447
0.879646, 1.82212, 0.514346
0.942478, 1.82212, 0.495337
1.00531, 1.82212, 0.477322
1.06814, 1.82212, 0.460188
1.13097, 1.82212, 0.443828
1.19381, 1.82212, 0.428146
1.25664, 1.82212, 0.413049
1.31947, 1.82212, 0.398452
1.3823, 1.82212, 0.384278
1.44513, 1.82212, 0.370453
1.50796, 1.82212, 0.356911
1.5708, 1.82212, 0.343593
1.63363, 1.82212, 0.330443
1.69646, 1.82212, 0.317411
1.75929, 1.82212, 0.304454
1.82212, 1.82212, 0.291531
1.88496, 1.82212, 0.278608
1.94779, 1.82212, 0.265655
2.01062, 1.82212, 0.252646
2.07345, 1.82212, 0.23956
2.13628, 1.82212, 0.226378
2.19911, 1.82212, 0.213086
2.26195, 1.82212, 0.199674
2.32478, 1.82212, 0.186135
2.38761, 1.82212, 0.172465
2.45044, 1.82212, 0.158662
2.51327, 1.82212, 0.144728
2.57611, 1.82212, 0.130667
2.63894, 1.82212, 0.116486
2.70177, 1.82212, 0.102192
2.7646, 1.82212, 0.087795
2.82743, 1.82212, 0.0733076
2.89027, 1.82212, 0.0587424
2.9531, 1.82212, 0.0441136
3.01593, 1.82212, 0.0294364
3.07876, 1.82212, 0.0147264
0.0628319, 1.88496, 0.901716
0.125664, 1.88496, 0.855864
0.188496, 1.88496, 0.813252
0.251327, 1.88496, 0.773642
0.314159, 1.88496, 0.736811
0.376991, 1.88496, 0.702547
0.439823, 1.88496, 0.670649
0.502655, 1.88496, 0.640928
0.565487, 1.88496, 0.613204
0.628319, 1.88496, 0.587308
0.69115, 1.88496, 0.563082
0.753982, 1.88496, 0.540374
0.816814, 1.88496, 0.519043
0.879646, 1.88496, 0.498955
0.942478, 1.88496, 0.479986
1.00531, 1.88496, 0.462018
1.06814, 1.88496, 0.444942
1.13097, 1.88496, 0.428653
1.19381, 1.88496, 0.413058
1.25664, 1.88496, 0.398066
1.31947, 1.88496, 0.383595
1.3823, 1.88496, 0.369569
1.44513, 1.88496, 0.355916
1.50796, 1.88496, 0.342573
1.5708, 1.88496, 0.32948
1.63363, 1.88496, 0.316583
1.69646, 1.88496, 0.303834
1.75929, 1.88496, 0.291189
1.82212, 1.88496, 0.278608
1.88496, 1.88496, 0.266058
1.94779, 1.88496, 0.253507
2.01062, 1.88496, 0.240931
2.07345, 1.88496, 0.228306
2.13628, 1.88496, 0.215615
2.19911, 1.88496, 0.202842
2.26195, 1.88496, 0.189977
2.32478, 1.88496, 0.177011
2.38761, 1.88496, 0.163939
2.45044, 1.88496, 0.150758
2.51327, 1.88496, 0.137469
2.57611, 1.88496, 0.124072
2.63894, 1.88496, 0.110574
2.70177, 1.88496, 0.0969807
2.7646, 1.88496, 0.0832998
2.82743, 1.88496, 0.0695412
2.89027, 1.88496, 0.0557159
2.9531, 1.88496, 0.0418359
3.01593, 1.88496, 0.0279141
3.07876, 1.88496, 0.0139642
0.0628319, 1.94779, 0.881104
0.125664, 1.94779, 0.835845
0.188496, 1.94779, 0.793755
0.251327, 1.94779, 0.754607
0.314159, 1.94779, 0.718181
0.376991, 1.94779, 0.684274
0.439823, 1.94779, 0.652689
0.502655, 1.94779, 0.623245
0.565487, 1.94779, 0.595766
0.628319, 1.94779, 0.57009
0.69115, 1.94779, 0.546061
0.753982, 1.94779, 0.523534
0.816814, 1.94779, 0.502372
0.879646, 1.94779, 0.482446
0.942478, 1.94779, 0.463634
1.00531, 1.94779, 0.445823
1.06814, 1.94779, 0.428907
1.13097, 1.94779, 0.412785
1.19381, 1.94779, 0.397366
1.25664, 1.94779, 0.382562
1.31947, 1.94779, 0.368293
1.3823, 1.94779, 0.354485
1.44513, 1.94779, 0.34107
1.50796, 1.94779, 0.327985
1.5708, 1.94779, 0.315171
1.63363, 1.94779, 0.302577
1.69646, 1.94779, 0.290154
1.75929, 1.94779, 0.277859
1.82212, 1.94779, 0.265655
1.88496, 1.94779, 0.253507
1.94779, 1.94779, 0.241385
2.01062, 1.94779, 0.229263
2.07345, 1.94779, 0.217119
2.13628, 1.94779, 0.204933
2.19911, 1.94779, 0.192692
2.26195, 1.94779, 0.180382
2.32478, 1.94779, 0.167994
2.38761, 1.94779, 0.155522
2.45044, 1.94779, 0.142963
2.51327, 1.94779, 0.130315
2.57611, 1.94779, 0.117579
2.63894, 1.94779, 0.104758
2.70177, 1.94779, 0.0918571
2.7646, 1.94779, 0.0788823
2.82743, 1.94779, 0.0658416
2.89027, 1.94779, 0.0527441
2.9531, 1.94779, 0.0396
3.01593, 1.94779, 0.0264201
3.07876, 1.94779, 0.0132162
0.0628319, 2.01062, 0.857079
0.125664, 2.01062, 0.812655
0.188496, 2.01062, 0.771318
0.251327, 2.01062, 0.732848
0.314159, 2.01062, 0.697034
0.376991, 2.01062, 0.663677
0.439823, 2.01062, 0.63259
0.502655, 2.01062, 0.603596
0.565487, 2.01062, 0.576526
0.628319, 2.01062, 0.551224
0.69115, 2.01062, 0.527538
0.753982, 2.01062, 0.50533
0.816814, 2.01062, 0.484466
0.879646, 2.01062, 0.464822
0.942478, 2.01062, 0.446282
1.00531, 2.01062, 0.428734
1.06814, 2.01062, 0.412078
1.13097, 2.01062, 0.396215
1.19381, 2.01062, 0.381058
1.25664, 2.01062, 0.366522
1.31947, 2.01062, 0.35253
1.3823, 2.01062, 0.33901
1.44513, 2.01062, 0.325895
1.50796, 2.01062, 0.313124
1.5708, 2.01062, 0.300643
1.63363, 2.01062, 0.288398
1.69646, 2.01062, 0.276344
1.75929, 2.01062, 0.26444
1.82212, 2.01062, 0.252646
1.88496, 2.01062, 0.240931
1.94779, 2.01062, 0.229263
2.01062, 2.01062, 0.217618
2.07345, 2.01062, 0.205972
2.13628, 2.01062, 0.194308
2.19911, 2.01062, 0.182609
2.26195, 2.01062, 0.170863
2.32478, 2.01062, 0.15906
2.38761, 2.01062, 0.147193
2.45044, 2.01062, 0.135257
2.51327, 2.01062, 0.12325
2.57611, 2.01062, 0.111171
2.63894, 2.01062, 0.0990224
2.70177, 2.01062, 0.0868073
2.7646, 2.01062, 0.0745306
2.82743, 2.01062, 0.0621987
2.89027, 2.01062, 0.0498189
2.9531, 2.01062, 0.0373997
3.01593, 2.01062, 0.0249503
3.07876, 2.01062, 0.0124803
0.0628319, 2.07345, 0.829732
0.125664, 2.07345, 0.786377
0.188496, 2.07345, 0.746015
0.251327, 2.07345, 0.708433
0.314159, 2.07345, 0.673429
0.376991, 2.07345, 0.640811
0.439823, 2.07345, 0.610399
0.502655, 2.07345, 0.582022
0.565487, 2.07345, 0.55552
0.628319, 2.07345, 0.53074
0.69115, 2.07345, 0.507539
0.753982, 2.07345, 0.485781
0.816814, 2.07345, 0.46534
0.879646, 2.07345, 0.446095
0.942478, 2.07345, 0.427936
1.00531, 2.07345, 0.410755
1.06814, 2.07345, 0.394454
1.13097, 2.07345, 0.378941
1.19381, 2.07345, 0.364129
1.25664, 2.07345, 0.349939
1.31947, 2.07345, 0.336295
1.3823, 2.07345, 0.323128
1.44513, 2.07345, 0.310375
1.50796, 2.07345, 0.297976
1.5708, 2.07345, 0.285877
1.63363, 2.07345, 0.274029
1.69646, 2.07345, 0.262386
1.75929, 2.07345, 0.250909
1.82212, 2.07345, 0.23956
1.88496, 2.07345, 0.228306
1.94779, 2.07345, 0.217119
2.01062, 2.07345, 0.205972
2.07345, 2.07345, 0.194845
2.13628, 2.07345, 0.183718
2.19911, 2.07345, 0.172574
2.26195, 2.07345, 0.161402
2.32478, 2.07345, 0.150191
2.38761, 2.07345, 0.138933
2.45044, 2.07345, 0.127622
2.51327, 2.07345, 0.116256
2.57611, 2.07345, 0.104833
2.63894, 2.07345, 0.093353
2.70177, 2.07345, 0.081819
2.7646, 2.07345, 0.0702343
2.82743, 2.07345, 0.0586037
2.89027, 2.07345, 0.0469332
2.9531, 2.07345, 0.0352298
3.01593, 2.07345, 0.0235009
3.07876, 2.07345, 0.0117548
0.0628319, 2.13628, 0.799165
0.125664, 2.13628, 0.757105
0.188496, 2.13628, 0.717932
0.251327, 2.13628, 0.68144
0.314159, 2.13628, 0.647437
0.376991, 2.13628, 0.615738
0.439823, 2.13628, 0.586172
0.502655, 2.13628, 0.558574
0.565487, 2.13628, 0.532791
0.628319, 2.13628, 0.508677
0.69115, 2.13628, 0.486095
0.753982, 2.13628, 0.464916
0.816814, 2.13628, 0.445017
0.879646, 2.13628, 0.426284
0.942478, 2.13628, 0.408611
1.00531, 2.13628, 0.391895
1.06814, 2.13628, 0.376042
1.13097, 2.13628, 0.360964
1.19381, 2.13628, 0.346579
1.25664, 2.13628, 0.332809
1.31947, 2.13628, 0.319583
1.3823, 2.13628, 0.306834
1.44513, 2.13628, 0.294501
1.50796, 2.13628, 0.282527
1.5708, 2.13628, 0.270861
1.63363, 2.13628, 0.259454
1.69646, 2.13628, 0.248263
1.75929, 2.13628, 0.23725
1.82212, 2.13628, 0.226378
1.88496, 2.13628, 0.215615
1.94779, 2.13628, 0.204933
2.01062, 2.13628, 0.194308
2.07345, 2.13628, 0.183718
2.13628, 2.13628, 0.173143
2.19911, 2.13628, 0.162568
2.26195, 2.13628, 0.15198
2.32478, 2.13628, 0.141369
2.38761, 2.13628, 0.130725
2.45044, 2.13628, 0.120043
2.51327, 2.13628, 0.109319
2.57611, 2.13628, 0.0985509
2.63894, 2.13628, 0.087738
2.70177, 2.13628, 0.0768814
2.7646, 2.13628, 0.0659838
2.82743, 2.13628, 0.0550486
2.89027, 2.13628, 0.0440805
2.9531, 2.13628, 0.0330852
3.01593, 2.13628, 0.0220688
3.07876, 2.13628, 0.011038
0.0628319, 2.19911, 0.765495
0.125664, 2.19911, 0.724947
0.188496, 2.19911, 0.687167
0.251327, 2.19911, 0.65196
0.314159, 2.19911, 0.61914
0.376991, 2.19911, 0.588534
0.439823, 2.19911, 0.559976
0.502655, 2.19911, 0.533312
0.565487, 2.19911, 0.508394
0.628319, 2.19911, 0.485083
0.69115, 2.19911, 0.463249
0.753982, 2.19911, 0.442769
0.816814, 2.19911, 0.423527
0.879646, 2.19911, 0.405414
0.942478, 2.19911, 0.388328
1.00531, 2.19911, 0.372171
1.06814, 2.19911, 0.356856
1.13097, 2.19911, 0.342296
1.19381, 2.19911, 0.328414
1.25664, 2.19911, 0.315135
1.31947, 2.19911, 0.302393
1.3823, 2.19911, 0.290123
1.44513, 2.19911, 0.278267
1.50796, 2.19911, 0.266771
1.5708, 2.19911, 0.255584
1.63363, 2.19911, 0.244663
1.69646, 2.19911, 0.233963
1.75929, 2.19911, 0.223449
1.82212, 2.19911, 0.213086
1.88496, 2.19911, 0.202842
1.94779, 2.19911, 0.192692
2.01062, 2.19911, 0.182609
2.07345, 2.19911, 0.172574
2.13628, 2.19911, 0.162568
2.19911, 2.19911, 0.152575
2.26195, 2.19911, 0.142582
2.32478, 2.19911, 0.132578
2.38761, 2.19911, 0.122555
2.45044, 2.19911, 0.112506
2.51327, 2.19911, 0.102426
2.57611, 2.19911, 0.0923137
2.63894, 2.19911, 0.0821665
2.70177, 2.19911, 0.0719851
2.7646, 2.19911, 0.0617708
2.82743, 2.19911, 0.0515263
2.89027, 2.19911, 0.0412551
2.9531, 2.19911, 0.0309617
3.01593, 2.19911, 0.020651
3.07876, 2.19911, 0.0103285
0.0628319, 2.26195, 0.728851
0.125664, 2.26195, 0.690021
0.188496, 2.26195, 0.65383
0.251327, 2.26195, 0.620091
0.314159, 2.26195, 0.58863
0.376991, 2.26195, 0.559281
0.439823, 2.26195, 0.531888
0.502655, 2.26195, 0.506303
0.565487, 2.26195, 0.482388
0.628319, 2.26195, 0.460012
0.69115, 2.26195, 0.43905
0.753982, 2.26195, 0.419385
0.816814, 2.26195, 0.400909
0.879646, 2.26195, 0.383518
0.942478, 2.26195, 0.367114
1.00531, 2.26195, 0.351608
1.06814, 2.26195, 0.336913
1.13097, 2.26195, 0.32295
1.19381, 2.26195, 0.309644
1.25664, 2.26195, 0.296926
1.31947, 2.26195, 0.284731
1.3823, 2.26195, 0.272999
1.44513, 2.26195, 0.261674
1.50796, 2.26195, 0.250705
1.5708, 2.26195, 0.240044
1.63363, 2.26195, 0.229649
1.69646, 2.26195, 0.219479
1.75929, 2.26195, 0.209498
1.82212, 2.26195, 0.199674
1.88496, 2.26195, 0.189977
1.94779, 2.26195, 0.180382
2.01062, 2.26195, 0.170863
2.07345, 2.26195, 0.161402
2.13628, 2.26195, 0.15198
2.19911, 2.26195, 0.142582
2.26195, 2.26195, 0.133194
2.32478, 2.26195, 0.123807
2.38761, 2.26195, 0.114411
2.45044, 2.26195, 0.104999
2.51327, 2.26195, 0.095567
2.57611, 2.26195, 0.0861111
2.63894, 2.26195, 0.0766294
2.70177, 2.26195, 0.0671215
2.7646, 2.26195, 0.057588
2.82743, 2.26195, 0.0480306
2.89027, 2.26195, 0.038452
2.9531, 2.26195, 0.0288554
3.01593, 2.26195, 0.0192449
3.07876, 2.26195, 0.0096249
0.0628319, 2.32478, 0.689373
0.125664, 2.32478, 0.652458
0.188496, 2.32478, 0.61804
0.251327, 2.32478, 0.585945
0.314159, 2.32478, 0.556007
0.376991, 2.32478, 0.528071
0.439823, 2.32478, 0.50199
0.502655, 2.32478, 0.477625
0.565487, 2.32478, 0.454845
0.628319, 2.32478, 0.433526
0.69115, 2.32478, 0.413552
0.753982, 2.32478, 0.394813
0.816814, 2.32478, 0.377206
0.879646, 2.32478, 0.360633
0.942478, 2.32478, 0.345004
1.00531, 2.32478, 0.330233
1.06814, 2.32478, 0.316238
1.13097, 2.32478, 0.302947
1.19381, 2.32478, 0.290287
1.25664, 2.32478, 0.278193
1.31947, 2.32478, 0.266606
1.3823, 2.32478, 0.255467
1.44513, 2.32478, 0.244724
1.50796, 2.32478, 0.23433
1.5708, 2.32478, 0.224238
1.63363, 2.32478, 0.214409
1.69646, 2.32478, 0.204804
1.75929, 2.32478, 0.19539
1.82212, 2.32478, 0.186135
1.88496, 2.32478, 0.177011
1.94779, 2.32478, 0.167994
2.01062, 2.32478, 0.15906
2.07345, 2.32478, 0.150191
2.13628, 2.32478, 0.141369
2.19911, 2.32478, 0.132578
2.26195, 2.32478, 0.123807
2.32478, 2.32478, 0.115045
2.38761, 2.32478, 0.106282
2.45044, 2.32478, 0.097513
2.51327, 2.32478, 0.0887315
2.57611, 2.32478, 0.0799341
2.63894, 2.32478, 0.0711185
2.70177, 2.32478, 0.0622835
2.7646, 2.32478, 0.053429
2.82743, 2.32478, 0.0445562
2.89027, 2.32478, 0.0356667
2.9531, 2.32478, 0.0267632
3.01593, 2.32478, 0.0178485
3.07876, 2.32478, 0.00892618
0.0628319, 2.38761, 0.647213
0.125664, 2.38761, 0.612398
0.188496, 2.38761, 0.579928
0.251327, 2.38761, 0.549641
0.314159, 2.38761, 0.521383
0.376991, 2.38761, 0.495007
0.439823, 2.38761, 0.470377
0.502655, 2.38761, 0.447362
0.565487, 2.38761, 0.42584
0.628319, 2.38761, 0.405696
0.69115, 2.38761, 0.386819
0.753982, 2.38761, 0.369109
0.816814, 2.38761, 0.352468
0.879646, 2.38761, 0.336806
0.942478, 2.38761, 0.322036
1.00531, 2.38761, 0.30808
1.06814, 2.38761, 0.294862
1.13097, 2.38761, 0.282311
1.19381, 2.38761, 0.270363
1.25664, 2.38761, 0.258955
1.31947, 2.38761, 0.248032
1.3823, 2.38761, 0.237539
1.44513, 2.38761, 0.227427
1.50796, 2.38761, 0.217652
1.5708, 2.38761, 0.208171
1.63363, 2.38761, 0.198945
1.69646, 2.38761, 0.18994
1.75929, 2.38761, 0.181123
1.82212, 2.38761, 0.172465
1.88496, 2.38761, 0.163939
1.94779, 2.38761, 0.155522
2.01062, 2.38761, 0.147193
2.07345, 2.38761, 0.138933
2.13628, 2.38761, 0.130725
2.19911, 2.38761, 0.122555
2.26195, 2.38761, 0.114411
2.32478, 2.38761, 0.106282
2.38761, 2.38761, 0.0981606
2.45044, 2.38761, 0.0900389
2.51327, 2.38761, 0.0819119
2.57611, 2.38761, 0.0737754
2.63894, 2.38761, 0.065627
2.70177, 2.38761, 0.0574648
2.7646, 2.38761, 0.0492885
2.82743, 2.38761, 0.0410984
2.89027, 2.38761, 0.0328957
2.9531, 2.38761, 0.024682
3.01593, 2.38761, 0.0164596
3.07876, 2.38761, 0.00823134
0.0628319, 2.45044, 0.602535
0.125664, 2.45044, 0.569991
0.188496, 2.45044, 0.539633
0.251327, 2.45044, 0.511309
0.314159, 2.45044, 0.484876
0.376991, 2.45044, 0.460198
0.439823, 2.45044, 0.437148
0.502655, 2.45044, 0.415606
0.565487, 2.45044, 0.395458
0.628319, 2.45044, 0.376597
0.69115, 2.45044, 0.358921
0.753982, 2.45044, 0.342336
0.816814, 2.45044, 0.326752
0.879646, 2.45044, 0.312085
0.942478, 2.45044, 0.298255
1.00531, 2.45044, 0.285189
1.06814, 2.45044, 0.272817
1.13097, 2.45044, 0.261074
1.19381, 2.45044, 0.249898
1.25664, 2.45044, 0.239234
1.31947, 2.45044, 0.229027
1.3823, 2.45044, 0.219229
1.44513, 2.45044, 0.209794
1.50796, 2.45044, 0.20068
1.5708, 2.45044, 0.191847
1.63363, 2.45044, 0.183261
1.69646, 2.45044, 0.174887
1.75929, 2.45044, 0.166697
1.82212, 2.45044, 0.158662
1.88496, 2.45044, 0.150758
1.94779, 2.45044, 0.142963
2.01062, 2.45044, 0.135257
2.07345, 2.45044, 0.127622
2.13628, 2.45044, 0.120043
2.19911, 2.45044, 0.112506
2.26195, 2.45044, 0.104999
2.32478, 2.45044, 0.097513
2.38761, 2.45044, 0.0900389
2.45044, 2.45044, 0.0825703
2.51327, 2.45044, 0.0751016
2.57611, 2.45044, 0.0676288
2.63894, 2.45044, 0.0601491
2.70177, 2.45044, 0.0526604
2.7646, 2.45044, 0.0451618
2.82743, 2.45044, 0.0376534
2.89027, 2.45044, 0.0301355
2.9531, 2.45044, 0.0226094
3.01593, 2.45044, 0.0150768
3.07876, 2.45044, 0.00753956
0.0628319, 2.51327, 0.555511
0.125664, 2.51327, 0.5254
0.188496, 2.51327, 0.497305
0.251327, 2.51327, 0.471086
0.314159, 2.51327, 0.446613
0.376991, 2.51327, 0.423761
0.439823, 2.51327, 0.402412
0.502655, 2.51327, 0.382456
0.565487, 2.51327, 0.363789
0.628319, 2.51327, 0.346312
0.69115, 2.51327, 0.329932
0.753982, 2.51327, 0.314561
0.816814, 2.51327, 0.300119
0.879646, 2.51327, 0.286526
0.942478, 2.51327, 0.273711
1.00531, 2.51327, 0.261605
1.06814, 2.51327, 0.250144
1.13097, 2.51327, 0.239269
1.19381, 2.51327, 0.228923
1.25664, 2.51327, 0.219054
1.31947, 2.51327, 0.209614
1.3823, 2.51327, 0.200556
1.44513, 2.51327, 0.19184
1.50796, 2.51327, 0.183426
1.5708, 2.51327, 0.175278
1.63363, 2.51327, 0.167363
1.69646, 2.51327, 0.159652
1.75929, 2.51327, 0.152115
1.82212, 2.51327, 0.144728
1.88496, 2.51327, 0.137469
1.94779, 2.51327, 0.130315
2.01062, 2.51327, 0.12325
2.07345, 2.51327, 0.116256
2.13628, 2.51327, 0.109319
2.19911, 2.51327, 0.102426
2.26195, 2.51327, 0.095567
2.32478, 2.51327, 0.0887315
2.38761, 2.51327, 0.0819119
2.45044, 2.51327, 0.0751016
2.51327, 2.51327, 0.0682954
2.57611, 2.51327, 0.0614893
2.63894, 2.51327, 0.0546801
2.70177, 2.51327, 0.0478658
2.7646, 2.51327, 0.0410451
2.82743, 2.51327, 0.0342176
2.89027, 2.51327, 0.0273835
2.9531, 2.51327, 0.0205434
3.01593, 2.51327, 0.0136985
3.07876, 2.51327, 0.00685011
0.0628319, 2.57611, 0.506323
0.125664, 2.57611, 0.478792
0.188496, 2.57611, 0.453099
0.251327, 2.57611, 0.429118
0.314159, 2.57611, 0.40673
0.376991, 2.57611, 0.38582
0.439823, 2.57611, 0.366283
0.502655, 2.57611, 0.348018
0.565487, 2.57611, 0.33093
0.628319, 2.57611, 0.31493
0.69115, 2.57611, 0.299933
0.753982, 2.57611, 0.285859
0.816814, 2.57611, 0.272635
0.879646, 2.57611, 0.26019
0.942478, 2.57611, 0.248457
1.00531, 2.57611, 0.237375
1.06814, 2.57611, 0.226886
1.13097, 2.57611, 0.216934
1.19381, 2.57611, 0.20747
1.25664, 2.57611, 0.198446
1.31947, 2.57611, 0.189817
1.3823, 2.57611, 0.181542
1.44513, 2.57611, 0.173584
1.50796, 2.57611, 0.165906
1.5708, 2.57611, 0.158476
1.63363, 2.57611, 0.151263
1.69646, 2.57611, 0.144241
1.75929, 2.57611, 0.137383
1.82212, 2.57611, 0.130667
1.88496, 2.57611, 0.124072
1.94779, 2.57611, 0.117579
2.01062, 2.57611, 0.111171
2.07345, 2.57611, 0.104833
2.13628, 2.57611, 0.0985509
2.19911, 2.57611, 0.0923137
2.26195, 2.57611, 0.0861111
2.32478, 2.57611, 0.0799341
2.38761, 2.57611, 0.0737754
2.45044, 2.57611, 0.0676288
2.51327, 2.57611, 0.0614893
2.57611, 2.57611, 0.0553527
2.63894, 2.57611, 0.0492162
2.70177, 2.57611, 0.0430775
2.7646, 2.57611, 0.0369352
2.82743, 2.57611, 0.0307886
2.89027, 2.57611, 0.0246375
2.9531, 2.57611, 0.0184823
3.01593, 2.57611, 0.0123236
3.07876, 2.57611, 0.00616243
0.0628319, 2.63894, 0.455163
0.125664, 2.63894, 0.430346
0.188496, 2.63894, 0.407182
0.251327, 2.63894, 0.385558
0.314159, 2.63894, 0.365367
0.376991, 2.63894, 0.346507
0.439823, 2.63894, 0.328882
0.502655, 2.63894, 0.312403
0.565487, 2.63894, 0.296984
0.628319, 2.63894, 0.282545
0.69115, 2.63894, 0.26901
0.753982, 2.63894, 0.256308
0.816814, 2.63894, 0.244373
0.879646, 2.63894, 0.233141
0.942478, 2.63894, 0.222553
1.00531, 2.63894, 0.212553
1.06814, 2.63894, 0.203089
1.13097, 2.63894, 0.194113
1.19381, 2.63894, 0.185578
1.25664, 2.63894, 0.177442
1.31947, 2.63894, 0.169666
1.3823, 2.63894, 0.162213
1.44513, 2.63894, 0.155047
1.50796, 2.63894, 0.148138
1.5708, 2.63894, 0.141455
1.63363, 2.63894, 0.134973
1.69646, 2.63894, 0.128665
1.75929, 2.63894, 0.12251
1.82212, 2.63894, 0.116486
1.88496, 2.63894, 0.110574
1.94779, 2.63894, 0.104758
2.01062, 2.63894, 0.0990224
2.07345, 2.63894, 0.093353
2.13628, 2.63894, 0.087738
2.19911, 2.63894, 0.0821665
2.26195, 2.63894, 0.0766294
2.32478, 2.63894, 0.0711185
2.38761, 2.63894, 0.065627
2.45044, 2.63894, 0.0601491
2.51327, 2.63894, 0.0546801
2.57611, 2.63894, 0.0492162
2.63894, 2.63894, 0.0437545
2.70177, 2.63894, 0.0382928
2.7646, 2.63894, 0.0328296
2.82743, 2.63894, 0.027364
2.89027, 2.63894, 0.0218957
2.9531, 2.63894, 0.0164246
3.01593, 2.63894, 0.0109512
3.07876, 2.63894, 0.00547602
0.0628319, 2.70177, 0.402229
0.125664, 2.70177, 0.380246
0.188496, 2.70177, 0.359725
0.251327, 2.70177, 0.340566
0.314159, 2.70177, 0.322673
0.376991, 2.70177, 0.305958
0.439823, 2.70177, 0.290336
0.502655, 2.70177, 0.275727
0.565487, 2.70177, 0.262057
0.628319, 2.70177, 0.249255
0.69115, 2.70177, 0.237254
0.753982, 2.70177, 0.225991
0.816814, 2.70177, 0.215408
0.879646, 2.70177, 0.205448
0.942478, 2.70177, 0.19606
1.00531, 2.70177, 0.187194
1.06814, 2.70177, 0.178805
1.13097, 2.70177, 0.170849
1.19381, 2.70177, 0.163286
1.25664, 2.70177, 0.15608
1.31947, 2.70177, 0.149193
1.3823, 2.70177, 0.142595
1.44513, 2.70177, 0.136254
1.50796, 2.70177, 0.130143
1.5708, 2.70177, 0.124235
1.63363, 2.70177, 0.118508
1.69646, 2.70177, 0.112938
1.75929, 2.70177, 0.107505
1.82212, 2.70177, 0.102192
1.88496, 2.70177, 0.0969807
1.94779, 2.70177, 0.0918571
2.01062, 2.70177, 0.0868073
2.07345, 2.70177, 0.081819
2.13628, 2.70177, 0.0768814
2.19911, 2.70177, 0.0719851
2.26195, 2.70177, 0.0671215
2.32478, 2.70177, 0.0622835
2.38761, 2.70177, 0.0574648
2.45044, 2.70177, 0.0526604
2.51327, 2.70177, 0.0478658
2.57611, 2.70177, 0.0430775
2.63894, 2.70177, 0.0382928
2.70177, 2.70177, 0.0335096
2.7646, 2.70177, 0.0287264
2.82743, 2.70177, 0.0239422
2.89027, 2.70177, 0.0191565
2.9531, 2.70177, 0.0143692
3.01593, 2.70177, 0.00958043
3.07876, 2.70177, 0.00479051
0.0628319, 2.7646, 0.347727
0.125664, 2.7646, 0.328685
0.188496, 2.7646, 0.310907
0.251327, 2.7646, 0.294306
0.314159, 2.7646, 0.278801
0.376991, 2.7646, 0.264316
0.439823, 2.7646, 0.250776
0.502655, 2.7646, 0.238113
0.565487, 2.7646, 0.226263
0.628319, 2.7646, 0.215164
0.69115, 2.7646, 0.20476
0.753982, 2.7646, 0.194995
0.816814, 2.7646, 0.185819
0.879646, 2.7646, 0.177184
0.942478, 2.7646, 0.169045
1.00531, 2.7646, 0.161359
1.06814, 2.7646, 0.154087
1.13097, 2.7646, 0.147192
1.19381, 2.7646, 0.140639
1.25664, 2.7646, 0.134396
1.31947, 2.7646, 0.128432
1.3823, 2.7646, 0.122719
1.44513, 2.7646, 0.117231
1.50796, 2.7646, 0.111944
1.5708, 2.7646, 0.106836
1.63363, 2.7646, 0.101885
1.69646, 2.7646, 0.0970722
1.75929, 2.7646, 0.092381
1.82212, 2.7646, 0.087795
1.88496, 2.7646, 0.0832998
1.94779, 2.7646, 0.0788823
2.01062, 2.7646, 0.0745306
2.07345, 2.7646, 0.0702343
2.13628, 2.7646, 0.0659838
2.19911, 2.7646, 0.0617708
2.26195, 2.7646, 0.057588
2.32478, 2.7646, 0.053429
2.38761, 2.7646, 0.0492885
2.45044, 2.7646, 0.0451618
2.51327, 2.7646, 0.0410451
2.57611, 2.7646, 0.0369352
2.63894, 2.7646, 0.0328296
2.70177, 2.7646, 0.0287264
2.7646, 2.7646, 0.0246241
2.82743, 2.7646, 0.0205219
2.89027, 2.7646, 0.0164191
2.9531, 2.7646, 0.0123154
3.01593, 2.7646, 0.00821083
3.07876, 2.7646, 0.0041056
0.0628319, 2.82743, 0.291869
0.125664, 2.82743, 0.275859
0.188496, 2.82743, 0.260911
0.251327, 2.82743, 0.246951
0.314159, 2.82743, 0.233911
0.376991, 2.82743, 0.221727
0.439823, 2.82743, 0.210338
0.502655, 2.82743, 0.199686
0.565487, 2.82743, 0.189717
0.628319, 2.82743, 0.180379
0.69115, 2.82743, 0.171625
0.753982, 2.82743, 0.163409
0.816814, 2.82743, 0.155689
0.879646, 2.82743, 0.148424
0.942478, 2.82743, 0.141576
1.00531, 2.82743, 0.13511
1.06814, 2.82743, 0.128993
1.13097, 2.82743, 0.123193
1.19381, 2.82743, 0.117683
1.25664, 2.82743, 0.112433
1.31947, 2.82743, 0.10742
1.3823, 2.82743, 0.102619
1.44513, 2.82743, 0.0980081
1.50796, 2.82743, 0.0935676
1.5708, 2.82743, 0.0892784
1.63363, 2.82743, 0.0851231
1.69646, 2.82743, 0.0810857
1.75929, 2.82743, 0.0771517
1.82212, 2.82743, 0.0733076
1.88496, 2.82743, 0.0695412
1.94779, 2.82743, 0.0658416
2.01062, 2.82743, 0.0621987
2.07345, 2.82743, 0.0586037
2.13628, 2.82743, 0.0550486
2.19911, 2.82743, 0.0515263
2.26195, 2.82743, 0.0480306
2.32478, 2.82743, 0.0445562
2.38761, 2.82743, 0.0410984
2.45044, 2.82743, 0.0376534
2.51327, 2.82743, 0.0342176
2.57611, 2.82743, 0.0307886
2.63894, 2.82743, 0.027364
2.70177, 2.82743, 0.0239422
2.7646, 2.82743, 0.0205219
2.82743, 2.82743, 0.0171022
2.89027, 2.82743, 0.0136824
2.9531, 2.82743, 0.0102624
3.01593, 2.82743, 0.00684191
3.07876, 2.82743, 0.00342106
0.0628319, 2.89027, 0.234873
0.125664, 2.89027, 0.221972
0.188496, 2.89027, 0.209926
0.251327, 2.89027, 0.198675
0.314159, 2.89027, 0.188166
0.376991, 2.89027, 0.178345
0.439823, 2.89027, 0.169164
0.502655, 2.89027, 0.160577
0.565487, 2.89027, 0.15254
0.628319, 2.89027, 0.145011
0.69115, 2.89027, 0.137953
0.753982, 2.89027, 0.131329
0.816814, 2.89027, 0.125104
0.879646, 2.89027, 0.119246
0.942478, 2.89027, 0.113725
1.00531, 2.89027, 0.108512
1.06814, 2.89027, 0.103581
1.13097, 2.89027, 0.0989062
1.19381, 2.89027, 0.0944647
1.25664, 2.89027, 0.0902344
1.31947, 2.89027, 0.0861952
1.3823, 2.89027, 0.0823278
1.44513, 2.89027, 0.0786147
1.50796, 2.89027, 0.0750395
1.5708, 2.89027, 0.0715871
1.63363, 2.89027, 0.0682435
1.69646, 2.89027, 0.0649959
1.75929, 2.89027, 0.0618324
1.82212, 2.89027, 0.0587424
1.88496, 2.89027, 0.0557159
1.94779, 2.89027, 0.0527441
2.01062, 2.89027, 0.0498189
2.07345, 2.89027, 0.0469332
2.13628, 2.89027, 0.0440805
2.19911, 2.89027, 0.0412551
2.26195, 2.89027, 0.038452
2.32478, 2.89027, 0.0356667
2.38761, 2.89027, 0.0328957
2.45044, 2.89027, 0.0301355
2.51327, 2.89027, 0.0273835
2.57611, 2.89027, 0.0246375
2.63894, 2.89027, 0.0218957
2.70177, 2.89027, 0.0191565
2.7646, 2.89027, 0.0164191
2.82743, 2.89027, 0.0136824
2.89027, 2.89027, 0.0109461
2.9531, 2.89027, 0.00820982
3.01593, 2.89027, 0.00547336
3.07876, 2.89027, 0.00273673
0.0628319, 2.9531, 0.176961
0.125664, 2.9531, 0.167231
0.188496, 2.9531, 0.158145
0.251327, 2.9531, 0.149659
0.314159, 2.9531, 0.141731
0.376991, 2.9531, 0.134322
0.439823, 2.9531, 0.127396
0.502655, 2.9531, 0.120917
0.565487, 2.9531, 0.114853
0.628319, 2.9531, 0.109173
0.69115, 2.9531, 0.103847
0.753982, 2.9531, 0.0988488
0.816814, 2.9531, 0.0941517
0.879646, 2.9531, 0.0897316
0.942478, 2.9531, 0.0855658
1.00531, 2.9531, 0.0816327
1.06814, 2.9531, 0.0779122
1.13097, 2.9531, 0.0743857
1.19381, 2.9531, 0.0710353
1.25664, 2.9531, 0.0678447
1.31947, 2.9531, 0.0647986
1.3823, 2.9531, 0.0618825
1.44513, 2.9531, 0.0590833
1.50796, 2.9531, 0.0563886
1.5708, 2.9531, 0.053787
1.63363, 2.9531, 0.051268
1.69646, 2.9531, 0.0488219
1.75929, 2.9531, 0.0464398
1.82212, 2.9531, 0.0441136
1.88496, 2.9531, 0.0418359
1.94779, 2.9531, 0.0396
2.01062, 2.9531, 0.0373997
2.07345, 2.9531, 0.0352298
2.13628, 2.9531, 0.0330852
2.19911, 2.9531, 0.0309617
2.26195, 2.9531, 0.0288554
2.32478, 2.9531, 0.0267632
2.38761, 2.9531, 0.024682
2.45044, 2.9531, 0.0226094
2.51327, 2.9531, 0.0205434
2.57611, 2.9531, 0.0184823
2.63894, 2.9531, 0.0164246
2.70177, 2.9531, 0.0143692
2.7646, 2.9531, 0.0123154
2.82743, 2.9531, 0.0102624
2.89027, 2.9531, 0.00820982
2.9531, 2.9531, 0.0061574
3.01593, 2.9531, 0.00410498
3.07876, 2.9531, 0.00205251
0.0628319, 3.01593, 0.118359
0.125664, 3.01593, 0.111847
0.188496, 3.01593, 0.105765
0.251327, 3.01593, 0.100084
0.314159, 3.01593, 0.0947769
0.376991, 3.01593, 0.0898172
0.439823, 3.01593, 0.0851802
0.502655, 3.01593, 0.0808428
0.565487, 3.01593, 0.0767829
0.628319, 3.01593, 0.0729798
0.69115, 3.01593, 0.0694141
0.753982, 3.01593, 0.0660674
0.816814, 3.01593, 0.0629225
0.879646, 3.01593, 0.059963
0.942478, 3.01593, 0.0571738
1.00531, 3.01593, 0.0545406
1.06814, 3.01593, 0.0520498
1.13097, 3.01593, 0.049689
1.19381, 3.01593, 0.0474462
1.25664, 3.01593, 0.0453106
1.31947, 3.01593, 0.0432719
1.3823, 3.01593, 0.0413204
1.44513, 3.01593, 0.0394474
1.50796, 3.01593, 0.0376446
1.5708, 3.01593, 0.0359043
1.63363, 3.01593, 0.0342196
1.69646, 3.01593, 0.0325839
1.75929, 3.01593, 0.0309913
1.82212, 3.01593, 0.0294364
1.88496, 3.01593, 0.0279141
1.94779, 3.01593, 0.0264201
2.01062, 3.01593, 0.0249503
2.07345, 3.01593, 0.0235009
2.13628, 3.01593, 0.0220688
2.19911, 3.01593, 0.020651
2.26195, 3.01593, 0.0192449
2.32478, 3.01593, 0.0178485
2.38761, 3.01593, 0.0164596
2.45044, 3.01593, 0.0150768
2.51327, 3.01593, 0.0136985
2.57611, 3.01593, 0.0123236
2.63894, 3.01593, 0.0109512
2.70177, 3.01593, 0.00958043
2.7646, 3.01593, 0.00821083
2.82743, 3.01593, 0.00684191
2.89027, 3.01593, 0.00547336
2.9531, 3.01593, 0.00410498
3.01593, 3.01593, 0.00273666
3.07876, 3.01593, 0.00136833
0.0628319, 3.07876, 0.0592952
0.125664, 3.07876, 0.0560311
0.188496, 3.07876, 0.0529828
0.251327, 3.07876, 0.0501356
0.314159, 3.07876, 0.0474755
0.376991, 3.07876, 0.0449895
0.439823, 3.07876, 0.0426652
0.502655, 3.07876, 0.0404909
0.565487, 3.07876, 0.0384558
0.628319, 3.07876, 0.0365494
0.69115, 3.07876, 0.0347619
0.753982, 3.07876, 0.0330843
0.816814, 3.07876, 0.0315077
0.879646, 3.07876, 0.0300242
0.942478, 3.07876, 0.028626
1.00531, 3.07876, 0.027306
1.06814, 3.07876, 0.0260575
1.13097, 3.07876, 0.0248741
1.19381, 3.07876, 0.02375
1.25664, 3.07876, 0.0226796
1.31947, 3.07876, 0.0216578
1.3823, 3.07876, 0.0206799
1.44513, 3.07876, 0.0197413
1.50796, 3.07876, 0.018838
1.5708, 3.07876, 0.0179661
1.63363, 3.07876, 0.0171221
1.69646, 3.07876, 0.0163028
1.75929, 3.07876, 0.0155051
1.82212, 3.07876, 0.0147264
1.88496, 3.07876, 0.0139642
1.94779, 3.07876, 0.0132162
2.01062, 3.07876, 0.0124803
2.07345, 3.07876, 0.0117548
2.13628, 3.07876, 0.011038
2.19911, 3.07876, 0.0103285
2.26195, 3.07876, 0.0096249
2.32478, 3.07876, 0.00892618
2.38761, 3.07876, 0.00823134
2.45044, 3.07876, 0.00753956
2.51327, 3.07876, 0.00685011
2.57611, 3.07876, 0.00616243
2.63894, 3.07876, 0.00547602
2.70177, 3.07876, 0.00479051
2.7646, 3.07876, 0.0041056
2.82743, 3.07876, 0.00342106
2.89027, 3.07876, 0.00273673
2.9531, 3.07876, 0.00205251
3.01593, 3.07876, 0.00136833
3.07876, 3.07876, 0.000684167
