0.0698132, 0.0698132, 0.130069
0.139626, 0.0698132, 0.190381
0.20944, 0.0698132, 0.250358
0.279253, 0.0698132, 0.309665
0.349066, 0.0698132, 0.367977
0.418879, 0.0698132, 0.424975
0.488692, 0.0698132, 0.480349
0.558505, 0.0698132, 0.533799
0.628319, 0.0698132, 0.585035
0.698132, 0.0698132, 0.633783
0.767945, 0.0698132, 0.679778
0.837758, 0.0698132, 0.722776
0.907571, 0.0698132, 0.762544
0.977384, 0.0698132, 0.798868
1.0472, 0.0698132, 0.831554
1.11701, 0.0698132, 0.860424
1.18682, 0.0698132, 0.885321
1.25664, 0.0698132, 0.906108
1.32645, 0.0698132, 0.922671
1.39626, 0.0698132, 0.934914
1.46608, 0.0698132, 0.942766
1.53589, 0.0698132, 0.946177
1.6057, 0.0698132, 0.945118
1.67552, 0.0698132, 0.939586
1.74533, 0.0698132, 0.929597
1.81514, 0.0698132, 0.91519
1.88496, 0.0698132, 0.896428
1.95477, 0.0698132, 0.873394
2.02458, 0.0698132, 0.846192
2.0944, 0.0698132, 0.814948
2.16421, 0.0698132, 0.779807
2.23402, 0.0698132, 0.740934
2.30383, 0.0698132, 0.698512
2.37365, 0.0698132, 0.652743
2.44346, 0.0698132, 0.603843
2.51327, 0.0698132, 0.552046
2.58309, 0.0698132, 0.497599
2.6529, 0.0698132, 0.440762
2.72271, 0.0698132, 0.381808
2.79253, 0.0698132, 0.321019
2.86234, 0.0698132, 0.258687
2.93215, 0.0698132, 0.195112
3.00197, 0.0698132, 0.130598
3.07178, 0.0698132, 0.0654564
0.0698132, 0.139626, 0.190381
0.139626, 0.139626, 0.241927
0.20944, 0.139626, 0.293473
0.279253, 0.139626, 0.344689
0.349066, 0.139626, 0.39525
0.418879, 0.139626, 0.44484
0.488692, 0.139626, 0.493153
0.558505, 0.139626, 0.539894
0.628319, 0.139626, 0.584777
0.698132, 0.139626, 0.627531
0.767945, 0.139626, 0.6679
0.837758, 0.139626, 0.705639
0.907571, 0.139626, 0.740523
0.977384, 0.139626, 0.772341
1.0472, 0.139626, 0.800902
1.11701, 0.139626, 0.82603
1.18682, 0.139626, 0.847571
1.25664, 0.139626, 0.865389
1.32645, 0.139626, 0.879368
1.39626, 0.139626, 0.889415
1.46608, 0.139626, 0.895455
1.53589, 0.139626, 0.897435
1.6057, 0.139626, 0.895323
1.67552, 0.139626, 0.88911
1.74533, 0.139626, 0.878806
1.81514, 0.139626, 0.864444
1.88496, 0.139626, 0.846075
1.95477, 0.139626, 0.823775
2.02458, 0.139626, 0.797635
2.0944, 0.139626, 0.76777
2.16421, 0.139626, 0.734311
2.23402, 0.139626, 0.697408
2.30383, 0.139626, 0.65723
2.37365, 0.139626, 0.61396
2.44346, 0.139626, 0.567798
2.51327, 0.139626, 0.518959
2.58309, 0.139626, 0.46767
2.6529, 0.139626, 0.414172
2.72271, 0.139626, 0.358716
2.79253, 0.139626, 0.301562
2.86234, 0.139626, 0.242982
2.93215, 0.139626, 0.183251
3.00197, 0.139626, 0.122652
3.07178, 0.139626, 0.0614715
0.0698132, 0.20944, 0.250358
0.139626, 0.20944, 0.293473
0.20944, 0.20944, 0.336921
0.279253, 0.20944, 0.380369
0.349066, 0.20944, 0.423494
0.418879, 0.20944, 0.465984
0.488692, 0.20944, 0.507532
0.558505, 0.20944, 0.547848
0.628319, 0.20944, 0.586649
0.698132, 0.20944, 0.623669
0.767945, 0.20944, 0.658652
0.837758, 0.20944, 0.691361
0.907571, 0.20944, 0.721571
0.977384, 0.20944, 0.749076
1.0472, 0.20944, 0.773685
1.11701, 0.20944, 0.795226
1.18682, 0.20944, 0.813547
1.25664, 0.20944, 0.82851
1.32645, 0.20944, 0.840003
1.39626, 0.20944, 0.847927
1.46608, 0.20944, 0.852207
1.53589, 0.20944, 0.852788
1.6057, 0.20944, 0.849634
1.67552, 0.20944, 0.842729
1.74533, 0.20944, 0.832078
1.81514, 0.20944, 0.817707
1.88496, 0.20944, 0.799658
1.95477, 0.20944, 0.777998
2.02458, 0.20944, 0.752807
2.0944, 0.20944, 0.724189
2.16421, 0.20944, 0.692261
2.23402, 0.20944, 0.657161
2.30383, 0.20944, 0.619042
2.37365, 0.20944, 0.578071
2.44346, 0.20944, 0.534433
2.51327, 0.20944, 0.488323
2.58309, 0.20944, 0.439952
2.6529, 0.20944, 0.389541
2.72271, 0.20944, 0.337322
2.79253, 0.20944, 0.283534
2.86234, 0.20944, 0.228428
2.93215, 0.20944, 0.172258
3.00197, 0.20944, 0.115287
3.07178, 0.20944, 0.057778
0.0698132, 0.279253, 0.309665
0.139626, 0.279253, 0.344689
0.20944, 0.279253, 0.380369
0.279253, 0.279253, 0.416372
0.349066, 0.279253, 0.452377
0.418879, 0.279253, 0.488069
0.488692, 0.279253, 0.523147
0.558505, 0.279253, 0.557318
0.628319, 0.279253, 0.590306
0.698132, 0.279253, 0.621845
0.767945, 0.279253, 0.651683
0.837758, 0.279253, 0.679584
0.907571, 0.279253, 0.705327
0.977384, 0.279253, 0.728708
1.0472, 0.279253, 0.749539
1.11701, 0.279253, 0.767647
1.18682, 0.279253, 0.782882
1.25664, 0.279253, 0.795108
1.32645, 0.279253, 0.804208
1.39626, 0.279253, 0.810086
1.46608, 0.279253, 0.812663
1.53589, 0.279253, 0.81188
1.6057, 0.279253, 0.807698
1.67552, 0.279253, 0.800097
1.74533, 0.279253, 0.789075
1.81514, 0.279253, 0.774649
1.88496, 0.279253, 0.756857
1.95477, 0.279253, 0.735753
2.02458, 0.279253, 0.711411
2.0944, 0.279253, 0.68392
2.16421, 0.279253, 0.653387
2.23402, 0.279253, 0.619937
2.30383, 0.279253, 0.583707
2.37365, 0.279253, 0.544853
2.44346, 0.279253, 0.503541
2.51327, 0.279253, 0.459951
2.58309, 0.279253, 0.414277
2.6529, 0.279253, 0.366721
2.72271, 0.279253, 0.317497
2.79253, 0.279253, 0.266826
2.86234, 0.279253, 0.214938
2.93215, 0.279253, 0.162069
3.00197, 0.279253, 0.108459
3.07178, 0.279253, 0.054354
0.0698132, 0.349066, 0.367977
0.139626, 0.349066, 0.39525
0.20944, 0.349066, 0.423494
0.279253, 0.349066, 0.452377
0.349066, 0.349066, 0.481574
0.418879, 0.349066, 0.510772
0.488692, 0.349066, 0.539669
0.558505, 0.349066, 0.567975
0.628319, 0.349066, 0.595415
0.698132, 0.349066, 0.621723
0.767945, 0.349066, 0.646652
0.837758, 0.349066, 0.669967
0.907571, 0.349066, 0.691449
0.977384, 0.349066, 0.710894
1.0472, 0.349066, 0.728117
1.11701, 0.349066, 0.742946
1.18682, 0.349066, 0.75523
1.25664, 0.349066, 0.764833
1.32645, 0.349066, 0.771639
1.39626, 0.349066, 0.775548
1.46608, 0.349066, 0.776481
1.53589, 0.349066, 0.774375
1.6057, 0.349066, 0.769186
1.67552, 0.349066, 0.760889
1.74533, 0.349066, 0.749477
1.81514, 0.349066, 0.734961
1.88496, 0.349066, 0.717371
1.95477, 0.349066, 0.696751
2.02458, 0.349066, 0.673165
2.0944, 0.349066, 0.646694
2.16421, 0.349066, 0.617433
2.23402, 0.349066, 0.585493
2.30383, 0.349066, 0.551
2.37365, 0.349066, 0.514094
2.44346, 0.349066, 0.474928
2.51327, 0.349066, 0.433666
2.58309, 0.349066, 0.390484
2.6529, 0.349066, 0.34557
2.72271, 0.349066, 0.299119
2.79253, 0.349066, 0.251336
2.86234, 0.349066, 0.202431
2.93215, 0.349066, 0.152621
3.00197, 0.349066, 0.102128
3.07178, 0.349066, 0.0511787
0.0698132, 0.418879, 0.424975
0.139626, 0.418879, 0.44484
0.20944, 0.418879, 0.465984
0.279253, 0.418879, 0.488069
0.349066, 0.418879, 0.510772
0.418879, 0.418879, 0.533777
0.488692, 0.418879, 0.556783
0.558505, 0.418879, 0.579501
0.628319, 0.418879, 0.601656
0.698132, 0.418879, 0.622984
0.767945, 0.418879, 0.643239
0.837758, 0.418879, 0.662187
0.907571, 0.418879, 0.67961
0.977384, 0.418879, 0.695306
1.0472, 0.418879, 0.70909
1.11701, 0.418879, 0.720793
1.18682, 0.418879, 0.730261
1.25664, 0.418879, 0.737359
1.32645, 0.418879, 0.741969
1.39626, 0.418879, 0.743991
1.46608, 0.418879, 0.743341
1.53589, 0.418879, 0.739955
1.6057, 0.418879, 0.733784
1.67552, 0.418879, 0.724799
1.74533, 0.418879, 0.712987
1.81514, 0.418879, 0.698352
1.88496, 0.418879, 0.680916
1.95477, 0.418879, 0.660717
2.02458, 0.418879, 0.637809
2.0944, 0.418879, 0.612262
2.16421, 0.418879, 0.584161
2.23402, 0.418879, 0.553605
2.30383, 0.418879, 0.520709
2.37365, 0.418879, 0.485598
2.44346, 0.418879, 0.448412
2.51327, 0.418879, 0.409301
2.58309, 0.418879, 0.368426
2.6529, 0.418879, 0.325958
2.72271, 0.418879, 0.282076
2.79253, 0.418879, 0.236968
2.86234, 0.418879, 0.190828
2.93215, 0.418879, 0.143856
3.00197, 0.418879, 0.0962547
3.07178, 0.418879, 0.0482329
0.0698132, 0.488692, 0.480349
0.139626, 0.488692, 0.493153
0.20944, 0.488692, 0.507532
0.279253, 0.488692, 0.523147
0.349066, 0.488692, 0.539669
0.418879, 0.488692, 0.556783
0.488692, 0.488692, 0.574188
0.558505, 0.488692, 0.591594
0.628319, 0.488692, 0.608726
0.698132, 0.488692, 0.625321
0.767945, 0.488692, 0.641135
0.837758, 0.488692, 0.655933
0.907571, 0.488692, 0.6695
0.977384, 0.488692, 0.681634
1.0472, 0.488692, 0.692149
1.11701, 0.488692, 0.700877
1.18682, 0.488692, 0.707664
1.25664, 0.488692, 0.712376
1.32645, 0.488692, 0.714891
1.39626, 0.488692, 0.715108
1.46608, 0.488692, 0.712941
1.53589, 0.488692, 0.708322
1.6057, 0.488692, 0.7012
1.67552, 0.488692, 0.691539
1.74533, 0.488692, 0.679322
1.81514, 0.488692, 0.664546
1.88496, 0.488692, 0.647227
1.95477, 0.488692, 0.627394
2.02458, 0.488692, 0.605093
2.0944, 0.488692, 0.580385
2.16421, 0.488692, 0.553345
2.23402, 0.488692, 0.52406
2.30383, 0.488692, 0.492634
2.37365, 0.488692, 0.45918
2.44346, 0.488692, 0.423823
2.51327, 0.488692, 0.386702
2.58309, 0.488692, 0.347962
2.6529, 0.488692, 0.30776
2.72271, 0.488692, 0.26626
2.79253, 0.488692, 0.223634
2.86234, 0.488692, 0.180059
2.93215, 0.488692, 0.13572
3.00197, 0.488692, 0.0908024
3.07178, 0.488692, 0.0454982
0.0698132, 0.558505, 0.533799
0.139626, 0.558505, 0.539894
0.20944, 0.558505, 0.547848
0.279253, 0.558505, 0.557318
0.349066, 0.558505, 0.567975
0.418879, 0.558505, 0.579501
0.488692, 0.558505, 0.591594
0.558505, 0.558505, 0.603963
0.628319, 0.558505, 0.616333
0.698132, 0.558505, 0.628444
0.767945, 0.558505, 0.640048
0.837758, 0.558505, 0.650914
0.907571, 0.558505, 0.660825
0.977384, 0.558505, 0.669582
1.0472, 0.558505, 0.676998
1.11701, 0.558505, 0.682904
1.18682, 0.558505, 0.687148
1.25664, 0.558505, 0.689591
1.32645, 0.558505, 0.690114
1.39626, 0.558505, 0.688611
1.46608, 0.558505, 0.684996
1.53589, 0.558505, 0.679196
1.6057, 0.558505, 0.671157
1.67552, 0.558505, 0.660838
1.74533, 0.558505, 0.648217
1.81514, 0.558505, 0.633287
1.88496, 0.558505, 0.616054
1.95477, 0.558505, 0.596542
2.02458, 0.558505, 0.574788
2.0944, 0.558505, 0.550844
2.16421, 0.558505, 0.524775
2.23402, 0.558505, 0.49666
2.30383, 0.558505, 0.466589
2.37365, 0.558505, 0.434665
2.44346, 0.558505, 0.401001
2.51327, 0.558505, 0.365723
2.58309, 0.558505, 0.328962
2.6529, 0.558505, 0.290862
2.72271, 0.558505, 0.251572
2.79253, 0.558505, 0.211249
2.86234, 0.558505, 0.170056
2.93215, 0.558505, 0.128162
3.00197, 0.558505, 0.0857373
3.07178, 0.558505, 0.0429577
0.0698132, 0.628319, 0.585035
0.139626, 0.628319, 0.584777
0.20944, 0.628319, 0.586649
0.279253, 0.628319, 0.590306
0.349066, 0.628319, 0.595415
0.418879, 0.628319, 0.601656
0.488692, 0.628319, 0.608726
0.558505, 0.628319, 0.616333
0.628319, 0.628319, 0.624204
0.698132, 0.628319, 0.632075
0.767945, 0.628319, 0.639701
0.837758, 0.628319, 0.646851
0.907571, 0.628319, 0.653309
0.977384, 0.628319, 0.658873
1.0472, 0.628319, 0.663359
1.11701, 0.628319, 0.666597
1.18682, 0.628319, 0.668433
1.25664, 0.628319, 0.66873
1.32645, 0.628319, 0.667364
1.39626, 0.628319, 0.66423
1.46608, 0.628319, 0.659238
1.53589, 0.628319, 0.652313
1.6057, 0.628319, 0.643395
1.67552, 0.628319, 0.632442
1.74533, 0.628319, 0.619426
1.81514, 0.628319, 0.604332
1.88496, 0.628319, 0.587162
1.95477, 0.628319, 0.567933
2.02458, 0.628319, 0.546675
2.0944, 0.628319, 0.523429
2.16421, 0.628319, 0.498254
2.23402, 0.628319, 0.471217
2.30383, 0.628319, 0.442399
2.37365, 0.628319, 0.411891
2.44346, 0.628319, 0.379796
2.51327, 0.628319, 0.346227
2.58309, 0.628319, 0.311303
2.6529, 0.628319, 0.275154
2.72271, 0.628319, 0.237917
2.79253, 0.628319, 0.199735
2.86234, 0.628319, 0.160756
2.93215, 0.628319, 0.121135
3.00197, 0.628319, 0.0810276
3.07178, 0.628319, 0.0405953
0.0698132, 0.698132, 0.633783
0.139626, 0.698132, 0.627531
0.20944, 0.698132, 0.623669
0.279253, 0.698132, 0.621845
0.349066, 0.698132, 0.621723
0.418879, 0.698132, 0.622984
0.488692, 0.698132, 0.625321
0.558505, 0.698132, 0.628444
0.628319, 0.698132, 0.632075
0.698132, 0.698132, 0.635954
0.767945, 0.698132, 0.639834
0.837758, 0.698132, 0.643484
0.907571, 0.698132, 0.646688
0.977384, 0.698132, 0.649246
1.0472, 0.698132, 0.650971
1.11701, 0.698132, 0.651694
1.18682, 0.698132, 0.651261
1.25664, 0.698132, 0.649533
1.32645, 0.698132, 0.646385
1.39626, 0.698132, 0.641711
1.46608, 0.698132, 0.635416
1.53589, 0.698132, 0.627424
1.6057, 0.698132, 0.617672
1.67552, 0.698132, 0.606113
1.74533, 0.698132, 0.592713
1.81514, 0.698132, 0.577455
1.88496, 0.698132, 0.560333
1.95477, 0.698132, 0.541357
2.02458, 0.698132, 0.52055
2.0944, 0.698132, 0.497947
2.16421, 0.698132, 0.473596
2.23402, 0.698132, 0.447557
2.30383, 0.698132, 0.419899
2.37365, 0.698132, 0.390706
2.44346, 0.698132, 0.360068
2.51327, 0.698132, 0.328086
2.58309, 0.698132, 0.29487
2.6529, 0.698132, 0.260536
2.72271, 0.698132, 0.225208
2.79253, 0.698132, 0.189017
2.86234, 0.698132, 0.152099
2.93215, 0.698132, 0.114593
3.00197, 0.698132, 0.0766434
3.07178, 0.698132, 0.0383963
0.0698132, 0.767945, 0.679778
0.139626, 0.767945, 0.6679
0.20944, 0.767945, 0.658652
0.279253, 0.767945, 0.651683
0.349066, 0.767945, 0.646652
0.418879, 0.767945, 0.643239
0.488692, 0.767945, 0.641135
0.558505, 0.767945, 0.640048
0.628319, 0.767945, 0.639701
0.698132, 0.767945, 0.639834
0.767945, 0.767945, 0.640199
0.837758, 0.767945, 0.640565
0.907571, 0.767945, 0.640717
0.977384, 0.767945, 0.640452
1.0472, 0.767945, 0.639587
1.11701, 0.767945, 0.637951
1.18682, 0.767945, 0.635388
1.25664, 0.767945, 0.631758
1.32645, 0.767945, 0.626936
1.39626, 0.767945, 0.620813
1.46608, 0.767945, 0.613294
1.53589, 0.767945, 0.604298
1.6057, 0.767945, 0.593759
1.67552, 0.767945, 0.581626
1.74533, 0.767945, 0.567862
1.81514, 0.767945, 0.552443
1.88496, 0.767945, 0.53536
1.95477, 0.767945, 0.516615
2.02458, 0.767945, 0.496224
2.0944, 0.767945, 0.474215
2.16421, 0.767945, 0.450629
2.23402, 0.767945, 0.425516
2.30383, 0.767945, 0.398938
2.37365, 0.767945, 0.370967
2.44346, 0.767945, 0.341685
2.51327, 0.767945, 0.311182
2.58309, 0.767945, 0.279556
2.6529, 0.767945, 0.246912
2.72271, 0.767945, 0.213364
2.79253, 0.767945, 0.179029
2.86234, 0.767945, 0.14403
2.93215, 0.767945, 0.108496
3.00197, 0.767945, 0.072557
3.07178, 0.767945, 0.0363465
0.0698132, 0.837758, 0.722776
0.139626, 0.837758, 0.705639
0.20944, 0.837758, 0.691361
0.279253, 0.837758, 0.679584
0.349066, 0.837758, 0.669967
0.418879, 0.837758, 0.662187
0.488692, 0.837758, 0.655933
0.558505, 0.837758, 0.650914
0.628319, 0.837758, 0.646851
0.698132, 0.837758, 0.643484
0.767945, 0.837758, 0.640565
0.837758, 0.837758, 0.637863
0.907571, 0.837758, 0.635163
0.977384, 0.837758, 0.632263
1.0472, 0.837758, 0.628978
1.11701, 0.837758, 0.625136
1.18682, 0.837758, 0.620583
1.25664, 0.837758, 0.615177
1.32645, 0.837758, 0.608791
1.39626, 0.837758, 0.601315
1.46608, 0.837758, 0.592651
1.53589, 0.837758, 0.582716
1.6057, 0.837758, 0.571442
1.67552, 0.837758, 0.558773
1.74533, 0.837758, 0.544668
1.81514, 0.837758, 0.529099
1.88496, 0.837758, 0.51205
1.95477, 0.837758, 0.49352
2.02458, 0.837758, 0.473517
2.0944, 0.837758, 0.452063
2.16421, 0.837758, 0.42919
2.23402, 0.837758, 0.404942
2.30383, 0.837758, 0.379371
2.37365, 0.837758, 0.352542
2.44346, 0.837758, 0.324525
2.51327, 0.837758, 0.295402
2.58309, 0.837758, 0.26526
2.6529, 0.837758, 0.234194
2.72271, 0.837758, 0.202307
2.79253, 0.837758, 0.169704
2.86234, 0.837758, 0.136498
2.93215, 0.837758, 0.102804
3.00197, 0.837758, 0.0687422
3.07178, 0.837758, 0.0344331
0.0698132, 0.907571, 0.762544
0.139626, 0.907571, 0.740523
0.20944, 0.907571, 0.721571
0.279253, 0.907571, 0.705327
0.349066, 0.907571, 0.691449
0.418879, 0.907571, 0.67961
0.488692, 0.907571, 0.6695
0.558505, 0.907571, 0.660825
0.628319, 0.907571, 0.653309
0.698132, 0.907571, 0.646688
0.767945, 0.907571, 0.640717
0.837758, 0.907571, 0.635163
0.907571, 0.907571, 0.629812
0.977384, 0.907571, 0.624462
1.0472, 0.907571, 0.618927
1.11701, 0.907571, 0.613036
1.18682, 0.907571, 0.606634
1.25664, 0.907571, 0.599577
1.32645, 0.907571, 0.591739
1.39626, 0.907571, 0.583007
1.46608, 0.907571, 0.573281
1.53589, 0.907571, 0.562477
1.6057, 0.907571, 0.550522
1.67552, 0.907571, 0.537358
1.74533, 0.907571, 0.52294
1.81514, 0.907571, 0.507235
1.88496, 0.907571, 0.490225
1.95477, 0.907571, 0.471899
2.02458, 0.907571, 0.452263
2.0944, 0.907571, 0.431331
2.16421, 0.907571, 0.409128
2.23402, 0.907571, 0.385691
2.30383, 0.907571, 0.361065
2.37365, 0.907571, 0.335304
2.44346, 0.907571, 0.308472
2.51327, 0.907571, 0.280641
2.58309, 0.907571, 0.251888
2.6529, 0.907571, 0.222299
2.72271, 0.907571, 0.191965
2.79253, 0.907571, 0.160983
2.86234, 0.907571, 0.129454
2.93215, 0.907571, 0.0974814
3.00197, 0.907571, 0.0651747
3.07178, 0.907571, 0.0326436
0.0698132, 0.977384, 0.798868
0.139626, 0.977384, 0.772341
0.20944, 0.977384, 0.749076
0.279253, 0.977384, 0.728708
0.349066, 0.977384, 0.710894
0.418879, 0.977384, 0.695306
0.488692, 0.977384, 0.681634
0.558505, 0.977384, 0.669582
0.628319, 0.977384, 0.658873
0.698132, 0.977384, 0.649246
0.767945, 0.977384, 0.640452
0.837758, 0.977384, 0.632263
0.907571, 0.977384, 0.624462
0.977384, 0.977384, 0.616847
1.0472, 0.977384, 0.609234
1.11701, 0.977384, 0.601451
1.18682, 0.977384, 0.593341
1.25664, 0.977384, 0.584761
1.32645, 0.977384, 0.575584
1.39626, 0.977384, 0.565695
1.46608, 0.977384, 0.554993
1.53589, 0.977384, 0.54339
1.6057, 0.977384, 0.530812
1.67552, 0.977384, 0.517199
1.74533, 0.977384, 0.5025
1.81514, 0.977384, 0.486681
1.88496, 0.977384, 0.469715
1.95477, 0.977384, 0.451591
2.02458, 0.977384, 0.432307
2.0944, 0.977384, 0.411871
2.16421, 0.977384, 0.390303
2.23402, 0.977384, 0.367631
2.30383, 0.977384, 0.343894
2.37365, 0.977384, 0.319139
2.44346, 0.977384, 0.293421
2.51327, 0.977384, 0.266803
2.58309, 0.977384, 0.239354
2.6529, 0.977384, 0.21115
2.72271, 0.977384, 0.182273
2.79253, 0.977384, 0.15281
2.86234, 0.977384, 0.122852
2.93215, 0.977384, 0.0924935
3.00197, 0.977384, 0.0618318
3.07178, 0.977384, 0.0309669
0.0698132, 1.0472, 0.831554
0.139626, 1.0472, 0.800902
0.20944, 1.0472, 0.773685
0.279253, 1.0472, 0.749539
0.349066, 1.0472, 0.728117
0.418879, 1.0472, 0.70909
0.488692, 1.0472, 0.692149
0.558505, 1.0472, 0.676998
0.628319, 1.0472, 0.663359
0.698132, 1.0472, 0.650971
0.767945, 1.0472, 0.639587
0.837758, 1.0472, 0.628978
0.907571, 1.0472, 0.618927
0.977384, 1.0472, 0.609234
1.0472, 1.0472, 0.599714
1.11701, 1.0472, 0.590194
1.18682, 1.0472, 0.580519
1.25664, 1.0472, 0.570546
1.32645, 1.0472, 0.560144
1.39626, 1.0472, 0.549198
1.46608, 1.0472, 0.537607
1.53589, 1.0472, 0.52528
1.6057, 1.0472, 0.512141
1.67552, 1.0472, 0.498127
1.74533, 1.0472, 0.483184
1.81514, 1.0472, 0.467274
1.88496, 1.0472, 0.450367
1.95477, 1.0472, 0.432446
2.02458, 1.0472, 0.413504
2.0944, 1.0472, 0.393545
2.16421, 1.0472, 0.372582
2.23402, 1.0472, 0.350638
2.30383, 1.0472, 0.327743
2.37365, 1.0472, 0.303939
2.44346, 1.0472, 0.279271
2.51327, 1.0472, 0.253796
2.58309, 1.0472, 0.227575
2.6529, 1.0472, 0.200675
2.72271, 1.0472, 0.173168
2.79253, 1.0472, 0.145134
2.86234, 1.0472, 0.116652
2.93215, 1.0472, 0.087809
3.00197, 1.0472, 0.0586924
3.07178, 1.0472, 0.0293923
0.0698132, 1.11701, 0.860424
0.139626, 1.11701, 0.82603
0.20944, 1.11701, 0.795226
0.279253, 1.11701, 0.767647
0.349066, 1.11701, 0.742946
0.418879, 1.11701, 0.720793
0.488692, 1.11701, 0.700877
0.558505, 1.11701, 0.682904
0.628319, 1.11701, 0.666597
0.698132, 1.11701, 0.651694
0.767945, 1.11701, 0.637951
0.837758, 1.11701, 0.625136
0.907571, 1.11701, 0.613036
0.977384, 1.11701, 0.601451
1.0472, 1.11701, 0.590194
1.11701, 1.11701, 0.579096
1.18682, 1.11701, 0.567999
1.25664, 1.11701, 0.55676
1.32645, 1.11701, 0.545249
1.39626, 1.11701, 0.53335
1.46608, 1.11701, 0.520958
1.53589, 1.11701, 0.507984
1.6057, 1.11701, 0.494348
1.67552, 1.11701, 0.479984
1.74533, 1.11701, 0.464838
1.81514, 1.11701, 0.448865
1.88496, 1.11701, 0.432034
1.95477, 1.11701, 0.414323
2.02458, 1.11701, 0.395721
2.0944, 1.11701, 0.376225
2.16421, 1.11701, 0.355845
2.23402, 1.11701, 0.334596
2.30383, 1.11701, 0.312504
2.37365, 1.11701, 0.289602
2.44346, 1.11701, 0.26593
2.51327, 1.11701, 0.241537
2.58309, 1.11701, 0.216476
2.6529, 1.11701, 0.190806
2.72271, 1.11701, 0.164592
2.79253, 1.11701, 0.137904
2.86234, 1.11701, 0.110814
2.93215, 1.11701, 0.0833984
3.00197, 1.11701, 0.0557368
3.07178, 1.11701, 0.0279099
0.0698132, 1.18682, 0.885321
0.139626, 1.18682, 0.847571
0.20944, 1.18682, 0.813547
0.279253, 1.18682, 0.782882
0.349066, 1.18682, 0.75523
0.418879, 1.18682, 0.730261
0.488692, 1.18682, 0.707664
0.558505, 1.18682, 0.687148
0.628319, 1.18682, 0.668433
0.698132, 1.18682, 0.651261
0.767945, 1.18682, 0.635388
0.837758, 1.18682, 0.620583
0.907571, 1.18682, 0.606634
0.977384, 1.18682, 0.593341
1.0472, 1.18682, 0.580519
1.11701, 1.18682, 0.567999
1.18682, 1.18682, 0.555623
1.25664, 1.18682, 0.543249
1.32645, 1.18682, 0.530745
1.39626, 1.18682, 0.517995
1.46608, 1.18682, 0.504895
1.53589, 1.18682, 0.491351
1.6057, 1.18682, 0.477285
1.67552, 1.18682, 0.462626
1.74533, 1.18682, 0.447319
1.81514, 1.18682, 0.431316
1.88496, 1.18682, 0.414583
1.95477, 1.18682, 0.397093
2.02458, 1.18682, 0.378831
2.0944, 1.18682, 0.359792
2.16421, 1.18682, 0.339977
2.23402, 1.18682, 0.319398
2.30383, 1.18682, 0.298075
2.37365, 1.18682, 0.276035
2.44346, 1.18682, 0.253312
2.51327, 1.18682, 0.229947
2.58309, 1.18682, 0.205987
2.6529, 1.18682, 0.181482
2.72271, 1.18682, 0.156492
2.79253, 1.18682, 0.131077
2.86234, 1.18682, 0.105301
2.93215, 1.18682, 0.0792344
3.00197, 1.18682, 0.0529467
3.07178, 1.18682, 0.0265106
0.0698132, 1.25664, 0.906108
0.139626, 1.25664, 0.865389
0.20944, 1.25664, 0.82851
0.279253, 1.25664, 0.795108
0.349066, 1.25664, 0.764833
0.418879, 1.25664, 0.737359
0.488692, 1.25664, 0.712376
0.558505, 1.25664, 0.689591
0.628319, 1.25664, 0.66873
0.698132, 1.25664, 0.649533
0.767945, 1.25664, 0.631758
0.837758, 1.25664, 0.615177
0.907571, 1.25664, 0.599577
0.977384, 1.25664, 0.584761
1.0472, 1.25664, 0.570546
1.11701, 1.25664, 0.55676
1.18682, 1.25664, 0.543249
1.25664, 1.25664, 0.529868
1.32645, 1.25664, 0.516489
1.39626, 1.25664, 0.502994
1.46608, 1.25664, 0.489276
1.53589, 1.25664, 0.475244
1.6057, 1.25664, 0.460815
1.67552, 1.25664, 0.44592
1.74533, 1.25664, 0.430498
1.81514, 1.25664, 0.414501
1.88496, 1.25664, 0.39789
1.95477, 1.25664, 0.380637
2.02458, 1.25664, 0.362722
2.0944, 1.25664, 0.344135
2.16421, 1.25664, 0.324874
2.23402, 1.25664, 0.304946
2.30383, 1.25664, 0.284365
2.37365, 1.25664, 0.263153
2.44346, 1.25664, 0.241338
2.51327, 1.25664, 0.218954
2.58309, 1.25664, 0.196041
2.6529, 1.25664, 0.172646
2.72271, 1.25664, 0.148817
2.79253, 1.25664, 0.124609
2.86234, 1.25664, 0.100081
2.93215, 1.25664, 0.0752917
3.00197, 1.25664, 0.0503051
3.07178, 1.25664, 0.0251858
0.0698132, 1.32645, 0.922671
0.139626, 1.32645, 0.879368
0.20944, 1.32645, 0.840003
0.279253, 1.32645, 0.804208
0.349066, 1.32645, 0.771639
0.418879, 1.32645, 0.741969
0.488692, 1.32645, 0.714891
0.558505, 1.32645, 0.690114
0.628319, 1.32645, 0.667364
0.698132, 1.32645, 0.646385
0.767945, 1.32645, 0.626936
0.837758, 1.32645, 0.608791
0.907571, 1.32645, 0.591739
0.977384, 1.32645, 0.575584
1.0472, 1.32645, 0.560144
1.11701, 1.32645, 0.545249
1.18682, 1.32645, 0.530745
1.25664, 1.32645, 0.516489
1.32645, 1.32645, 0.502352
1.39626, 1.32645, 0.488215
1.46608, 1.32645, 0.473974
1.53589, 1.32645, 0.459535
1.6057, 1.32645, 0.444814
1.67552, 1.32645, 0.429741
1.74533, 1.32645, 0.414253
1.81514, 1.32645, 0.3983
1.88496, 1.32645, 0.381841
1.95477, 1.32645, 0.364843
2.02458, 1.32645, 0.347285
2.0944, 1.32645, 0.329153
2.16421, 1.32645, 0.310439
2.23402, 1.32645, 0.291148
2.30383, 1.32645, 0.271288
2.37365, 1.32645, 0.250875
2.44346, 1.32645, 0.229933
2.51327, 1.32645, 0.20849
2.58309, 1.32645, 0.18658
2.6529, 1.32645, 0.164242
2.72271, 1.32645, 0.141521
2.79253, 1.32645, 0.118464
2.86234, 1.32645, 0.0951212
2.93215, 1.32645, 0.0715466
3.00197, 1.32645, 0.0477963
3.07178, 1.32645, 0.0239278
0.0698132, 1.39626, 0.934914
0.139626, 1.39626, 0.889415
0.20944, 1.39626, 0.847927
0.279253, 1.39626, 0.810086
0.349066, 1.39626, 0.775548
0.418879, 1.39626, 0.743991
0.488692, 1.39626, 0.715108
0.558505, 1.39626, 0.688611
0.628319, 1.39626, 0.66423
0.698132, 1.39626, 0.641711
0.767945, 1.39626, 0.620813
0.837758, 1.39626, 0.601315
0.907571, 1.39626, 0.583007
0.977384, 1.39626, 0.565695
1.0472, 1.39626, 0.549198
1.11701, 1.39626, 0.53335
1.18682, 1.39626, 0.517995
1.25664, 1.39626, 0.502994
1.32645, 1.39626, 0.488215
1.39626, 1.39626, 0.473544
1.46608, 1.39626, 0.458873
1.53589, 1.39626, 0.444109
1.6057, 1.39626, 0.429168
1.67552, 1.39626, 0.413978
1.74533, 1.39626, 0.398475
1.81514, 1.39626, 0.382607
1.88496, 1.39626, 0.366331
1.95477, 1.39626, 0.349612
2.02458, 1.39626, 0.332425
2.0944, 1.39626, 0.314752
2.16421, 1.39626, 0.296585
2.23402, 1.39626, 0.27792
2.30383, 1.39626, 0.258764
2.37365, 1.39626, 0.239128
2.44346, 1.39626, 0.21903
2.51327, 1.39626, 0.198493
2.58309, 1.39626, 0.177546
2.6529, 1.39626, 0.156224
2.72271, 1.39626, 0.134563
2.79253, 1.39626, 0.112604
2.86234, 1.39626, 0.0903937
2.93215, 1.39626, 0.0679777
3.00197, 1.39626, 0.0454059
3.07178, 1.39626, 0.0227293
0.0698132, 1.46608, 0.942766
0.139626, 1.46608, 0.895455
0.20944, 1.46608, 0.852207
0.279253, 1.46608, 0.812663
0.349066, 1.46608, 0.776481
0.418879, 1.46608, 0.743341
0.488692, 1.46608, 0.712941
0.558505, 1.46608, 0.684996
0.628319, 1.46608, 0.659238
0.698132, 1.46608, 0.635416
0.767945, 1.46608, 0.613294
0.837758, 1.46608, 0.592651
0.907571, 1.46608, 0.573281
0.977384, 1.46608, 0.554993
1.0472, 1.46608, 0.537607
1.11701, 1.46608, 0.520958
1.18682, 1.46608, 0.504895
1.25664, 1.46608, 0.489276
1.32645, 1.46608, 0.473974
1.39626, 1.46608, 0.458873
1.46608, 1.46608, 0.443867
1.53589, 1.46608, 0.428862
1.6057, 1.46608, 0.413773
1.67552, 1.46608, 0.398529
1.74533, 1.46608, 0.383064
1.81514, 1.46608, 0.367325
1.88496, 1.46608, 0.351266
1.95477, 1.46608, 0.334851
2.02458, 1.46608, 0.318052
2.0944, 1.46608, 0.300848
2.16421, 1.46608, 0.283228
2.23402, 1.46608, 0.265185
2.30383, 1.46608, 0.246721
2.37365, 1.46608, 0.227843
2.44346, 1.46608, 0.208566
2.51327, 1.46608, 0.188907
2.58309, 1.46608, 0.16889
2.6529, 1.46608, 0.148544
2.72271, 1.46608, 0.127902
2.79253, 1.46608, 0.106998
2.86234, 1.46608, 0.0858718
2.93215, 1.46608, 0.0645648
3.00197, 1.46608, 0.0431204
3.07178, 1.46608, 0.0215834
0.0698132, 1.53589, 0.946177
0.139626, 1.53589, 0.897435
0.20944, 1.53589, 0.852788
0.279253, 1.53589, 0.81188
0.349066, 1.53589, 0.774375
0.418879, 1.53589, 0.739955
0.488692, 1.53589, 0.708322
0.558505, 1.53589, 0.679196
0.628319, 1.53589, 0.652313
0.698132, 1.53589, 0.627424
0.767945, 1.53589, 0.604298
0.837758, 1.53589, 0.582716
0.907571, 1.53589, 0.562477
0.977384, 1.53589, 0.54339
1.0472, 1.53589, 0.52528
1.11701, 1.53589, 0.507984
1.18682, 1.53589, 0.491351
1.25664, 1.53589, 0.475244
1.32645, 1.53589, 0.459535
1.39626, 1.53589, 0.444109
1.46608, 1.53589, 0.428862
1.53589, 1.53589, 0.413699
1.6057, 1.53589, 0.398537
1.67552, 1.53589, 0.383302
1.74533, 1.53589, 0.367929
1.81514, 1.53589, 0.352363
1.88496, 1.53589, 0.336558
1.95477, 1.53589, 0.320475
2.02458, 1.53589, 0.304084
2.0944, 1.53589, 0.287362
2.16421, 1.53589, 0.270294
2.23402, 1.53589, 0.252872
2.30383, 1.53589, 0.235092
2.37365, 1.53589, 0.21696
2.44346, 1.53589, 0.198484
2.51327, 1.53589, 0.179679
2.58309, 1.53589, 0.160564
2.6529, 1.53589, 0.141162
2.72271, 1.53589, 0.121502
2.79253, 1.53589, 0.101614
2.86234, 1.53589, 0.0815311
2.93215, 1.53589, 0.0612896
3.00197, 1.53589, 0.0409275
3.07178, 1.53589, 0.0204842
0.0698132, 1.6057, 0.945118
0.139626, 1.6057, 0.895323
0.20944, 1.6057, 0.849634
0.279253, 1.6057, 0.807698
0.349066, 1.6057, 0.769186
0.418879, 1.6057, 0.733784
0.488692, 1.6057, 0.7012
0.558505, 1.6057, 0.671157
0.628319, 1.6057, 0.643395
0.698132, 1.6057, 0.617672
0.767945, 1.6057, 0.593759
0.837758, 1.6057, 0.571442
0.907571, 1.6057, 0.550522
0.977384, 1.6057, 0.530812
1.0472, 1.6057, 0.512141
1.11701, 1.6057, 0.494348
1.18682, 1.6057, 0.477285
1.25664, 1.6057, 0.460815
1.32645, 1.6057, 0.444814
1.39626, 1.6057, 0.429168
1.46608, 1.6057, 0.413773
1.53589, 1.6057, 0.398537
1.6057, 1.6057, 0.383375
1.67552, 1.6057, 0.368213
1.74533, 1.6057, 0.352988
1.81514, 1.6057, 0.337643
1.88496, 1.6057, 0.322129
1.95477, 1.6057, 0.306408
2.02458, 1.6057, 0.290448
2.0944, 1.6057, 0.274224
2.16421, 1.6057, 0.257717
2.23402, 1.6057, 0.240917
2.30383, 1.6057, 0.223818
2.37365, 1.6057, 0.206421
2.44346, 1.6057, 0.188732
2.51327, 1.6057, 0.170761
2.58309, 1.6057, 0.152524
2.6529, 1.6057, 0.13404
2.72271, 1.6057, 0.115332
2.79253, 1.6057, 0.0964251
2.86234, 1.6057, 0.0773493
2.93215, 1.6057, 0.0581353
3.00197, 1.6057, 0.0388161
3.07178, 1.6057, 0.0194259
0.0698132, 1.67552, 0.939586
0.139626, 1.67552, 0.88911
0.20944, 1.67552, 0.842729
0.279253, 1.67552, 0.800097
0.349066, 1.67552, 0.760889
0.418879, 1.67552, 0.724799
0.488692, 1.67552, 0.691539
0.558505, 1.67552, 0.660838
0.628319, 1.67552, 0.632442
0.698132, 1.67552, 0.606113
0.767945, 1.67552, 0.581626
0.837758, 1.67552, 0.558773
0.907571, 1.67552, 0.537358
0.977384, 1.67552, 0.517199
1.0472, 1.67552, 0.498127
1.11701, 1.67552, 0.479984
1.18682, 1.67552, 0.462626
1.25664, 1.67552, 0.44592
1.32645, 1.67552, 0.429741
1.39626, 1.67552, 0.413978
1.46608, 1.67552, 0.398529
1.53589, 1.67552, 0.383302
1.6057, 1.67552, 0.368213
1.67552, 1.67552, 0.353191
1.74533, 1.67552, 0.338169
1.81514, 1.67552, 0.323091
1.88496, 1.67552, 0.307909
1.95477, 1.67552, 0.292583
2.02458, 1.67552, 0.277078
2.0944, 1.67552, 0.261368
2.16421, 1.67552, 0.245434
2.23402, 1.67552, 0.229261
2.30383, 1.67552, 0.212843
2.37365, 1.67552, 0.196175
2.44346, 1.67552, 0.179262
2.51327, 1.67552, 0.162111
2.58309, 1.67552, 0.144732
2.6529, 1.67552, 0.127142
2.72271, 1.67552, 0.109359
2.79253, 1.67552, 0.0914059
2.86234, 1.67552, 0.0733061
2.93215, 1.67552, 0.0550866
3.00197, 1.67552, 0.0367758
3.07178, 1.67552, 0.0184034
0.0698132, 1.74533, 0.929597
0.139626, 1.74533, 0.878806
0.20944, 1.74533, 0.832078
0.279253, 1.74533, 0.789075
0.349066, 1.74533, 0.749477
0.418879, 1.74533, 0.712987
0.488692, 1.74533, 0.679322
0.558505, 1.74533, 0.648217
0.628319, 1.74533, 0.619426
0.698132, 1.74533, 0.592713
0.767945, 1.74533, 0.567862
0.837758, 1.74533, 0.544668
0.907571, 1.74533, 0.52294
0.977384, 1.74533, 0.5025
1.0472, 1.74533, 0.483184
1.11701, 1.74533, 0.464838
1.18682, 1.74533, 0.447319
1.25664, 1.74533, 0.430498
1.32645, 1.74533, 0.414253
1.39626, 1.74533, 0.398475
1.46608, 1.74533, 0.383064
1.53589, 1.74533, 0.367929
1.6057, 1.74533, 0.352988
1.67552, 1.74533, 0.338169
1.74533, 1.74533, 0.323407
1.81514, 1.74533, 0.308645
1.88496, 1.74533, 0.293835
1.95477, 1.74533, 0.278936
2.02458, 1.74533, 0.263913
2.0944, 1.74533, 0.248738
2.16421, 1.74533, 0.23339
2.23402, 1.74533, 0.217853
2.30383, 1.74533, 0.202116
2.37365, 1.74533, 0.186176
2.44346, 1.74533, 0.170032
2.51327, 1.74533, 0.153688
2.58309, 1.74533, 0.137152
2.6529, 1.74533, 0.120438
2.72271, 1.74533, 0.103559
2.79253, 1.74533, 0.0865334
2.86234, 1.74533, 0.0693828
2.93215, 1.74533, 0.0521293
3.00197, 1.74533, 0.0347971
3.07178, 1.74533, 0.0174119
0.0698132, 1.81514, 0.91519
0.139626, 1.81514, 0.864444
0.20944, 1.81514, 0.817707
0.279253, 1.81514, 0.774649
0.349066, 1.81514, 0.734961
0.418879, 1.81514, 0.698352
0.488692, 1.81514, 0.664546
0.558505, 1.81514, 0.633287
0.628319, 1.81514, 0.604332
0.698132, 1.81514, 0.577455
0.767945, 1.81514, 0.552443
0.837758, 1.81514, 0.529099
0.907571, 1.81514, 0.507235
0.977384, 1.81514, 0.486681
1.0472, 1.81514, 0.467274
1.11701, 1.81514, 0.448865
1.18682, 1.81514, 0.431316
1.25664, 1.81514, 0.414501
1.32645, 1.81514, 0.3983
1.39626, 1.81514, 0.382607
1.46608, 1.81514, 0.367325
1.53589, 1.81514, 0.352363
1.6057, 1.81514, 0.337643
1.67552, 1.81514, 0.323091
1.74533, 1.81514, 0.308645
1.81514, 1.81514, 0.294248
1.88496, 1.81514, 0.279852
1.95477, 1.81514, 0.265415
2.02458, 1.81514, 0.250901
2.0944, 1.81514, 0.236282
2.16421, 1.81514, 0.221536
2.23402, 1.81514, 0.206644
2.30383, 1.81514, 0.191595
2.37365, 1.81514, 0.176382
2.44346, 1.81514, 0.161002
2.51327, 1.81514, 0.145457
2.58309, 1.81514, 0.129753
2.6529, 1.81514, 0.113898
2.72271, 1.81514, 0.0979041
2.79253, 1.81514, 0.0817867
2.86234, 1.81514, 0.0655626
2.93215, 1.81514, 0.0492508
3.00197, 1.81514, 0.0328718
3.07178, 1.81514, 0.0164473
0.0698132, 1.88496, 0.896428
0.139626, 1.88496, 0.846075
0.20944, 1.88496, 0.799658
0.279253, 1.88496, 0.756857
0.349066, 1.88496, 0.717371
0.418879, 1.88496, 0.680916
0.488692, 1.88496, 0.647227
0.558505, 1.88496, 0.616054
0.628319, 1.88496, 0.587162
0.698132, 1.88496, 0.560333
0.767945, 1.88496, 0.53536
0.837758, 1.88496, 0.51205
0.907571, 1.88496, 0.490225
0.977384, 1.88496, 0.469715
1.0472, 1.88496, 0.450367
1.11701, 1.88496, 0.432034
1.18682, 1.88496, 0.414583
1.25664, 1.88496, 0.39789
1.32645, 1.88496, 0.381841
1.39626, 1.88496, 0.366331
1.46608, 1.88496, 0.351266
1.53589, 1.88496, 0.336558
1.6057, 1.88496, 0.322129
1.67552, 1.88496, 0.307909
1.74533, 1.88496, 0.293835
1.81514, 1.88496, 0.279852
1.88496, 1.88496, 0.265911
1.95477, 1.88496, 0.251971
2.02458, 1.88496, 0.237995
2.0944, 1.88496, 0.223956
2.16421, 1.88496, 0.209828
2.23402, 1.88496, 0.195593
2.30383, 1.88496, 0.181239
2.37365, 1.88496, 0.166755
2.44346, 1.88496, 0.152138
2.51327, 1.88496, 0.137386
2.58309, 1.88496, 0.122504
2.6529, 1.88496, 0.107497
2.72271, 1.88496, 0.0923739
2.79253, 1.88496, 0.0771471
2.86234, 1.88496, 0.0618304
2.93215, 1.88496, 0.0464396
3.00197, 1.88496, 0.0309919
3.07178, 1.88496, 0.0155057
0.0698132, 1.95477, 0.873394
0.139626, 1.95477, 0.823775
0.20944, 1.95477, 0.777998
0.279253, 1.95477, 0.735753
0.349066, 1.95477, 0.696751
0.418879, 1.95477, 0.660717
0.488692, 1.95477, 0.627394
0.558505, 1.95477, 0.596542
0.628319, 1.95477, 0.567933
0.698132, 1.95477, 0.541357
0.767945, 1.95477, 0.516615
0.837758, 1.95477, 0.49352
0.907571, 1.95477, 0.471899
0.977384, 1.95477, 0.451591
1.0472, 1.95477, 0.432446
1.11701, 1.95477, 0.414323
1.18682, 1.95477, 0.397093
1.25664, 1.95477, 0.380637
1.32645, 1.95477, 0.364843
1.39626, 1.95477, 0.349612
1.46608, 1.95477, 0.334851
1.53589, 1.95477, 0.320475
1.6057, 1.95477, 0.306408
1.67552, 1.95477, 0.292583
1.74533, 1.95477, 0.278936
1.81514, 1.95477, 0.265415
1.88496, 1.95477, 0.251971
1.95477, 1.95477, 0.238563
2.02458, 1.95477, 0.225155
2.0944, 1.95477, 0.211718
2.16421, 1.95477, 0.198227
2.23402, 1.95477, 0.184664
2.30383, 1.95477, 0.171012
2.37365, 1.95477, 0.157262
2.44346, 1.95477, 0.143408
2.51327, 1.95477, 0.129447
2.58309, 1.95477, 0.115381
2.6529, 1.95477, 0.101212
2.72271, 1.95477, 0.0869478
2.79253, 1.95477, 0.0725977
2.86234, 1.95477, 0.0581726
2.93215, 1.95477, 0.0436856
3.00197, 1.95477, 0.0291508
3.07178, 1.95477, 0.0145836
0.0698132, 2.02458, 0.846192
0.139626, 2.02458, 0.797635
0.20944, 2.02458, 0.752807
0.279253, 2.02458, 0.711411
0.349066, 2.02458, 0.673165
0.418879, 2.02458, 0.637809
0.488692, 2.02458, 0.605093
0.558505, 2.02458, 0.574788
0.628319, 2.02458, 0.546675
0.698132, 2.02458, 0.52055
0.767945, 2.02458, 0.496224
0.837758, 2.02458, 0.473517
0.907571, 2.02458, 0.452263
0.977384, 2.02458, 0.432307
1.0472, 2.02458, 0.413504
1.11701, 2.02458, 0.395721
1.18682, 2.02458, 0.378831
1.25664, 2.02458, 0.362722
1.32645, 2.02458, 0.347285
1.39626, 2.02458, 0.332425
1.46608, 2.02458, 0.318052
1.53589, 2.02458, 0.304084
1.6057, 2.02458, 0.290448
1.67552, 2.02458, 0.277078
1.74533, 2.02458, 0.263913
1.81514, 2.02458, 0.250901
1.88496, 2.02458, 0.237995
1.95477, 2.02458, 0.225155
2.02458, 2.02458, 0.212345
2.0944, 2.02458, 0.199535
2.16421, 2.02458, 0.186701
2.23402, 2.02458, 0.173822
2.30383, 2.02458, 0.160884
2.37365, 2.02458, 0.147875
2.44346, 2.02458, 0.134786
2.51327, 2.02458, 0.121615
2.58309, 2.02458, 0.10836
2.6529, 2.02458, 0.0950226
2.72271, 2.02458, 0.0816083
2.79253, 2.02458, 0.0681235
2.86234, 2.02458, 0.0545771
2.93215, 2.02458, 0.0409794
3.00197, 2.02458, 0.0273421
3.07178, 2.02458, 0.0136779
0.0698132, 2.0944, 0.814948
0.139626, 2.0944, 0.76777
0.20944, 2.0944, 0.724189
0.279253, 2.0944, 0.68392
0.349066, 2.0944, 0.646694
0.418879, 2.0944, 0.612262
0.488692, 2.0944, 0.580385
0.558505, 2.0944, 0.550844
0.628319, 2.0944, 0.523429
0.698132, 2.0944, 0.497947
0.767945, 2.0944, 0.474215
0.837758, 2.0944, 0.452063
0.907571, 2.0944, 0.431331
0.977384, 2.0944, 0.411871
1.0472, 2.0944, 0.393545
1.11701, 2.0944, 0.376225
1.18682, 2.0944, 0.359792
1.25664, 2.0944, 0.344135
1.32645, 2.0944, 0.329153
1.39626, 2.0944, 0.314752
1.46608, 2.0944, 0.300848
1.53589, 2.0944, 0.287362
1.6057, 2.0944, 0.274224
1.67552, 2.0944, 0.261368
1.74533, 2.0944, 0.248738
1.81514, 2.0944, 0.236282
1.88496, 2.0944, 0.223956
1.95477, 2.0944, 0.211718
2.02458, 2.0944, 0.199535
2.0944, 2.0944, 0.187377
2.16421, 2.0944, 0.175219
2.23402, 2.0944, 0.163042
2.30383, 2.0944, 0.150828
2.37365, 2.0944, 0.138566
2.44346, 2.0944, 0.126248
2.51327, 2.0944, 0.113867
2.58309, 2.0944, 0.101421
2.6529, 2.0944, 0.088911
2.72271, 2.0944, 0.0763395
2.79253, 2.0944, 0.0637113
2.86234, 2.0944, 0.0510331
2.93215, 2.0944, 0.038313
3.00197, 2.0944, 0.0255605
3.07178, 2.0944, 0.0127859
0.0698132, 2.16421, 0.779807
0.139626, 2.16421, 0.734311
0.20944, 2.16421, 0.692261
0.279253, 2.16421, 0.653387
0.349066, 2.16421, 0.617433
0.418879, 2.16421, 0.584161
0.488692, 2.16421, 0.553345
0.558505, 2.16421, 0.524775
0.628319, 2.16421, 0.498254
0.698132, 2.16421, 0.473596
0.767945, 2.16421, 0.450629
0.837758, 2.16421, 0.42919
0.907571, 2.16421, 0.409128
0.977384, 2.16421, 0.390303
1.0472, 2.16421, 0.372582
1.11701, 2.16421, 0.355845
1.18682, 2.16421, 0.339977
1.25664, 2.16421, 0.324874
1.32645, 2.16421, 0.310439
1.39626, 2.16421, 0.296585
1.46608, 2.16421, 0.283228
1.53589, 2.16421, 0.270294
1.6057, 2.16421, 0.257717
1.67552, 2.16421, 0.245434
1.74533, 2.16421, 0.23339
1.81514, 2.16421, 0.221536
1.88496, 2.16421, 0.209828
1.95477, 2.16421, 0.198227
2.02458, 2.16421, 0.186701
2.0944, 2.16421, 0.175219
2.16421, 2.16421, 0.163758
2.23402, 2.16421, 0.152298
2.30383, 2.16421, 0.140821
2.37365, 2.16421, 0.129316
2.44346, 2.16421, 0.117772
2.51327, 2.16421, 0.106183
2.58309, 2.16421, 0.094547
2.6529, 2.16421, 0.0828613
2.72271, 2.16421, 0.0711277
2.79253, 2.16421, 0.0593493
2.86234, 2.16421, 0.0475311
2.93215, 2.16421, 0.0356792
3.00197, 2.16421, 0.0238011
3.07178, 2.16421, 0.0119051
0.0698132, 2.23402, 0.740934
0.139626, 2.23402, 0.697408
0.20944, 2.23402, 0.657161
0.279253, 2.23402, 0.619937
0.349066, 2.23402, 0.585493
0.418879, 2.23402, 0.553605
0.488692, 2.23402, 0.52406
0.558505, 2.23402, 0.49666
0.628319, 2.23402, 0.471217
0.698132, 2.23402, 0.447557
0.767945, 2.23402, 0.425516
0.837758, 2.23402, 0.404942
0.907571, 2.23402, 0.385691
0.977384, 2.23402, 0.367631
1.0472, 2.23402, 0.350638
1.11701, 2.23402, 0.334596
1.18682, 2.23402, 0.319398
1.25664, 2.23402, 0.304946
1.32645, 2.23402, 0.291148
1.39626, 2.23402, 0.27792
1.46608, 2.23402, 0.265185
1.53589, 2.23402, 0.252872
1.6057, 2.23402, 0.240917
1.67552, 2.23402, 0.229261
1.74533, 2.23402, 0.217853
1.81514, 2.23402, 0.206644
1.88496, 2.23402, 0.195593
1.95477, 2.23402, 0.184664
2.02458, 2.23402, 0.173822
2.0944, 2.23402, 0.163042
2.16421, 2.23402, 0.152298
2.23402, 2.23402, 0.14157
2.30383, 2.23402, 0.130843
2.37365, 2.23402, 0.120103
2.44346, 2.23402, 0.109341
2.51327, 2.23402, 0.0985488
2.58309, 2.23402, 0.0877225
2.6529, 2.23402, 0.0768599
2.72271, 2.23402, 0.065961
2.79253, 2.23402, 0.0550275
2.86234, 2.23402, 0.0440629
2.93215, 2.23402, 0.0330717
3.00197, 2.23402, 0.0220598
3.07178, 2.23402, 0.0110335
0.0698132, 2.30383, 0.698512
0.139626, 2.30383, 0.65723
0.20944, 2.30383, 0.619042
0.279253, 2.30383, 0.583707
0.349066, 2.30383, 0.551
0.418879, 2.30383, 0.520709
0.488692, 2.30383, 0.492634
0.558505, 2.30383, 0.466589
0.628319, 2.30383, 0.442399
0.698132, 2.30383, 0.419899
0.767945, 2.30383, 0.398938
0.837758, 2.30383, 0.379371
0.907571, 2.30383, 0.361065
0.977384, 2.30383, 0.343894
1.0472, 2.30383, 0.327743
1.11701, 2.30383, 0.312504
1.18682, 2.30383, 0.298075
1.25664, 2.30383, 0.284365
1.32645, 2.30383, 0.271288
1.39626, 2.30383, 0.258764
1.46608, 2.30383, 0.246721
1.53589, 2.30383, 0.235092
1.6057, 2.30383, 0.223818
1.67552, 2.30383, 0.212843
1.74533, 2.30383, 0.202116
1.81514, 2.30383, 0.191595
1.88496, 2.30383, 0.181239
1.95477, 2.30383, 0.171012
2.02458, 2.30383, 0.160884
2.0944, 2.30383, 0.150828
2.16421, 2.30383, 0.140821
2.23402, 2.30383, 0.130843
2.30383, 2.30383, 0.120879
2.37365, 2.30383, 0.110915
2.44346, 2.30383, 0.10094
2.51327, 2.30383, 0.0909488
2.58309, 2.30383, 0.0809347
2.6529, 2.30383, 0.0708951
2.72271, 2.30383, 0.060829
2.79253, 2.30383, 0.0507371
2.86234, 2.30383, 0.0406213
2.93215, 2.30383, 0.0304852
3.00197, 2.30383, 0.0203328
3.07178, 2.30383, 0.0101693
0.0698132, 2.37365, 0.652743
0.139626, 2.37365, 0.61396
0.20944, 2.37365, 0.578071
0.279253, 2.37365, 0.544853
0.349066, 2.37365, 0.514094
0.418879, 2.37365, 0.485598
0.488692, 2.37365, 0.45918
0.558505, 2.37365, 0.434665
0.628319, 2.37365, 0.411891
0.698132, 2.37365, 0.390706
0.767945, 2.37365, 0.370967
0.837758, 2.37365, 0.352542
0.907571, 2.37365, 0.335304
0.977384, 2.37365, 0.319139
1.0472, 2.37365, 0.303939
1.11701, 2.37365, 0.289602
1.18682, 2.37365, 0.276035
1.25664, 2.37365, 0.263153
1.32645, 2.37365, 0.250875
1.39626, 2.37365, 0.239128
1.46608, 2.37365, 0.227843
1.53589, 2.37365, 0.21696
1.6057, 2.37365, 0.206421
1.67552, 2.37365, 0.196175
1.74533, 2.37365, 0.186176
1.81514, 2.37365, 0.176382
1.88496, 2.37365, 0.166755
1.95477, 2.37365, 0.157262
2.02458, 2.37365, 0.147875
2.0944, 2.37365, 0.138566
2.16421, 2.37365, 0.129316
2.23402, 2.37365, 0.120103
2.30383, 2.37365, 0.110915
2.37365, 2.37365, 0.101736
2.44346, 2.37365, 0.0925576
2.51327, 2.37365, 0.0833717
2.58309, 2.37365, 0.0741727
2.6529, 2.37365, 0.0649571
2.72271, 2.37365, 0.0557232
2.79253, 2.37365, 0.0464706
2.86234, 2.37365, 0.0372004
2.93215, 2.37365, 0.0279149
3.00197, 2.37365, 0.0186171
3.07178, 2.37365, 0.00931076
0.0698132, 2.44346, 0.603843
0.139626, 2.44346, 0.567798
0.20944, 2.44346, 0.534433
0.279253, 2.44346, 0.503541
0.349066, 2.44346, 0.474928
0.418879, 2.44346, 0.448412
0.488692, 2.44346, 0.423823
0.558505, 2.44346, 0.401001
0.628319, 2.44346, 0.379796
0.698132, 2.44346, 0.360068
0.767945, 2.44346, 0.341685
0.837758, 2.44346, 0.324525
0.907571, 2.44346, 0.308472
0.977384, 2.44346, 0.293421
1.0472, 2.44346, 0.279271
1.11701, 2.44346, 0.26593
1.18682, 2.44346, 0.253312
1.25664, 2.44346, 0.241338
1.32645, 2.44346, 0.229933
1.39626, 2.44346, 0.21903
1.46608, 2.44346, 0.208566
1.53589, 2.44346, 0.198484
1.6057, 2.44346, 0.188732
1.67552, 2.44346, 0.179262
1.74533, 2.44346, 0.170032
1.81514, 2.44346, 0.161002
1.88496, 2.44346, 0.152138
1.95477, 2.44346, 0.143408
2.02458, 2.44346, 0.134786
2.0944, 2.44346, 0.126248
2.16421, 2.44346, 0.117772
2.23402, 2.44346, 0.109341
2.30383, 2.44346, 0.10094
2.37365, 2.44346, 0.0925576
2.44346, 2.44346, 0.0841826
2.51327, 2.44346, 0.0758079
2.58309, 2.44346, 0.0674276
2.6529, 2.44346, 0.0590378
2.72271, 2.44346, 0.0506362
2.79253, 2.44346, 0.0422218
2.86234, 2.44346, 0.0337951
2.93215, 2.44346, 0.0253571
3.00197, 2.44346, 0.0169101
3.07178, 2.44346, 0.00845669
0.0698132, 2.51327, 0.552046
0.139626, 2.51327, 0.518959
0.20944, 2.51327, 0.488323
0.279253, 2.51327, 0.459951
0.349066, 2.51327, 0.433666
0.418879, 2.51327, 0.409301
0.488692, 2.51327, 0.386702
0.558505, 2.51327, 0.365723
0.628319, 2.51327, 0.346227
0.698132, 2.51327, 0.328086
0.767945, 2.51327, 0.311182
0.837758, 2.51327, 0.295402
0.907571, 2.51327, 0.280641
0.977384, 2.51327, 0.266803
1.0472, 2.51327, 0.253796
1.11701, 2.51327, 0.241537
1.18682, 2.51327, 0.229947
1.25664, 2.51327, 0.218954
1.32645, 2.51327, 0.20849
1.39626, 2.51327, 0.198493
1.46608, 2.51327, 0.188907
1.53589, 2.51327, 0.179679
1.6057, 2.51327, 0.170761
1.67552, 2.51327, 0.162111
1.74533, 2.51327, 0.153688
1.81514, 2.51327, 0.145457
1.88496, 2.51327, 0.137386
1.95477, 2.51327, 0.129447
2.02458, 2.51327, 0.121615
2.0944, 2.51327, 0.113867
2.16421, 2.51327, 0.106183
2.23402, 2.51327, 0.0985488
2.30383, 2.51327, 0.0909488
2.37365, 2.51327, 0.0833717
2.44346, 2.51327, 0.0758079
2.51327, 2.51327, 0.06825
2.58309, 2.51327, 0.0606922
2.6529, 2.51327, 0.0531305
2.72271, 2.51327, 0.0455621
2.79253, 2.51327, 0.0379857
2.86234, 2.51327, 0.030401
2.93215, 2.51327, 0.0228085
3.00197, 2.51327, 0.0152095
3.07178, 2.51327, 0.00760595
0.0698132, 2.58309, 0.497599
0.139626, 2.58309, 0.46767
0.20944, 2.58309, 0.439952
0.279253, 2.58309, 0.414277
0.349066, 2.58309, 0.390484
0.418879, 2.58309, 0.368426
0.488692, 2.58309, 0.347962
0.558505, 2.58309, 0.328962
0.628319, 2.58309, 0.311303
0.698132, 2.58309, 0.29487
0.767945, 2.58309, 0.279556
0.837758, 2.58309, 0.26526
0.907571, 2.58309, 0.251888
0.977384, 2.58309, 0.239354
1.0472, 2.58309, 0.227575
1.11701, 2.58309, 0.216476
1.18682, 2.58309, 0.205987
1.25664, 2.58309, 0.196041
1.32645, 2.58309, 0.18658
1.39626, 2.58309, 0.177546
1.46608, 2.58309, 0.16889
1.53589, 2.58309, 0.160564
1.6057, 2.58309, 0.152524
1.67552, 2.58309, 0.144732
1.74533, 2.58309, 0.137152
1.81514, 2.58309, 0.129753
1.88496, 2.58309, 0.122504
1.95477, 2.58309, 0.115381
2.02458, 2.58309, 0.10836
2.0944, 2.58309, 0.101421
2.16421, 2.58309, 0.094547
2.23402, 2.58309, 0.0877225
2.30383, 2.58309, 0.0809347
2.37365, 2.58309, 0.0741727
2.44346, 2.58309, 0.0674276
2.51327, 2.58309, 0.0606922
2.58309, 2.58309, 0.053961
2.6529, 2.58309, 0.04723
2.72271, 2.58309, 0.0404962
2.79253, 2.58309, 0.0337581
2.86234, 2.58309, 0.0270147
2.93215, 2.58309, 0.0202663
3.00197, 2.58309, 0.0135136
3.07178, 2.58309, 0.00675762
0.0698132, 2.6529, 0.440762
0.139626, 2.6529, 0.414172
0.20944, 2.6529, 0.389541
0.279253, 2.6529, 0.366721
0.349066, 2.6529, 0.34557
0.418879, 2.6529, 0.325958
0.488692, 2.6529, 0.30776
0.558505, 2.6529, 0.290862
0.628319, 2.6529, 0.275154
0.698132, 2.6529, 0.260536
0.767945, 2.6529, 0.246912
0.837758, 2.6529, 0.234194
0.907571, 2.6529, 0.222299
0.977384, 2.6529, 0.21115
1.0472, 2.6529, 0.200675
1.11701, 2.6529, 0.190806
1.18682, 2.6529, 0.181482
1.25664, 2.6529, 0.172646
1.32645, 2.6529, 0.164242
1.39626, 2.6529, 0.156224
1.46608, 2.6529, 0.148544
1.53589, 2.6529, 0.141162
1.6057, 2.6529, 0.13404
1.67552, 2.6529, 0.127142
1.74533, 2.6529, 0.120438
1.81514, 2.6529, 0.113898
1.88496, 2.6529, 0.107497
1.95477, 2.6529, 0.101212
2.02458, 2.6529, 0.0950226
2.0944, 2.6529, 0.088911
2.16421, 2.6529, 0.0828613
2.23402, 2.6529, 0.0768599
2.30383, 2.6529, 0.0708951
2.37365, 2.6529, 0.0649571
2.44346, 2.6529, 0.0590378
2.51327, 2.6529, 0.0531305
2.58309, 2.6529, 0.04723
2.6529, 2.6529, 0.0413324
2.72271, 2.6529, 0.0354349
2.79253, 2.6529, 0.0295357
2.86234, 2.6529, 0.0236337
2.93215, 2.6529, 0.0177287
3.00197, 2.6529, 0.0118209
3.07178, 2.6529, 0.005911
0.0698132, 2.72271, 0.381808
0.139626, 2.72271, 0.358716
0.20944, 2.72271, 0.337322
0.279253, 2.72271, 0.317497
0.349066, 2.72271, 0.299119
0.418879, 2.72271, 0.282076
0.488692, 2.72271, 0.26626
0.558505, 2.72271, 0.251572
0.628319, 2.72271, 0.237917
0.698132, 2.72271, 0.225208
0.767945, 2.72271, 0.213364
0.837758, 2.72271, 0.202307
0.907571, 2.72271, 0.191965
0.977384, 2.72271, 0.182273
1.0472, 2.72271, 0.173168
1.11701, 2.72271, 0.164592
1.18682, 2.72271, 0.156492
1.25664, 2.72271, 0.148817
1.32645, 2.72271, 0.141521
1.39626, 2.72271, 0.134563
1.46608, 2.72271, 0.127902
1.53589, 2.72271, 0.121502
1.6057, 2.72271, 0.115332
1.67552, 2.72271, 0.109359
1.74533, 2.72271, 0.103559
1.81514, 2.72271, 0.0979041
1.88496, 2.72271, 0.0923739
1.95477, 2.72271, 0.0869478
2.02458, 2.72271, 0.0816083
2.0944, 2.72271, 0.0763395
2.16421, 2.72271, 0.0711277
2.23402, 2.72271, 0.065961
2.30383, 2.72271, 0.060829
2.37365, 2.72271, 0.0557232
2.44346, 2.72271, 0.0506362
2.51327, 2.72271, 0.0455621
2.58309, 2.72271, 0.0404962
2.6529, 2.72271, 0.0354349
2.72271, 2.72271, 0.0303755
2.79253, 2.72271, 0.0253162
2.86234, 2.72271, 0.0202558
2.93215, 2.72271, 0.0151939
3.00197, 2.72271, 0.0101303
3.07178, 2.72271, 0.0050655
0.0698132, 2.79253, 0.321019
0.139626, 2.79253, 0.301562
0.20944, 2.79253, 0.283534
0.279253, 2.79253, 0.266826
0.349066, 2.79253, 0.251336
0.418879, 2.79253, 0.236968
0.488692, 2.79253, 0.223634
0.558505, 2.79253, 0.211249
0.628319, 2.79253, 0.199735
0.698132, 2.79253, 0.189017
0.767945, 2.79253, 0.179029
0.837758, 2.79253, 0.169704
0.907571, 2.79253, 0.160983
0.977384, 2.79253, 0.15281
1.0472, 2.79253, 0.145134
1.11701, 2.79253, 0.137904
1.18682, 2.79253, 0.131077
1.25664, 2.79253, 0.124609
1.32645, 2.79253, 0.118464
1.39626, 2.79253, 0.112604
1.46608, 2.79253, 0.106998
1.53589, 2.79253, 0.101614
1.6057, 2.79253, 0.0964251
1.67552, 2.79253, 0.0914059
1.74533, 2.79253, 0.0865334
1.81514, 2.79253, 0.0817867
1.88496, 2.79253, 0.0771471
1.95477, 2.79253, 0.0725977
2.02458, 2.79253, 0.0681235
2.0944, 2.79253, 0.0637113
2.16421, 2.79253, 0.0593493
2.23402, 2.79253, 0.0550275
2.30383, 2.79253, 0.0507371
2.37365, 2.79253, 0.0464706
2.44346, 2.79253, 0.0422218
2.51327, 2.79253, 0.0379857
2.58309, 2.79253, 0.0337581
2.6529, 2.79253, 0.0295357
2.72271, 2.79253, 0.0253162
2.79253, 2.79253, 0.0210979
2.86234, 2.79253, 0.0168796
2.93215, 2.79253, 0.0126607
3.00197, 2.79253, 0.00844105
3.07178, 2.79253, 0.00422072
0.0698132, 2.86234, 0.258687
0.139626, 2.86234, 0.242982
0.20944, 2.86234, 0.228428
0.279253, 2.86234, 0.214938
0.349066, 2.86234, 0.202431
0.418879, 2.86234, 0.190828
0.488692, 2.86234, 0.180059
0.558505, 2.86234, 0.170056
0.628319, 2.86234, 0.160756
0.698132, 2.86234, 0.152099
0.767945, 2.86234, 0.14403
0.837758, 2.86234, 0.136498
0.907571, 2.86234, 0.129454
0.977384, 2.86234, 0.122852
1.0472, 2.86234, 0.116652
1.11701, 2.86234, 0.110814
1.18682, 2.86234, 0.105301
1.25664, 2.86234, 0.100081
1.32645, 2.86234, 0.0951212
1.39626, 2.86234, 0.0903937
1.46608, 2.86234, 0.0858718
1.53589, 2.86234, 0.0815311
1.6057, 2.86234, 0.0773493
1.67552, 2.86234, 0.0733061
1.74533, 2.86234, 0.0693828
1.81514, 2.86234, 0.0655626
1.88496, 2.86234, 0.0618304
1.95477, 2.86234, 0.0581726
2.02458, 2.86234, 0.0545771
2.0944, 2.86234, 0.0510331
2.16421, 2.86234, 0.0475311
2.23402, 2.86234, 0.0440629
2.30383, 2.86234, 0.0406213
2.37365, 2.86234, 0.0372004
2.44346, 2.86234, 0.0337951
2.51327, 2.86234, 0.030401
2.58309, 2.86234, 0.0270147
2.6529, 2.86234, 0.0236337
2.72271, 2.86234, 0.0202558
2.79253, 2.86234, 0.0168796
2.86234, 2.86234, 0.0135039
2.93215, 2.86234, 0.0101284
3.00197, 2.86234, 0.00675251
3.07178, 2.86234, 0.00337635
0.0698132, 2.93215, 0.195112
0.139626, 2.93215, 0.183251
0.20944, 2.93215, 0.172258
0.279253, 2.93215, 0.162069
0.349066, 2.93215, 0.152621
0.418879, 2.93215, 0.143856
0.488692, 2.93215, 0.13572
0.558505, 2.93215, 0.128162
0.628319, 2.93215, 0.121135
0.698132, 2.93215, 0.114593
0.767945, 2.93215, 0.108496
0.837758, 2.93215, 0.102804
0.907571, 2.93215, 0.0974814
0.977384, 2.93215, 0.0924935
1.0472, 2.93215, 0.087809
1.11701, 2.93215, 0.0833984
1.18682, 2.93215, 0.0792344
1.25664, 2.93215, 0.0752917
1.32645, 2.93215, 0.0715466
1.39626, 2.93215, 0.0679777
1.46608, 2.93215, 0.0645648
1.53589, 2.93215, 0.0612896
1.6057, 2.93215, 0.0581353
1.67552, 2.93215, 0.0550866
1.74533, 2.93215, 0.0521293
1.81514, 2.93215, 0.0492508
1.88496, 2.93215, 0.0464396
1.95477, 2.93215, 0.0436856
2.02458, 2.93215, 0.0409794
2.0944, 2.93215, 0.038313
2.16421, 2.93215, 0.0356792
2.23402, 2.93215, 0.0330717
2.30383, 2.93215, 0.0304852
2.37365, 2.93215, 0.0279149
2.44346, 2.93215, 0.0253571
2.51327, 2.93215, 0.0228085
2.58309, 2.93215, 0.0202663
2.6529, 2.93215, 0.0177287
2.72271, 2.93215, 0.0151939
2.79253, 2.93215, 0.0126607
2.86234, 2.93215, 0.0101284
2.93215, 2.93215, 0.00759632
3.00197, 2.93215, 0.0050643
3.07178, 2.93215, 0.00253219
0.0698132, 3.00197, 0.130598
0.139626, 3.00197, 0.122652
0.20944, 3.00197, 0.115287
0.279253, 3.00197, 0.108459
0.349066, 3.00197, 0.102128
0.418879, 3.00197, 0.0962547
0.488692, 3.00197, 0.0908024
0.558505, 3.00197, 0.0857373
0.628319, 3.00197, 0.0810276
0.698132, 3.00197, 0.0766434
0.767945, 3.00197, 0.072557
0.837758, 3.00197, 0.0687422
0.907571, 3.00197, 0.0651747
0.977384, 3.00197, 0.0618318
1.0472, 3.00197, 0.0586924
1.11701, 3.00197, 0.0557368
1.18682, 3.00197, 0.0529467
1.25664, 3.00197, 0.0503051
1.32645, 3.00197, 0.0477963
1.39626, 3.00197, 0.0454059
1.46608, 3.00197, 0.0431204
1.53589, 3.00197, 0.0409275
1.6057, 3.00197, 0.0388161
1.67552, 3.00197, 0.0367758
1.74533, 3.00197, 0.0347971
1.81514, 3.00197, 0.0328718
1.88496, 3.00197, 0.0309919
1.95477, 3.00197, 0.0291508
2.02458, 3.00197, 0.0273421
2.0944, 3.00197, 0.0255605
2.16421, 3.00197, 0.0238011
2.23402, 3.00197, 0.0220598
2.30383, 3.00197, 0.0203328
2.37365, 3.00197, 0.0186171
2.44346, 3.00197, 0.0169101
2.51327, 3.00197, 0.0152095
2.58309, 3.00197, 0.0135136
2.6529, 3.00197, 0.0118209
2.72271, 3.00197, 0.0101303
2.79253, 3.00197, 0.00844105
2.86234, 3.00197, 0.00675251
2.93215, 3.00197, 0.0050643
3.00197, 3.00197, 0.0033762
3.07178, 3.00197, 0.00168811
0.0698132, 3.07178, 0.0654564
0.139626, 3.07178, 0.0614715
0.20944, 3.07178, 0.057778
0.279253, 3.07178, 0.054354
0.349066, 3.07178, 0.0511787
0.418879, 3.07178, 0.0482329
0.488692, 3.07178, 0.0454982
0.558505, 3.07178, 0.0429577
0.628319, 3.07178, 0.0405953
0.698132, 3.07178, 0.0383963
0.767945, 3.07178, 0.0363465
0.837758, 3.07178, 0.0344331
0.907571, 3.07178, 0.0326436
0.977384, 3.07178, 0.0309669
1.0472, 3.07178, 0.0293923
1.11701, 3.07178, 0.0279099
1.18682, 3.07178, 0.0265106
1.25664, 3.07178, 0.0251858
1.32645, 3.07178, 0.0239278
1.39626, 3.07178, 0.0227293
1.46608, 3.07178, 0.0215834
1.53589, 3.07178, 0.0204842
1.6057, 3.07178, 0.0194259
1.67552, 3.07178, 0.0184034
1.74533, 3.07178, 0.0174119
1.81514, 3.07178, 0.0164473
1.88496, 3.07178, 0.0155057
1.95477, 3.07178, 0.0145836
2.02458, 3.07178, 0.0136779
2.0944, 3.07178, 0.0127859
2.16421, 3.07178, 0.0119051
2.23402, 3.07178, 0.0110335
2.30383, 3.07178, 0.0101693
2.37365, 3.07178, 0.00931076
2.44346, 3.07178, 0.00845669
2.51327, 3.07178, 0.00760595
2.58309, 3.07178, 0.00675762
2.6529, 3.07178, 0.005911
2.72271, 3.07178, 0.0050655
2.79253, 3.07178, 0.00422072
2.86234, 3.07178, 0.00337635
2.93215, 3.07178, 0.00253219
3.00197, 3.07178, 0.00168811
3.07178, 3.07178, 0.000844054
